sizebin,volumepc,timestamp,mCS,dv50_bin,vmd,fpf,rf,efpf,sGrade
0.10000020,0,2023-02-22T18:03:26Z,84.40425406564167,46,100.00019836,0.13567161917693998,0.24318130373953997,0.1011006188393,C
0.11659167,0,2023-02-22T18:03:26Z,84.40425406564167,46,100.00019836,0.13567161917693998,0.24318130373953997,0.1011006188393,C
0.13593590,0,2023-02-22T18:03:26Z,84.40425406564167,46,100.00019836,0.13567161917693998,0.24318130373953997,0.1011006188393,C
0.15848963,0,2023-02-22T18:03:26Z,84.40425406564167,46,100.00019836,0.13567161917693998,0.24318130373953997,0.1011006188393,C
0.18478534,0,2023-02-22T18:03:26Z,84.40425406564167,46,100.00019836,0.13567161917693998,0.24318130373953997,0.1011006188393,C
0.21544389,0,2023-02-22T18:03:26Z,84.40425406564167,46,100.00019836,0.13567161917693998,0.24318130373953997,0.1011006188393,C
0.25118914,0,2023-02-22T18:03:26Z,84.40425406564167,46,100.00019836,0.13567161917693998,0.24318130373953997,0.1011006188393,C
0.29286504,0,2023-02-22T18:03:26Z,84.40425406564167,46,100.00019836,0.13567161917693998,0.24318130373953997,0.1011006188393,C
0.34145555,0,2023-02-22T18:03:26Z,84.40425406564167,46,100.00019836,0.13567161917693998,0.24318130373953997,0.1011006188393,C
0.39810795,0,2023-02-22T18:03:26Z,84.40425406564167,46,100.00019836,0.13567161917693998,0.24318130373953997,0.1011006188393,C
0.46415979,0,2023-02-22T18:03:26Z,84.40425406564167,46,100.00019836,0.13567161917693998,0.24318130373953997,0.1011006188393,C
0.54117060,0,2023-02-22T18:03:26Z,84.40425406564167,46,100.00019836,0.13567161917693998,0.24318130373953997,0.1011006188393,C
0.63095856,0,2023-02-22T18:03:26Z,84.40425406564167,46,100.00019836,0.13567161917693998,0.24318130373953997,0.1011006188393,C
0.73564368,0,2023-02-22T18:03:26Z,84.40425406564167,46,100.00019836,0.13567161917693998,0.24318130373953997,0.1011006188393,C
0.85769761,0,2023-02-22T18:03:26Z,84.40425406564167,46,100.00019836,0.13567161917693998,0.24318130373953997,0.1011006188393,C
1.00000191,1.18486690521,2023-02-22T18:03:26Z,84.40425406564167,46,100.00019836,0.13567161917693998,0.24318130373953997,0.1011006188393,C
1.16591668,2.08850383759,2023-02-22T18:03:26Z,84.40425406564167,46,100.00019836,0.13567161917693998,0.24318130373953997,0.1011006188393,C
1.35935903,2.49271702766,2023-02-22T18:03:26Z,84.40425406564167,46,100.00019836,0.13567161917693998,0.24318130373953997,0.1011006188393,C
1.58489633,2.39794278145,2023-02-22T18:03:26Z,84.40425406564167,46,100.00019836,0.13567161917693998,0.24318130373953997,0.1011006188393,C
1.84785342,1.94603133202,2023-02-22T18:03:26Z,84.40425406564167,46,100.00019836,0.13567161917693998,0.24318130373953997,0.1011006188393,C
2.15443897,1.33774209023,2023-02-22T18:03:26Z,84.40425406564167,46,100.00019836,0.13567161917693998,0.24318130373953997,0.1011006188393,C
2.51189137,0.754086256027,2023-02-22T18:03:26Z,84.40425406564167,46,100.00019836,0.13567161917693998,0.24318130373953997,0.1011006188393,C
2.92865038,0.326060801744,2023-02-22T18:03:26Z,84.40425406564167,46,100.00019836,0.13567161917693998,0.24318130373953997,0.1011006188393,C
3.41455555,0.143135726452,2023-02-22T18:03:26Z,84.40425406564167,46,100.00019836,0.13567161917693998,0.24318130373953997,0.1011006188393,C
3.98107958,0.248600512743,2023-02-22T18:03:26Z,84.40425406564167,46,100.00019836,0.13567161917693998,0.24318130373953997,0.1011006188393,C
4.64159775,0.647474646568,2023-02-22T18:03:26Z,84.40425406564167,46,100.00019836,0.13567161917693998,0.24318130373953997,0.1011006188393,C
5.41170597,1.31231474876,2023-02-22T18:03:26Z,84.40425406564167,46,100.00019836,0.13567161917693998,0.24318130373953997,0.1011006188393,C
6.30958605,2.18639850616,2023-02-22T18:03:26Z,84.40425406564167,46,100.00019836,0.13567161917693998,0.24318130373953997,0.1011006188393,C
7.35643721,3.15897202492,2023-02-22T18:03:26Z,84.40425406564167,46,100.00019836,0.13567161917693998,0.24318130373953997,0.1011006188393,C
8.57697582,4.09328317642,2023-02-22T18:03:26Z,84.40425406564167,46,100.00019836,0.13567161917693998,0.24318130373953997,0.1011006188393,C
10.00002003,4.83518266678,2023-02-22T18:03:26Z,84.40425406564167,46,100.00019836,0.13567161917693998,0.24318130373953997,0.1011006188393,C
11.65916729,5.23339748383,2023-02-22T18:03:26Z,84.40425406564167,46,100.00019836,0.13567161917693998,0.24318130373953997,0.1011006188393,C
13.59359074,5.15784311295,2023-02-22T18:03:26Z,84.40425406564167,46,100.00019836,0.13567161917693998,0.24318130373953997,0.1011006188393,C
15.84896278,4.53125858307,2023-02-22T18:03:26Z,84.40425406564167,46,100.00019836,0.13567161917693998,0.24318130373953997,0.1011006188393,C
18.47853470,3.36879348755,2023-02-22T18:03:26Z,84.40425406564167,46,100.00019836,0.13567161917693998,0.24318130373953997,0.1011006188393,C
21.54438972,1.81535112858,2023-02-22T18:03:26Z,84.40425406564167,46,100.00019836,0.13567161917693998,0.24318130373953997,0.1011006188393,C
25.11891365,0.19370341301,2023-02-22T18:03:26Z,84.40425406564167,46,100.00019836,0.13567161917693998,0.24318130373953997,0.1011006188393,C
29.28650284,0,2023-02-22T18:03:26Z,84.40425406564167,46,100.00019836,0.13567161917693998,0.24318130373953997,0.1011006188393,C
34.14555740,0,2023-02-22T18:03:26Z,84.40425406564167,46,100.00019836,0.13567161917693998,0.24318130373953997,0.1011006188393,C
39.81079483,0,2023-02-22T18:03:26Z,84.40425406564167,46,100.00019836,0.13567161917693998,0.24318130373953997,0.1011006188393,C
46.41598129,0,2023-02-22T18:03:26Z,84.40425406564167,46,100.00019836,0.13567161917693998,0.24318130373953997,0.1011006188393,C
54.11705780,0,2023-02-22T18:03:26Z,84.40425406564167,46,100.00019836,0.13567161917693998,0.24318130373953997,0.1011006188393,C
63.09585953,0,2023-02-22T18:03:26Z,84.40425406564167,46,100.00019836,0.13567161917693998,0.24318130373953997,0.1011006188393,C
73.56436920,0,2023-02-22T18:03:26Z,84.40425406564167,46,100.00019836,0.13567161917693998,0.24318130373953997,0.1011006188393,C
85.76976013,0,2023-02-22T18:03:26Z,84.40425406564167,46,100.00019836,0.13567161917693998,0.24318130373953997,0.1011006188393,C
100.00019836,50.5463409424,2023-02-22T18:03:26Z,84.40425406564167,46,100.00019836,0.13567161917693998,0.24318130373953997,0.1011006188393,C
116.59166718,0,2023-02-22T18:03:26Z,84.40425406564167,46,100.00019836,0.13567161917693998,0.24318130373953997,0.1011006188393,C
135.93591309,0,2023-02-22T18:03:26Z,84.40425406564167,46,100.00019836,0.13567161917693998,0.24318130373953997,0.1011006188393,C
158.48962402,0,2023-02-22T18:03:26Z,84.40425406564167,46,100.00019836,0.13567161917693998,0.24318130373953997,0.1011006188393,C
184.78533936,0,2023-02-22T18:03:26Z,84.40425406564167,46,100.00019836,0.13567161917693998,0.24318130373953997,0.1011006188393,C
215.44389343,0,2023-02-22T18:03:26Z,84.40425406564167,46,100.00019836,0.13567161917693998,0.24318130373953997,0.1011006188393,C
251.18913269,0,2023-02-22T18:03:26Z,84.40425406564167,46,100.00019836,0.13567161917693998,0.24318130373953997,0.1011006188393,C
292.86502075,0,2023-02-22T18:03:26Z,84.40425406564167,46,100.00019836,0.13567161917693998,0.24318130373953997,0.1011006188393,C
341.45556641,0,2023-02-22T18:03:26Z,84.40425406564167,46,100.00019836,0.13567161917693998,0.24318130373953997,0.1011006188393,C
398.10794067,0,2023-02-22T18:03:26Z,84.40425406564167,46,100.00019836,0.13567161917693998,0.24318130373953997,0.1011006188393,C
464.15979004,0,2023-02-22T18:03:26Z,84.40425406564167,46,100.00019836,0.13567161917693998,0.24318130373953997,0.1011006188393,C
541.17059326,0,2023-02-22T18:03:26Z,84.40425406564167,46,100.00019836,0.13567161917693998,0.24318130373953997,0.1011006188393,C
630.95855713,0,2023-02-22T18:03:26Z,84.40425406564167,46,100.00019836,0.13567161917693998,0.24318130373953997,0.1011006188393,C
735.64367676,0,2023-02-22T18:03:26Z,84.40425406564167,46,100.00019836,0.13567161917693998,0.24318130373953997,0.1011006188393,C
857.69757080,0,2023-02-22T18:03:26Z,84.40425406564167,46,100.00019836,0.13567161917693998,0.24318130373953997,0.1011006188393,C
1000.00195313,0,2023-02-22T18:03:26Z,84.40425406564167,46,100.00019836,0.13567161917693998,0.24318130373953997,0.1011006188393,C
0.10000020,0,2023-02-22T18:03:27Z,118.54523595170001,46,100.00019836,0.113508214951,0.20804739572153,0.113508214951,C
0.11659167,0,2023-02-22T18:03:27Z,118.54523595170001,46,100.00019836,0.113508214951,0.20804739572153,0.113508214951,C
0.13593590,0,2023-02-22T18:03:27Z,118.54523595170001,46,100.00019836,0.113508214951,0.20804739572153,0.113508214951,C
0.15848963,0,2023-02-22T18:03:27Z,118.54523595170001,46,100.00019836,0.113508214951,0.20804739572153,0.113508214951,C
0.18478534,0,2023-02-22T18:03:27Z,118.54523595170001,46,100.00019836,0.113508214951,0.20804739572153,0.113508214951,C
0.21544389,0,2023-02-22T18:03:27Z,118.54523595170001,46,100.00019836,0.113508214951,0.20804739572153,0.113508214951,C
0.25118914,0,2023-02-22T18:03:27Z,118.54523595170001,46,100.00019836,0.113508214951,0.20804739572153,0.113508214951,C
0.29286504,0,2023-02-22T18:03:27Z,118.54523595170001,46,100.00019836,0.113508214951,0.20804739572153,0.113508214951,C
0.34145555,0,2023-02-22T18:03:27Z,118.54523595170001,46,100.00019836,0.113508214951,0.20804739572153,0.113508214951,C
0.39810795,0,2023-02-22T18:03:27Z,118.54523595170001,46,100.00019836,0.113508214951,0.20804739572153,0.113508214951,C
0.46415979,0,2023-02-22T18:03:27Z,118.54523595170001,46,100.00019836,0.113508214951,0.20804739572153,0.113508214951,C
0.54117060,0,2023-02-22T18:03:27Z,118.54523595170001,46,100.00019836,0.113508214951,0.20804739572153,0.113508214951,C
0.63095856,0,2023-02-22T18:03:27Z,118.54523595170001,46,100.00019836,0.113508214951,0.20804739572153,0.113508214951,C
0.73564368,0,2023-02-22T18:03:27Z,118.54523595170001,46,100.00019836,0.113508214951,0.20804739572153,0.113508214951,C
0.85769761,0,2023-02-22T18:03:27Z,118.54523595170001,46,100.00019836,0.113508214951,0.20804739572153,0.113508214951,C
1.00000191,0,2023-02-22T18:03:27Z,118.54523595170001,46,100.00019836,0.113508214951,0.20804739572153,0.113508214951,C
1.16591668,11.3508214951,2023-02-22T18:03:27Z,118.54523595170001,46,100.00019836,0.113508214951,0.20804739572153,0.113508214951,C
1.35935903,0,2023-02-22T18:03:27Z,118.54523595170001,46,100.00019836,0.113508214951,0.20804739572153,0.113508214951,C
1.58489633,0,2023-02-22T18:03:27Z,118.54523595170001,46,100.00019836,0.113508214951,0.20804739572153,0.113508214951,C
1.84785342,0,2023-02-22T18:03:27Z,118.54523595170001,46,100.00019836,0.113508214951,0.20804739572153,0.113508214951,C
2.15443897,0,2023-02-22T18:03:27Z,118.54523595170001,46,100.00019836,0.113508214951,0.20804739572153,0.113508214951,C
2.51189137,0,2023-02-22T18:03:27Z,118.54523595170001,46,100.00019836,0.113508214951,0.20804739572153,0.113508214951,C
2.92865038,0,2023-02-22T18:03:27Z,118.54523595170001,46,100.00019836,0.113508214951,0.20804739572153,0.113508214951,C
3.41455555,0,2023-02-22T18:03:27Z,118.54523595170001,46,100.00019836,0.113508214951,0.20804739572153,0.113508214951,C
3.98107958,0,2023-02-22T18:03:27Z,118.54523595170001,46,100.00019836,0.113508214951,0.20804739572153,0.113508214951,C
4.64159775,0,2023-02-22T18:03:27Z,118.54523595170001,46,100.00019836,0.113508214951,0.20804739572153,0.113508214951,C
5.41170597,0.115371204913,2023-02-22T18:03:27Z,118.54523595170001,46,100.00019836,0.113508214951,0.20804739572153,0.113508214951,C
6.30958605,1.60743033886,2023-02-22T18:03:27Z,118.54523595170001,46,100.00019836,0.113508214951,0.20804739572153,0.113508214951,C
7.35643721,3.27323079109,2023-02-22T18:03:27Z,118.54523595170001,46,100.00019836,0.113508214951,0.20804739572153,0.113508214951,C
8.57697582,4.45788574219,2023-02-22T18:03:27Z,118.54523595170001,46,100.00019836,0.113508214951,0.20804739572153,0.113508214951,C
10.00002003,4.71224975586,2023-02-22T18:03:27Z,118.54523595170001,46,100.00019836,0.113508214951,0.20804739572153,0.113508214951,C
11.65916729,4.02629423141,2023-02-22T18:03:27Z,118.54523595170001,46,100.00019836,0.113508214951,0.20804739572153,0.113508214951,C
13.59359074,2.78165817261,2023-02-22T18:03:27Z,118.54523595170001,46,100.00019836,0.113508214951,0.20804739572153,0.113508214951,C
15.84896278,1.5013628006,2023-02-22T18:03:27Z,118.54523595170001,46,100.00019836,0.113508214951,0.20804739572153,0.113508214951,C
18.47853470,0.565889298916,2023-02-22T18:03:27Z,118.54523595170001,46,100.00019836,0.113508214951,0.20804739572153,0.113508214951,C
21.54438972,0.0774065852165,2023-02-22T18:03:27Z,118.54523595170001,46,100.00019836,0.113508214951,0.20804739572153,0.113508214951,C
25.11891365,0,2023-02-22T18:03:27Z,118.54523595170001,46,100.00019836,0.113508214951,0.20804739572153,0.113508214951,C
29.28650284,0,2023-02-22T18:03:27Z,118.54523595170001,46,100.00019836,0.113508214951,0.20804739572153,0.113508214951,C
34.14555740,0,2023-02-22T18:03:27Z,118.54523595170001,46,100.00019836,0.113508214951,0.20804739572153,0.113508214951,C
39.81079483,0,2023-02-22T18:03:27Z,118.54523595170001,46,100.00019836,0.113508214951,0.20804739572153,0.113508214951,C
46.41598129,0,2023-02-22T18:03:27Z,118.54523595170001,46,100.00019836,0.113508214951,0.20804739572153,0.113508214951,C
54.11705780,0,2023-02-22T18:03:27Z,118.54523595170001,46,100.00019836,0.113508214951,0.20804739572153,0.113508214951,C
63.09585953,0,2023-02-22T18:03:27Z,118.54523595170001,46,100.00019836,0.113508214951,0.20804739572153,0.113508214951,C
73.56436920,0,2023-02-22T18:03:27Z,118.54523595170001,46,100.00019836,0.113508214951,0.20804739572153,0.113508214951,C
85.76976013,0,2023-02-22T18:03:27Z,118.54523595170001,46,100.00019836,0.113508214951,0.20804739572153,0.113508214951,C
100.00019836,65.5304031372,2023-02-22T18:03:27Z,118.54523595170001,46,100.00019836,0.113508214951,0.20804739572153,0.113508214951,C
116.59166718,0,2023-02-22T18:03:27Z,118.54523595170001,46,100.00019836,0.113508214951,0.20804739572153,0.113508214951,C
135.93591309,0,2023-02-22T18:03:27Z,118.54523595170001,46,100.00019836,0.113508214951,0.20804739572153,0.113508214951,C
158.48962402,0,2023-02-22T18:03:27Z,118.54523595170001,46,100.00019836,0.113508214951,0.20804739572153,0.113508214951,C
184.78533936,0,2023-02-22T18:03:27Z,118.54523595170001,46,100.00019836,0.113508214951,0.20804739572153,0.113508214951,C
215.44389343,0,2023-02-22T18:03:27Z,118.54523595170001,46,100.00019836,0.113508214951,0.20804739572153,0.113508214951,C
251.18913269,0,2023-02-22T18:03:27Z,118.54523595170001,46,100.00019836,0.113508214951,0.20804739572153,0.113508214951,C
292.86502075,0,2023-02-22T18:03:27Z,118.54523595170001,46,100.00019836,0.113508214951,0.20804739572153,0.113508214951,C
341.45556641,0,2023-02-22T18:03:27Z,118.54523595170001,46,100.00019836,0.113508214951,0.20804739572153,0.113508214951,C
398.10794067,0,2023-02-22T18:03:27Z,118.54523595170001,46,100.00019836,0.113508214951,0.20804739572153,0.113508214951,C
464.15979004,0,2023-02-22T18:03:27Z,118.54523595170001,46,100.00019836,0.113508214951,0.20804739572153,0.113508214951,C
541.17059326,0,2023-02-22T18:03:27Z,118.54523595170001,46,100.00019836,0.113508214951,0.20804739572153,0.113508214951,C
630.95855713,0,2023-02-22T18:03:27Z,118.54523595170001,46,100.00019836,0.113508214951,0.20804739572153,0.113508214951,C
735.64367676,0,2023-02-22T18:03:27Z,118.54523595170001,46,100.00019836,0.113508214951,0.20804739572153,0.113508214951,C
857.69757080,0,2023-02-22T18:03:27Z,118.54523595170001,46,100.00019836,0.113508214951,0.20804739572153,0.113508214951,C
1000.00195313,0,2023-02-22T18:03:27Z,118.54523595170001,46,100.00019836,0.113508214951,0.20804739572153,0.113508214951,C
0.10000020,0,2023-02-22T18:03:28Z,7.154007482861111,0,0,0,0,0,F
0.11659167,0,2023-02-22T18:03:28Z,7.154007482861111,0,0,0,0,0,F
0.13593590,0,2023-02-22T18:03:28Z,7.154007482861111,0,0,0,0,0,F
0.15848963,0,2023-02-22T18:03:28Z,7.154007482861111,0,0,0,0,0,F
0.18478534,0,2023-02-22T18:03:28Z,7.154007482861111,0,0,0,0,0,F
0.21544389,0,2023-02-22T18:03:28Z,7.154007482861111,0,0,0,0,0,F
0.25118914,0,2023-02-22T18:03:28Z,7.154007482861111,0,0,0,0,0,F
0.29286504,0,2023-02-22T18:03:28Z,7.154007482861111,0,0,0,0,0,F
0.34145555,0,2023-02-22T18:03:28Z,7.154007482861111,0,0,0,0,0,F
0.39810795,0,2023-02-22T18:03:28Z,7.154007482861111,0,0,0,0,0,F
0.46415979,0,2023-02-22T18:03:28Z,7.154007482861111,0,0,0,0,0,F
0.54117060,0,2023-02-22T18:03:28Z,7.154007482861111,0,0,0,0,0,F
0.63095856,0,2023-02-22T18:03:28Z,7.154007482861111,0,0,0,0,0,F
0.73564368,0,2023-02-22T18:03:28Z,7.154007482861111,0,0,0,0,0,F
0.85769761,0,2023-02-22T18:03:28Z,7.154007482861111,0,0,0,0,0,F
1.00000191,0,2023-02-22T18:03:28Z,7.154007482861111,0,0,0,0,0,F
1.16591668,0,2023-02-22T18:03:28Z,7.154007482861111,0,0,0,0,0,F
1.35935903,0,2023-02-22T18:03:28Z,7.154007482861111,0,0,0,0,0,F
1.58489633,0,2023-02-22T18:03:28Z,7.154007482861111,0,0,0,0,0,F
1.84785342,0,2023-02-22T18:03:28Z,7.154007482861111,0,0,0,0,0,F
2.15443897,0,2023-02-22T18:03:28Z,7.154007482861111,0,0,0,0,0,F
2.51189137,0,2023-02-22T18:03:28Z,7.154007482861111,0,0,0,0,0,F
2.92865038,0,2023-02-22T18:03:28Z,7.154007482861111,0,0,0,0,0,F
3.41455555,0,2023-02-22T18:03:28Z,7.154007482861111,0,0,0,0,0,F
3.98107958,0,2023-02-22T18:03:28Z,7.154007482861111,0,0,0,0,0,F
4.64159775,0,2023-02-22T18:03:28Z,7.154007482861111,0,0,0,0,0,F
5.41170597,0,2023-02-22T18:03:28Z,7.154007482861111,0,0,0,0,0,F
6.30958605,0,2023-02-22T18:03:28Z,7.154007482861111,0,0,0,0,0,F
7.35643721,0,2023-02-22T18:03:28Z,7.154007482861111,0,0,0,0,0,F
8.57697582,0,2023-02-22T18:03:28Z,7.154007482861111,0,0,0,0,0,F
10.00002003,0,2023-02-22T18:03:28Z,7.154007482861111,0,0,0,0,0,F
11.65916729,0,2023-02-22T18:03:28Z,7.154007482861111,0,0,0,0,0,F
13.59359074,0,2023-02-22T18:03:28Z,7.154007482861111,0,0,0,0,0,F
15.84896278,0,2023-02-22T18:03:28Z,7.154007482861111,0,0,0,0,0,F
18.47853470,0,2023-02-22T18:03:28Z,7.154007482861111,0,0,0,0,0,F
21.54438972,0,2023-02-22T18:03:28Z,7.154007482861111,0,0,0,0,0,F
25.11891365,0,2023-02-22T18:03:28Z,7.154007482861111,0,0,0,0,0,F
29.28650284,0,2023-02-22T18:03:28Z,7.154007482861111,0,0,0,0,0,F
34.14555740,0,2023-02-22T18:03:28Z,7.154007482861111,0,0,0,0,0,F
39.81079483,0,2023-02-22T18:03:28Z,7.154007482861111,0,0,0,0,0,F
46.41598129,0,2023-02-22T18:03:28Z,7.154007482861111,0,0,0,0,0,F
54.11705780,0,2023-02-22T18:03:28Z,7.154007482861111,0,0,0,0,0,F
63.09585953,0,2023-02-22T18:03:28Z,7.154007482861111,0,0,0,0,0,F
73.56436920,0,2023-02-22T18:03:28Z,7.154007482861111,0,0,0,0,0,F
85.76976013,0,2023-02-22T18:03:28Z,7.154007482861111,0,0,0,0,0,F
100.00019836,0,2023-02-22T18:03:28Z,7.154007482861111,0,0,0,0,0,F
116.59166718,0,2023-02-22T18:03:28Z,7.154007482861111,0,0,0,0,0,F
135.93591309,0,2023-02-22T18:03:28Z,7.154007482861111,0,0,0,0,0,F
158.48962402,0,2023-02-22T18:03:28Z,7.154007482861111,0,0,0,0,0,F
184.78533936,0,2023-02-22T18:03:28Z,7.154007482861111,0,0,0,0,0,F
215.44389343,0,2023-02-22T18:03:28Z,7.154007482861111,0,0,0,0,0,F
251.18913269,0,2023-02-22T18:03:28Z,7.154007482861111,0,0,0,0,0,F
292.86502075,0,2023-02-22T18:03:28Z,7.154007482861111,0,0,0,0,0,F
341.45556641,0,2023-02-22T18:03:28Z,7.154007482861111,0,0,0,0,0,F
398.10794067,0,2023-02-22T18:03:28Z,7.154007482861111,0,0,0,0,0,F
464.15979004,0,2023-02-22T18:03:28Z,7.154007482861111,0,0,0,0,0,F
541.17059326,0,2023-02-22T18:03:28Z,7.154007482861111,0,0,0,0,0,F
630.95855713,0,2023-02-22T18:03:28Z,7.154007482861111,0,0,0,0,0,F
735.64367676,0,2023-02-22T18:03:28Z,7.154007482861111,0,0,0,0,0,F
857.69757080,0,2023-02-22T18:03:28Z,7.154007482861111,0,0,0,0,0,F
1000.00195313,0,2023-02-22T18:03:28Z,7.154007482861111,0,0,0,0,0,F
0.10000020,0,2023-02-22T18:03:29Z,80.31777980595,46,100.00019836,0.14147299766501986,0.27921239376031987,0.14147299766501986,C
0.11659167,0,2023-02-22T18:03:29Z,80.31777980595,46,100.00019836,0.14147299766501986,0.27921239376031987,0.14147299766501986,C
0.13593590,0,2023-02-22T18:03:29Z,80.31777980595,46,100.00019836,0.14147299766501986,0.27921239376031987,0.14147299766501986,C
0.15848963,0,2023-02-22T18:03:29Z,80.31777980595,46,100.00019836,0.14147299766501986,0.27921239376031987,0.14147299766501986,C
0.18478534,0,2023-02-22T18:03:29Z,80.31777980595,46,100.00019836,0.14147299766501986,0.27921239376031987,0.14147299766501986,C
0.21544389,0,2023-02-22T18:03:29Z,80.31777980595,46,100.00019836,0.14147299766501986,0.27921239376031987,0.14147299766501986,C
0.25118914,0,2023-02-22T18:03:29Z,80.31777980595,46,100.00019836,0.14147299766501986,0.27921239376031987,0.14147299766501986,C
0.29286504,0,2023-02-22T18:03:29Z,80.31777980595,46,100.00019836,0.14147299766501986,0.27921239376031987,0.14147299766501986,C
0.34145555,0,2023-02-22T18:03:29Z,80.31777980595,46,100.00019836,0.14147299766501986,0.27921239376031987,0.14147299766501986,C
0.39810795,0,2023-02-22T18:03:29Z,80.31777980595,46,100.00019836,0.14147299766501986,0.27921239376031987,0.14147299766501986,C
0.46415979,0,2023-02-22T18:03:29Z,80.31777980595,46,100.00019836,0.14147299766501986,0.27921239376031987,0.14147299766501986,C
0.54117060,0,2023-02-22T18:03:29Z,80.31777980595,46,100.00019836,0.14147299766501986,0.27921239376031987,0.14147299766501986,C
0.63095856,0,2023-02-22T18:03:29Z,80.31777980595,46,100.00019836,0.14147299766501986,0.27921239376031987,0.14147299766501986,C
0.73564368,0,2023-02-22T18:03:29Z,80.31777980595,46,100.00019836,0.14147299766501986,0.27921239376031987,0.14147299766501986,C
0.85769761,0,2023-02-22T18:03:29Z,80.31777980595,46,100.00019836,0.14147299766501986,0.27921239376031987,0.14147299766501986,C
1.00000191,14.1472997665,2023-02-22T18:03:29Z,80.31777980595,46,100.00019836,0.14147299766501986,0.27921239376031987,0.14147299766501986,C
1.16591668,1.98714243844e-12,2023-02-22T18:03:29Z,80.31777980595,46,100.00019836,0.14147299766501986,0.27921239376031987,0.14147299766501986,C
1.35935903,7.00649232162e-43,2023-02-22T18:03:29Z,80.31777980595,46,100.00019836,0.14147299766501986,0.27921239376031987,0.14147299766501986,C
1.58489633,0,2023-02-22T18:03:29Z,80.31777980595,46,100.00019836,0.14147299766501986,0.27921239376031987,0.14147299766501986,C
1.84785342,0,2023-02-22T18:03:29Z,80.31777980595,46,100.00019836,0.14147299766501986,0.27921239376031987,0.14147299766501986,C
2.15443897,0,2023-02-22T18:03:29Z,80.31777980595,46,100.00019836,0.14147299766501986,0.27921239376031987,0.14147299766501986,C
2.51189137,0,2023-02-22T18:03:29Z,80.31777980595,46,100.00019836,0.14147299766501986,0.27921239376031987,0.14147299766501986,C
2.92865038,0,2023-02-22T18:03:29Z,80.31777980595,46,100.00019836,0.14147299766501986,0.27921239376031987,0.14147299766501986,C
3.41455555,0,2023-02-22T18:03:29Z,80.31777980595,46,100.00019836,0.14147299766501986,0.27921239376031987,0.14147299766501986,C
3.98107958,0,2023-02-22T18:03:29Z,80.31777980595,46,100.00019836,0.14147299766501986,0.27921239376031987,0.14147299766501986,C
4.64159775,0,2023-02-22T18:03:29Z,80.31777980595,46,100.00019836,0.14147299766501986,0.27921239376031987,0.14147299766501986,C
5.41170597,0,2023-02-22T18:03:29Z,80.31777980595,46,100.00019836,0.14147299766501986,0.27921239376031987,0.14147299766501986,C
6.30958605,2.1522974968,2023-02-22T18:03:29Z,80.31777980595,46,100.00019836,0.14147299766501986,0.27921239376031987,0.14147299766501986,C
7.35643721,5.70395231247,2023-02-22T18:03:29Z,80.31777980595,46,100.00019836,0.14147299766501986,0.27921239376031987,0.14147299766501986,C
8.57697582,5.91768980026,2023-02-22T18:03:29Z,80.31777980595,46,100.00019836,0.14147299766501986,0.27921239376031987,0.14147299766501986,C
10.00002003,3.83398079872,2023-02-22T18:03:29Z,80.31777980595,46,100.00019836,0.14147299766501986,0.27921239376031987,0.14147299766501986,C
11.65916729,1.6883546114,2023-02-22T18:03:29Z,80.31777980595,46,100.00019836,0.14147299766501986,0.27921239376031987,0.14147299766501986,C
13.59359074,0.509785413742,2023-02-22T18:03:29Z,80.31777980595,46,100.00019836,0.14147299766501986,0.27921239376031987,0.14147299766501986,C
15.84896278,0.101291701198,2023-02-22T18:03:29Z,80.31777980595,46,100.00019836,0.14147299766501986,0.27921239376031987,0.14147299766501986,C
18.47853470,0.0114346398041,2023-02-22T18:03:29Z,80.31777980595,46,100.00019836,0.14147299766501986,0.27921239376031987,0.14147299766501986,C
21.54438972,2.10434969631e-4,2023-02-22T18:03:29Z,80.31777980595,46,100.00019836,0.14147299766501986,0.27921239376031987,0.14147299766501986,C
25.11891365,0,2023-02-22T18:03:29Z,80.31777980595,46,100.00019836,0.14147299766501986,0.27921239376031987,0.14147299766501986,C
29.28650284,0,2023-02-22T18:03:29Z,80.31777980595,46,100.00019836,0.14147299766501986,0.27921239376031987,0.14147299766501986,C
34.14555740,0,2023-02-22T18:03:29Z,80.31777980595,46,100.00019836,0.14147299766501986,0.27921239376031987,0.14147299766501986,C
39.81079483,0,2023-02-22T18:03:29Z,80.31777980595,46,100.00019836,0.14147299766501986,0.27921239376031987,0.14147299766501986,C
46.41598129,0,2023-02-22T18:03:29Z,80.31777980595,46,100.00019836,0.14147299766501986,0.27921239376031987,0.14147299766501986,C
54.11705780,0,2023-02-22T18:03:29Z,80.31777980595,46,100.00019836,0.14147299766501986,0.27921239376031987,0.14147299766501986,C
63.09585953,0,2023-02-22T18:03:29Z,80.31777980595,46,100.00019836,0.14147299766501986,0.27921239376031987,0.14147299766501986,C
73.56436920,0,2023-02-22T18:03:29Z,80.31777980595,46,100.00019836,0.14147299766501986,0.27921239376031987,0.14147299766501986,C
85.76976013,0,2023-02-22T18:03:29Z,80.31777980595,46,100.00019836,0.14147299766501986,0.27921239376031987,0.14147299766501986,C
100.00019836,65.9337005615,2023-02-22T18:03:29Z,80.31777980595,46,100.00019836,0.14147299766501986,0.27921239376031987,0.14147299766501986,C
116.59166718,0,2023-02-22T18:03:29Z,80.31777980595,46,100.00019836,0.14147299766501986,0.27921239376031987,0.14147299766501986,C
135.93591309,0,2023-02-22T18:03:29Z,80.31777980595,46,100.00019836,0.14147299766501986,0.27921239376031987,0.14147299766501986,C
158.48962402,0,2023-02-22T18:03:29Z,80.31777980595,46,100.00019836,0.14147299766501986,0.27921239376031987,0.14147299766501986,C
184.78533936,0,2023-02-22T18:03:29Z,80.31777980595,46,100.00019836,0.14147299766501986,0.27921239376031987,0.14147299766501986,C
215.44389343,0,2023-02-22T18:03:29Z,80.31777980595,46,100.00019836,0.14147299766501986,0.27921239376031987,0.14147299766501986,C
251.18913269,0,2023-02-22T18:03:29Z,80.31777980595,46,100.00019836,0.14147299766501986,0.27921239376031987,0.14147299766501986,C
292.86502075,0,2023-02-22T18:03:29Z,80.31777980595,46,100.00019836,0.14147299766501986,0.27921239376031987,0.14147299766501986,C
341.45556641,0,2023-02-22T18:03:29Z,80.31777980595,46,100.00019836,0.14147299766501986,0.27921239376031987,0.14147299766501986,C
398.10794067,0,2023-02-22T18:03:29Z,80.31777980595,46,100.00019836,0.14147299766501986,0.27921239376031987,0.14147299766501986,C
464.15979004,0,2023-02-22T18:03:29Z,80.31777980595,46,100.00019836,0.14147299766501986,0.27921239376031987,0.14147299766501986,C
541.17059326,0,2023-02-22T18:03:29Z,80.31777980595,46,100.00019836,0.14147299766501986,0.27921239376031987,0.14147299766501986,C
630.95855713,0,2023-02-22T18:03:29Z,80.31777980595,46,100.00019836,0.14147299766501986,0.27921239376031987,0.14147299766501986,C
735.64367676,0,2023-02-22T18:03:29Z,80.31777980595,46,100.00019836,0.14147299766501986,0.27921239376031987,0.14147299766501986,C
857.69757080,0,2023-02-22T18:03:29Z,80.31777980595,46,100.00019836,0.14147299766501986,0.27921239376031987,0.14147299766501986,C
1000.00195313,0,2023-02-22T18:03:29Z,80.31777980595,46,100.00019836,0.14147299766501986,0.27921239376031987,0.14147299766501986,C
0.10000020,0,2023-02-22T18:03:30Z,128.0754761166111,46,100.00019836,0.106556406021,0.13613135233505,0.106556406021,C
0.11659167,0,2023-02-22T18:03:30Z,128.0754761166111,46,100.00019836,0.106556406021,0.13613135233505,0.106556406021,C
0.13593590,0,2023-02-22T18:03:30Z,128.0754761166111,46,100.00019836,0.106556406021,0.13613135233505,0.106556406021,C
0.15848963,0,2023-02-22T18:03:30Z,128.0754761166111,46,100.00019836,0.106556406021,0.13613135233505,0.106556406021,C
0.18478534,0,2023-02-22T18:03:30Z,128.0754761166111,46,100.00019836,0.106556406021,0.13613135233505,0.106556406021,C
0.21544389,0,2023-02-22T18:03:30Z,128.0754761166111,46,100.00019836,0.106556406021,0.13613135233505,0.106556406021,C
0.25118914,0,2023-02-22T18:03:30Z,128.0754761166111,46,100.00019836,0.106556406021,0.13613135233505,0.106556406021,C
0.29286504,0,2023-02-22T18:03:30Z,128.0754761166111,46,100.00019836,0.106556406021,0.13613135233505,0.106556406021,C
0.34145555,0,2023-02-22T18:03:30Z,128.0754761166111,46,100.00019836,0.106556406021,0.13613135233505,0.106556406021,C
0.39810795,0,2023-02-22T18:03:30Z,128.0754761166111,46,100.00019836,0.106556406021,0.13613135233505,0.106556406021,C
0.46415979,0,2023-02-22T18:03:30Z,128.0754761166111,46,100.00019836,0.106556406021,0.13613135233505,0.106556406021,C
0.54117060,0,2023-02-22T18:03:30Z,128.0754761166111,46,100.00019836,0.106556406021,0.13613135233505,0.106556406021,C
0.63095856,0,2023-02-22T18:03:30Z,128.0754761166111,46,100.00019836,0.106556406021,0.13613135233505,0.106556406021,C
0.73564368,0,2023-02-22T18:03:30Z,128.0754761166111,46,100.00019836,0.106556406021,0.13613135233505,0.106556406021,C
0.85769761,0,2023-02-22T18:03:30Z,128.0754761166111,46,100.00019836,0.106556406021,0.13613135233505,0.106556406021,C
1.00000191,0,2023-02-22T18:03:30Z,128.0754761166111,46,100.00019836,0.106556406021,0.13613135233505,0.106556406021,C
1.16591668,0,2023-02-22T18:03:30Z,128.0754761166111,46,100.00019836,0.106556406021,0.13613135233505,0.106556406021,C
1.35935903,10.6556406021,2023-02-22T18:03:30Z,128.0754761166111,46,100.00019836,0.106556406021,0.13613135233505,0.106556406021,C
1.58489633,0,2023-02-22T18:03:30Z,128.0754761166111,46,100.00019836,0.106556406021,0.13613135233505,0.106556406021,C
1.84785342,0,2023-02-22T18:03:30Z,128.0754761166111,46,100.00019836,0.106556406021,0.13613135233505,0.106556406021,C
2.15443897,0,2023-02-22T18:03:30Z,128.0754761166111,46,100.00019836,0.106556406021,0.13613135233505,0.106556406021,C
2.51189137,0,2023-02-22T18:03:30Z,128.0754761166111,46,100.00019836,0.106556406021,0.13613135233505,0.106556406021,C
2.92865038,0,2023-02-22T18:03:30Z,128.0754761166111,46,100.00019836,0.106556406021,0.13613135233505,0.106556406021,C
3.41455555,0,2023-02-22T18:03:30Z,128.0754761166111,46,100.00019836,0.106556406021,0.13613135233505,0.106556406021,C
3.98107958,0,2023-02-22T18:03:30Z,128.0754761166111,46,100.00019836,0.106556406021,0.13613135233505,0.106556406021,C
4.64159775,0,2023-02-22T18:03:30Z,128.0754761166111,46,100.00019836,0.106556406021,0.13613135233505,0.106556406021,C
5.41170597,0,2023-02-22T18:03:30Z,128.0754761166111,46,100.00019836,0.106556406021,0.13613135233505,0.106556406021,C
6.30958605,0.140981271863,2023-02-22T18:03:30Z,128.0754761166111,46,100.00019836,0.106556406021,0.13613135233505,0.106556406021,C
7.35643721,0.807451546192,2023-02-22T18:03:30Z,128.0754761166111,46,100.00019836,0.106556406021,0.13613135233505,0.106556406021,C
8.57697582,2.00906181335,2023-02-22T18:03:30Z,128.0754761166111,46,100.00019836,0.106556406021,0.13613135233505,0.106556406021,C
10.00002003,3.42774510384,2023-02-22T18:03:30Z,128.0754761166111,46,100.00019836,0.106556406021,0.13613135233505,0.106556406021,C
11.65916729,4.37657737732,2023-02-22T18:03:30Z,128.0754761166111,46,100.00019836,0.106556406021,0.13613135233505,0.106556406021,C
13.59359074,4.24383544922,2023-02-22T18:03:30Z,128.0754761166111,46,100.00019836,0.106556406021,0.13613135233505,0.106556406021,C
15.84896278,3.03385210037,2023-02-22T18:03:30Z,128.0754761166111,46,100.00019836,0.106556406021,0.13613135233505,0.106556406021,C
18.47853470,1.42473232746,2023-02-22T18:03:30Z,128.0754761166111,46,100.00019836,0.106556406021,0.13613135233505,0.106556406021,C
21.54438972,0.210788175464,2023-02-22T18:03:30Z,128.0754761166111,46,100.00019836,0.106556406021,0.13613135233505,0.106556406021,C
25.11891365,0,2023-02-22T18:03:30Z,128.0754761166111,46,100.00019836,0.106556406021,0.13613135233505,0.106556406021,C
29.28650284,0,2023-02-22T18:03:30Z,128.0754761166111,46,100.00019836,0.106556406021,0.13613135233505,0.106556406021,C
34.14555740,0,2023-02-22T18:03:30Z,128.0754761166111,46,100.00019836,0.106556406021,0.13613135233505,0.106556406021,C
39.81079483,0,2023-02-22T18:03:30Z,128.0754761166111,46,100.00019836,0.106556406021,0.13613135233505,0.106556406021,C
46.41598129,0,2023-02-22T18:03:30Z,128.0754761166111,46,100.00019836,0.106556406021,0.13613135233505,0.106556406021,C
54.11705780,0,2023-02-22T18:03:30Z,128.0754761166111,46,100.00019836,0.106556406021,0.13613135233505,0.106556406021,C
63.09585953,0,2023-02-22T18:03:30Z,128.0754761166111,46,100.00019836,0.106556406021,0.13613135233505,0.106556406021,C
73.56436920,0,2023-02-22T18:03:30Z,128.0754761166111,46,100.00019836,0.106556406021,0.13613135233505,0.106556406021,C
85.76976013,0,2023-02-22T18:03:30Z,128.0754761166111,46,100.00019836,0.106556406021,0.13613135233505,0.106556406021,C
100.00019836,69.6693344116,2023-02-22T18:03:30Z,128.0754761166111,46,100.00019836,0.106556406021,0.13613135233505,0.106556406021,C
116.59166718,0,2023-02-22T18:03:30Z,128.0754761166111,46,100.00019836,0.106556406021,0.13613135233505,0.106556406021,C
135.93591309,0,2023-02-22T18:03:30Z,128.0754761166111,46,100.00019836,0.106556406021,0.13613135233505,0.106556406021,C
158.48962402,0,2023-02-22T18:03:30Z,128.0754761166111,46,100.00019836,0.106556406021,0.13613135233505,0.106556406021,C
184.78533936,0,2023-02-22T18:03:30Z,128.0754761166111,46,100.00019836,0.106556406021,0.13613135233505,0.106556406021,C
215.44389343,0,2023-02-22T18:03:30Z,128.0754761166111,46,100.00019836,0.106556406021,0.13613135233505,0.106556406021,C
251.18913269,0,2023-02-22T18:03:30Z,128.0754761166111,46,100.00019836,0.106556406021,0.13613135233505,0.106556406021,C
292.86502075,0,2023-02-22T18:03:30Z,128.0754761166111,46,100.00019836,0.106556406021,0.13613135233505,0.106556406021,C
341.45556641,0,2023-02-22T18:03:30Z,128.0754761166111,46,100.00019836,0.106556406021,0.13613135233505,0.106556406021,C
398.10794067,0,2023-02-22T18:03:30Z,128.0754761166111,46,100.00019836,0.106556406021,0.13613135233505,0.106556406021,C
464.15979004,0,2023-02-22T18:03:30Z,128.0754761166111,46,100.00019836,0.106556406021,0.13613135233505,0.106556406021,C
541.17059326,0,2023-02-22T18:03:30Z,128.0754761166111,46,100.00019836,0.106556406021,0.13613135233505,0.106556406021,C
630.95855713,0,2023-02-22T18:03:30Z,128.0754761166111,46,100.00019836,0.106556406021,0.13613135233505,0.106556406021,C
735.64367676,0,2023-02-22T18:03:30Z,128.0754761166111,46,100.00019836,0.106556406021,0.13613135233505,0.106556406021,C
857.69757080,0,2023-02-22T18:03:30Z,128.0754761166111,46,100.00019836,0.106556406021,0.13613135233505,0.106556406021,C
1000.00195313,0,2023-02-22T18:03:30Z,128.0754761166111,46,100.00019836,0.106556406021,0.13613135233505,0.106556406021,C
0.10000020,0,2023-02-22T18:03:31Z,156.61508040954445,46,100.00019836,0.1194530999658,0.14735110282869,0.1194530999658,B
0.11659167,0,2023-02-22T18:03:31Z,156.61508040954445,46,100.00019836,0.1194530999658,0.14735110282869,0.1194530999658,B
0.13593590,0,2023-02-22T18:03:31Z,156.61508040954445,46,100.00019836,0.1194530999658,0.14735110282869,0.1194530999658,B
0.15848963,0,2023-02-22T18:03:31Z,156.61508040954445,46,100.00019836,0.1194530999658,0.14735110282869,0.1194530999658,B
0.18478534,0,2023-02-22T18:03:31Z,156.61508040954445,46,100.00019836,0.1194530999658,0.14735110282869,0.1194530999658,B
0.21544389,0,2023-02-22T18:03:31Z,156.61508040954445,46,100.00019836,0.1194530999658,0.14735110282869,0.1194530999658,B
0.25118914,0,2023-02-22T18:03:31Z,156.61508040954445,46,100.00019836,0.1194530999658,0.14735110282869,0.1194530999658,B
0.29286504,0,2023-02-22T18:03:31Z,156.61508040954445,46,100.00019836,0.1194530999658,0.14735110282869,0.1194530999658,B
0.34145555,0,2023-02-22T18:03:31Z,156.61508040954445,46,100.00019836,0.1194530999658,0.14735110282869,0.1194530999658,B
0.39810795,0,2023-02-22T18:03:31Z,156.61508040954445,46,100.00019836,0.1194530999658,0.14735110282869,0.1194530999658,B
0.46415979,0,2023-02-22T18:03:31Z,156.61508040954445,46,100.00019836,0.1194530999658,0.14735110282869,0.1194530999658,B
0.54117060,0,2023-02-22T18:03:31Z,156.61508040954445,46,100.00019836,0.1194530999658,0.14735110282869,0.1194530999658,B
0.63095856,0,2023-02-22T18:03:31Z,156.61508040954445,46,100.00019836,0.1194530999658,0.14735110282869,0.1194530999658,B
0.73564368,0,2023-02-22T18:03:31Z,156.61508040954445,46,100.00019836,0.1194530999658,0.14735110282869,0.1194530999658,B
0.85769761,0,2023-02-22T18:03:31Z,156.61508040954445,46,100.00019836,0.1194530999658,0.14735110282869,0.1194530999658,B
1.00000191,0,2023-02-22T18:03:31Z,156.61508040954445,46,100.00019836,0.1194530999658,0.14735110282869,0.1194530999658,B
1.16591668,4.20389539297e-43,2023-02-22T18:03:31Z,156.61508040954445,46,100.00019836,0.1194530999658,0.14735110282869,0.1194530999658,B
1.35935903,10.6832399368,2023-02-22T18:03:31Z,156.61508040954445,46,100.00019836,0.1194530999658,0.14735110282869,0.1194530999658,B
1.58489633,1.26207005978,2023-02-22T18:03:31Z,156.61508040954445,46,100.00019836,0.1194530999658,0.14735110282869,0.1194530999658,B
1.84785342,3.11850888304e-36,2023-02-22T18:03:31Z,156.61508040954445,46,100.00019836,0.1194530999658,0.14735110282869,0.1194530999658,B
2.15443897,0,2023-02-22T18:03:31Z,156.61508040954445,46,100.00019836,0.1194530999658,0.14735110282869,0.1194530999658,B
2.51189137,0,2023-02-22T18:03:31Z,156.61508040954445,46,100.00019836,0.1194530999658,0.14735110282869,0.1194530999658,B
2.92865038,0,2023-02-22T18:03:31Z,156.61508040954445,46,100.00019836,0.1194530999658,0.14735110282869,0.1194530999658,B
3.41455555,0,2023-02-22T18:03:31Z,156.61508040954445,46,100.00019836,0.1194530999658,0.14735110282869,0.1194530999658,B
3.98107958,0,2023-02-22T18:03:31Z,156.61508040954445,46,100.00019836,0.1194530999658,0.14735110282869,0.1194530999658,B
4.64159775,0,2023-02-22T18:03:31Z,156.61508040954445,46,100.00019836,0.1194530999658,0.14735110282869,0.1194530999658,B
5.41170597,0,2023-02-22T18:03:31Z,156.61508040954445,46,100.00019836,0.1194530999658,0.14735110282869,0.1194530999658,B
6.30958605,0.207025110722,2023-02-22T18:03:31Z,156.61508040954445,46,100.00019836,0.1194530999658,0.14735110282869,0.1194530999658,B
7.35643721,0.798096239567,2023-02-22T18:03:31Z,156.61508040954445,46,100.00019836,0.1194530999658,0.14735110282869,0.1194530999658,B
8.57697582,1.784678936,2023-02-22T18:03:31Z,156.61508040954445,46,100.00019836,0.1194530999658,0.14735110282869,0.1194530999658,B
10.00002003,3.01711988449,2023-02-22T18:03:31Z,156.61508040954445,46,100.00019836,0.1194530999658,0.14735110282869,0.1194530999658,B
11.65916729,4.11462497711,2023-02-22T18:03:31Z,156.61508040954445,46,100.00019836,0.1194530999658,0.14735110282869,0.1194530999658,B
13.59359074,4.58055305481,2023-02-22T18:03:31Z,156.61508040954445,46,100.00019836,0.1194530999658,0.14735110282869,0.1194530999658,B
15.84896278,4.07061052322,2023-02-22T18:03:31Z,156.61508040954445,46,100.00019836,0.1194530999658,0.14735110282869,0.1194530999658,B
18.47853470,2.66183686256,2023-02-22T18:03:31Z,156.61508040954445,46,100.00019836,0.1194530999658,0.14735110282869,0.1194530999658,B
21.54438972,0.889292478561,2023-02-22T18:03:31Z,156.61508040954445,46,100.00019836,0.1194530999658,0.14735110282869,0.1194530999658,B
25.11891365,0,2023-02-22T18:03:31Z,156.61508040954445,46,100.00019836,0.1194530999658,0.14735110282869,0.1194530999658,B
29.28650284,0,2023-02-22T18:03:31Z,156.61508040954445,46,100.00019836,0.1194530999658,0.14735110282869,0.1194530999658,B
34.14555740,0,2023-02-22T18:03:31Z,156.61508040954445,46,100.00019836,0.1194530999658,0.14735110282869,0.1194530999658,B
39.81079483,0,2023-02-22T18:03:31Z,156.61508040954445,46,100.00019836,0.1194530999658,0.14735110282869,0.1194530999658,B
46.41598129,0,2023-02-22T18:03:31Z,156.61508040954445,46,100.00019836,0.1194530999658,0.14735110282869,0.1194530999658,B
54.11705780,0,2023-02-22T18:03:31Z,156.61508040954445,46,100.00019836,0.1194530999658,0.14735110282869,0.1194530999658,B
63.09585953,0,2023-02-22T18:03:31Z,156.61508040954445,46,100.00019836,0.1194530999658,0.14735110282869,0.1194530999658,B
73.56436920,0,2023-02-22T18:03:31Z,156.61508040954445,46,100.00019836,0.1194530999658,0.14735110282869,0.1194530999658,B
85.76976013,0,2023-02-22T18:03:31Z,156.61508040954445,46,100.00019836,0.1194530999658,0.14735110282869,0.1194530999658,B
100.00019836,65.930847168,2023-02-22T18:03:31Z,156.61508040954445,46,100.00019836,0.1194530999658,0.14735110282869,0.1194530999658,B
116.59166718,0,2023-02-22T18:03:31Z,156.61508040954445,46,100.00019836,0.1194530999658,0.14735110282869,0.1194530999658,B
135.93591309,0,2023-02-22T18:03:31Z,156.61508040954445,46,100.00019836,0.1194530999658,0.14735110282869,0.1194530999658,B
158.48962402,0,2023-02-22T18:03:31Z,156.61508040954445,46,100.00019836,0.1194530999658,0.14735110282869,0.1194530999658,B
184.78533936,0,2023-02-22T18:03:31Z,156.61508040954445,46,100.00019836,0.1194530999658,0.14735110282869,0.1194530999658,B
215.44389343,0,2023-02-22T18:03:31Z,156.61508040954445,46,100.00019836,0.1194530999658,0.14735110282869,0.1194530999658,B
251.18913269,0,2023-02-22T18:03:31Z,156.61508040954445,46,100.00019836,0.1194530999658,0.14735110282869,0.1194530999658,B
292.86502075,0,2023-02-22T18:03:31Z,156.61508040954445,46,100.00019836,0.1194530999658,0.14735110282869,0.1194530999658,B
341.45556641,0,2023-02-22T18:03:31Z,156.61508040954445,46,100.00019836,0.1194530999658,0.14735110282869,0.1194530999658,B
398.10794067,0,2023-02-22T18:03:31Z,156.61508040954445,46,100.00019836,0.1194530999658,0.14735110282869,0.1194530999658,B
464.15979004,0,2023-02-22T18:03:31Z,156.61508040954445,46,100.00019836,0.1194530999658,0.14735110282869,0.1194530999658,B
541.17059326,0,2023-02-22T18:03:31Z,156.61508040954445,46,100.00019836,0.1194530999658,0.14735110282869,0.1194530999658,B
630.95855713,0,2023-02-22T18:03:31Z,156.61508040954445,46,100.00019836,0.1194530999658,0.14735110282869,0.1194530999658,B
735.64367676,0,2023-02-22T18:03:31Z,156.61508040954445,46,100.00019836,0.1194530999658,0.14735110282869,0.1194530999658,B
857.69757080,0,2023-02-22T18:03:31Z,156.61508040954445,46,100.00019836,0.1194530999658,0.14735110282869,0.1194530999658,B
1000.00195313,0,2023-02-22T18:03:31Z,156.61508040954445,46,100.00019836,0.1194530999658,0.14735110282869,0.1194530999658,B
0.10000020,0,2023-02-22T18:03:32Z,169.107320043775,46,100.00019836,0.12099313735999999,0.16962886810342998,0.12099313735999999,B
0.11659167,0,2023-02-22T18:03:32Z,169.107320043775,46,100.00019836,0.12099313735999999,0.16962886810342998,0.12099313735999999,B
0.13593590,0,2023-02-22T18:03:32Z,169.107320043775,46,100.00019836,0.12099313735999999,0.16962886810342998,0.12099313735999999,B
0.15848963,0,2023-02-22T18:03:32Z,169.107320043775,46,100.00019836,0.12099313735999999,0.16962886810342998,0.12099313735999999,B
0.18478534,0,2023-02-22T18:03:32Z,169.107320043775,46,100.00019836,0.12099313735999999,0.16962886810342998,0.12099313735999999,B
0.21544389,0,2023-02-22T18:03:32Z,169.107320043775,46,100.00019836,0.12099313735999999,0.16962886810342998,0.12099313735999999,B
0.25118914,0,2023-02-22T18:03:32Z,169.107320043775,46,100.00019836,0.12099313735999999,0.16962886810342998,0.12099313735999999,B
0.29286504,0,2023-02-22T18:03:32Z,169.107320043775,46,100.00019836,0.12099313735999999,0.16962886810342998,0.12099313735999999,B
0.34145555,0,2023-02-22T18:03:32Z,169.107320043775,46,100.00019836,0.12099313735999999,0.16962886810342998,0.12099313735999999,B
0.39810795,0,2023-02-22T18:03:32Z,169.107320043775,46,100.00019836,0.12099313735999999,0.16962886810342998,0.12099313735999999,B
0.46415979,0,2023-02-22T18:03:32Z,169.107320043775,46,100.00019836,0.12099313735999999,0.16962886810342998,0.12099313735999999,B
0.54117060,0,2023-02-22T18:03:32Z,169.107320043775,46,100.00019836,0.12099313735999999,0.16962886810342998,0.12099313735999999,B
0.63095856,0,2023-02-22T18:03:32Z,169.107320043775,46,100.00019836,0.12099313735999999,0.16962886810342998,0.12099313735999999,B
0.73564368,0,2023-02-22T18:03:32Z,169.107320043775,46,100.00019836,0.12099313735999999,0.16962886810342998,0.12099313735999999,B
0.85769761,0,2023-02-22T18:03:32Z,169.107320043775,46,100.00019836,0.12099313735999999,0.16962886810342998,0.12099313735999999,B
1.00000191,0,2023-02-22T18:03:32Z,169.107320043775,46,100.00019836,0.12099313735999999,0.16962886810342998,0.12099313735999999,B
1.16591668,12.099313736,2023-02-22T18:03:32Z,169.107320043775,46,100.00019836,0.12099313735999999,0.16962886810342998,0.12099313735999999,B
1.35935903,0,2023-02-22T18:03:32Z,169.107320043775,46,100.00019836,0.12099313735999999,0.16962886810342998,0.12099313735999999,B
1.58489633,0,2023-02-22T18:03:32Z,169.107320043775,46,100.00019836,0.12099313735999999,0.16962886810342998,0.12099313735999999,B
1.84785342,0,2023-02-22T18:03:32Z,169.107320043775,46,100.00019836,0.12099313735999999,0.16962886810342998,0.12099313735999999,B
2.15443897,0,2023-02-22T18:03:32Z,169.107320043775,46,100.00019836,0.12099313735999999,0.16962886810342998,0.12099313735999999,B
2.51189137,0,2023-02-22T18:03:32Z,169.107320043775,46,100.00019836,0.12099313735999999,0.16962886810342998,0.12099313735999999,B
2.92865038,0,2023-02-22T18:03:32Z,169.107320043775,46,100.00019836,0.12099313735999999,0.16962886810342998,0.12099313735999999,B
3.41455555,0,2023-02-22T18:03:32Z,169.107320043775,46,100.00019836,0.12099313735999999,0.16962886810342998,0.12099313735999999,B
3.98107958,0,2023-02-22T18:03:32Z,169.107320043775,46,100.00019836,0.12099313735999999,0.16962886810342998,0.12099313735999999,B
4.64159775,0,2023-02-22T18:03:32Z,169.107320043775,46,100.00019836,0.12099313735999999,0.16962886810342998,0.12099313735999999,B
5.41170597,0,2023-02-22T18:03:32Z,169.107320043775,46,100.00019836,0.12099313735999999,0.16962886810342998,0.12099313735999999,B
6.30958605,0.376455903053,2023-02-22T18:03:32Z,169.107320043775,46,100.00019836,0.12099313735999999,0.16962886810342998,0.12099313735999999,B
7.35643721,1.52661430836,2023-02-22T18:03:32Z,169.107320043775,46,100.00019836,0.12099313735999999,0.16962886810342998,0.12099313735999999,B
8.57697582,2.96050286293,2023-02-22T18:03:32Z,169.107320043775,46,100.00019836,0.12099313735999999,0.16962886810342998,0.12099313735999999,B
10.00002003,4.11346578598,2023-02-22T18:03:32Z,169.107320043775,46,100.00019836,0.12099313735999999,0.16962886810342998,0.12099313735999999,B
11.65916729,4.44238185883,2023-02-22T18:03:32Z,169.107320043775,46,100.00019836,0.12099313735999999,0.16962886810342998,0.12099313735999999,B
13.59359074,3.7813835144,2023-02-22T18:03:32Z,169.107320043775,46,100.00019836,0.12099313735999999,0.16962886810342998,0.12099313735999999,B
15.84896278,2.47001481056,2023-02-22T18:03:32Z,169.107320043775,46,100.00019836,0.12099313735999999,0.16962886810342998,0.12099313735999999,B
18.47853470,1.11974751949,2023-02-22T18:03:32Z,169.107320043775,46,100.00019836,0.12099313735999999,0.16962886810342998,0.12099313735999999,B
21.54438972,0.205631524324,2023-02-22T18:03:32Z,169.107320043775,46,100.00019836,0.12099313735999999,0.16962886810342998,0.12099313735999999,B
25.11891365,0,2023-02-22T18:03:32Z,169.107320043775,46,100.00019836,0.12099313735999999,0.16962886810342998,0.12099313735999999,B
29.28650284,0,2023-02-22T18:03:32Z,169.107320043775,46,100.00019836,0.12099313735999999,0.16962886810342998,0.12099313735999999,B
34.14555740,0,2023-02-22T18:03:32Z,169.107320043775,46,100.00019836,0.12099313735999999,0.16962886810342998,0.12099313735999999,B
39.81079483,0,2023-02-22T18:03:32Z,169.107320043775,46,100.00019836,0.12099313735999999,0.16962886810342998,0.12099313735999999,B
46.41598129,0,2023-02-22T18:03:32Z,169.107320043775,46,100.00019836,0.12099313735999999,0.16962886810342998,0.12099313735999999,B
54.11705780,0,2023-02-22T18:03:32Z,169.107320043775,46,100.00019836,0.12099313735999999,0.16962886810342998,0.12099313735999999,B
63.09585953,0,2023-02-22T18:03:32Z,169.107320043775,46,100.00019836,0.12099313735999999,0.16962886810342998,0.12099313735999999,B
73.56436920,0,2023-02-22T18:03:32Z,169.107320043775,46,100.00019836,0.12099313735999999,0.16962886810342998,0.12099313735999999,B
85.76976013,0,2023-02-22T18:03:32Z,169.107320043775,46,100.00019836,0.12099313735999999,0.16962886810342998,0.12099313735999999,B
100.00019836,66.9044876099,2023-02-22T18:03:32Z,169.107320043775,46,100.00019836,0.12099313735999999,0.16962886810342998,0.12099313735999999,B
116.59166718,0,2023-02-22T18:03:32Z,169.107320043775,46,100.00019836,0.12099313735999999,0.16962886810342998,0.12099313735999999,B
135.93591309,0,2023-02-22T18:03:32Z,169.107320043775,46,100.00019836,0.12099313735999999,0.16962886810342998,0.12099313735999999,B
158.48962402,0,2023-02-22T18:03:32Z,169.107320043775,46,100.00019836,0.12099313735999999,0.16962886810342998,0.12099313735999999,B
184.78533936,0,2023-02-22T18:03:32Z,169.107320043775,46,100.00019836,0.12099313735999999,0.16962886810342998,0.12099313735999999,B
215.44389343,0,2023-02-22T18:03:32Z,169.107320043775,46,100.00019836,0.12099313735999999,0.16962886810342998,0.12099313735999999,B
251.18913269,0,2023-02-22T18:03:32Z,169.107320043775,46,100.00019836,0.12099313735999999,0.16962886810342998,0.12099313735999999,B
292.86502075,0,2023-02-22T18:03:32Z,169.107320043775,46,100.00019836,0.12099313735999999,0.16962886810342998,0.12099313735999999,B
341.45556641,0,2023-02-22T18:03:32Z,169.107320043775,46,100.00019836,0.12099313735999999,0.16962886810342998,0.12099313735999999,B
398.10794067,0,2023-02-22T18:03:32Z,169.107320043775,46,100.00019836,0.12099313735999999,0.16962886810342998,0.12099313735999999,B
464.15979004,0,2023-02-22T18:03:32Z,169.107320043775,46,100.00019836,0.12099313735999999,0.16962886810342998,0.12099313735999999,B
541.17059326,0,2023-02-22T18:03:32Z,169.107320043775,46,100.00019836,0.12099313735999999,0.16962886810342998,0.12099313735999999,B
630.95855713,0,2023-02-22T18:03:32Z,169.107320043775,46,100.00019836,0.12099313735999999,0.16962886810342998,0.12099313735999999,B
735.64367676,0,2023-02-22T18:03:32Z,169.107320043775,46,100.00019836,0.12099313735999999,0.16962886810342998,0.12099313735999999,B
857.69757080,0,2023-02-22T18:03:32Z,169.107320043775,46,100.00019836,0.12099313735999999,0.16962886810342998,0.12099313735999999,B
1000.00195313,0,2023-02-22T18:03:32Z,169.107320043775,46,100.00019836,0.12099313735999999,0.16962886810342998,0.12099313735999999,B
0.10000020,0,2023-02-22T18:03:33Z,175.63751559798334,46,100.00019836,0.12953466121398097,0.151650087799008,0.12951497967233572,B
0.11659167,0,2023-02-22T18:03:33Z,175.63751559798334,46,100.00019836,0.12953466121398097,0.151650087799008,0.12951497967233572,B
0.13593590,0,2023-02-22T18:03:33Z,175.63751559798334,46,100.00019836,0.12953466121398097,0.151650087799008,0.12951497967233572,B
0.15848963,0,2023-02-22T18:03:33Z,175.63751559798334,46,100.00019836,0.12953466121398097,0.151650087799008,0.12951497967233572,B
0.18478534,0,2023-02-22T18:03:33Z,175.63751559798334,46,100.00019836,0.12953466121398097,0.151650087799008,0.12951497967233572,B
0.21544389,0,2023-02-22T18:03:33Z,175.63751559798334,46,100.00019836,0.12953466121398097,0.151650087799008,0.12951497967233572,B
0.25118914,0,2023-02-22T18:03:33Z,175.63751559798334,46,100.00019836,0.12953466121398097,0.151650087799008,0.12951497967233572,B
0.29286504,0,2023-02-22T18:03:33Z,175.63751559798334,46,100.00019836,0.12953466121398097,0.151650087799008,0.12951497967233572,B
0.34145555,0,2023-02-22T18:03:33Z,175.63751559798334,46,100.00019836,0.12953466121398097,0.151650087799008,0.12951497967233572,B
0.39810795,0,2023-02-22T18:03:33Z,175.63751559798334,46,100.00019836,0.12953466121398097,0.151650087799008,0.12951497967233572,B
0.46415979,0,2023-02-22T18:03:33Z,175.63751559798334,46,100.00019836,0.12953466121398097,0.151650087799008,0.12951497967233572,B
0.54117060,0,2023-02-22T18:03:33Z,175.63751559798334,46,100.00019836,0.12953466121398097,0.151650087799008,0.12951497967233572,B
0.63095856,0,2023-02-22T18:03:33Z,175.63751559798334,46,100.00019836,0.12953466121398097,0.151650087799008,0.12951497967233572,B
0.73564368,0,2023-02-22T18:03:33Z,175.63751559798334,46,100.00019836,0.12953466121398097,0.151650087799008,0.12951497967233572,B
0.85769761,0,2023-02-22T18:03:33Z,175.63751559798334,46,100.00019836,0.12953466121398097,0.151650087799008,0.12951497967233572,B
1.00000191,9.38619370572e-4,2023-02-22T18:03:33Z,175.63751559798334,46,100.00019836,0.12953466121398097,0.151650087799008,0.12951497967233572,B
1.16591668,0.900233983994,2023-02-22T18:03:33Z,175.63751559798334,46,100.00019836,0.12953466121398097,0.151650087799008,0.12951497967233572,B
1.35935903,7.56656885147,2023-02-22T18:03:33Z,175.63751559798334,46,100.00019836,0.12953466121398097,0.151650087799008,0.12951497967233572,B
1.58489633,4.21621894836,2023-02-22T18:03:33Z,175.63751559798334,46,100.00019836,0.12953466121398097,0.151650087799008,0.12951497967233572,B
1.84785342,0.267537564039,2023-02-22T18:03:33Z,175.63751559798334,46,100.00019836,0.12953466121398097,0.151650087799008,0.12951497967233572,B
2.15443897,0.00196726364084,2023-02-22T18:03:33Z,175.63751559798334,46,100.00019836,0.12953466121398097,0.151650087799008,0.12951497967233572,B
2.51189137,8.9052207386e-7,2023-02-22T18:03:33Z,175.63751559798334,46,100.00019836,0.12953466121398097,0.151650087799008,0.12951497967233572,B
2.92865038,1.61273175803e-12,2023-02-22T18:03:33Z,175.63751559798334,46,100.00019836,0.12953466121398097,0.151650087799008,0.12951497967233572,B
3.41455555,0,2023-02-22T18:03:33Z,175.63751559798334,46,100.00019836,0.12953466121398097,0.151650087799008,0.12951497967233572,B
3.98107958,0,2023-02-22T18:03:33Z,175.63751559798334,46,100.00019836,0.12953466121398097,0.151650087799008,0.12951497967233572,B
4.64159775,0,2023-02-22T18:03:33Z,175.63751559798334,46,100.00019836,0.12953466121398097,0.151650087799008,0.12951497967233572,B
5.41170597,0.0385476127267,2023-02-22T18:03:33Z,175.63751559798334,46,100.00019836,0.12953466121398097,0.151650087799008,0.12951497967233572,B
6.30958605,0.220191732049,2023-02-22T18:03:33Z,175.63751559798334,46,100.00019836,0.12953466121398097,0.151650087799008,0.12951497967233572,B
7.35643721,0.623125374317,2023-02-22T18:03:33Z,175.63751559798334,46,100.00019836,0.12953466121398097,0.151650087799008,0.12951497967233572,B
8.57697582,1.32967793941,2023-02-22T18:03:33Z,175.63751559798334,46,100.00019836,0.12953466121398097,0.151650087799008,0.12951497967233572,B
10.00002003,2.37454748154,2023-02-22T18:03:33Z,175.63751559798334,46,100.00019836,0.12953466121398097,0.151650087799008,0.12951497967233572,B
11.65916729,3.68209886551,2023-02-22T18:03:33Z,175.63751559798334,46,100.00019836,0.12953466121398097,0.151650087799008,0.12951497967233572,B
13.59359074,4.99893856049,2023-02-22T18:03:33Z,175.63751559798334,46,100.00019836,0.12953466121398097,0.151650087799008,0.12951497967233572,B
15.84896278,5.87088108063,2023-02-22T18:03:33Z,175.63751559798334,46,100.00019836,0.12953466121398097,0.151650087799008,0.12951497967233572,B
18.47853470,5.74484825134,2023-02-22T18:03:33Z,175.63751559798334,46,100.00019836,0.12953466121398097,0.151650087799008,0.12951497967233572,B
21.54438972,4.24798488617,2023-02-22T18:03:33Z,175.63751559798334,46,100.00019836,0.12953466121398097,0.151650087799008,0.12951497967233572,B
25.11891365,1.64951252937,2023-02-22T18:03:33Z,175.63751559798334,46,100.00019836,0.12953466121398097,0.151650087799008,0.12951497967233572,B
29.28650284,0,2023-02-22T18:03:33Z,175.63751559798334,46,100.00019836,0.12953466121398097,0.151650087799008,0.12951497967233572,B
34.14555740,0,2023-02-22T18:03:33Z,175.63751559798334,46,100.00019836,0.12953466121398097,0.151650087799008,0.12951497967233572,B
39.81079483,0,2023-02-22T18:03:33Z,175.63751559798334,46,100.00019836,0.12953466121398097,0.151650087799008,0.12951497967233572,B
46.41598129,0,2023-02-22T18:03:33Z,175.63751559798334,46,100.00019836,0.12953466121398097,0.151650087799008,0.12951497967233572,B
54.11705780,0,2023-02-22T18:03:33Z,175.63751559798334,46,100.00019836,0.12953466121398097,0.151650087799008,0.12951497967233572,B
63.09585953,0,2023-02-22T18:03:33Z,175.63751559798334,46,100.00019836,0.12953466121398097,0.151650087799008,0.12951497967233572,B
73.56436920,0,2023-02-22T18:03:33Z,175.63751559798334,46,100.00019836,0.12953466121398097,0.151650087799008,0.12951497967233572,B
85.76976013,0,2023-02-22T18:03:33Z,175.63751559798334,46,100.00019836,0.12953466121398097,0.151650087799008,0.12951497967233572,B
100.00019836,56.2661895752,2023-02-22T18:03:33Z,175.63751559798334,46,100.00019836,0.12953466121398097,0.151650087799008,0.12951497967233572,B
116.59166718,0,2023-02-22T18:03:33Z,175.63751559798334,46,100.00019836,0.12953466121398097,0.151650087799008,0.12951497967233572,B
135.93591309,0,2023-02-22T18:03:33Z,175.63751559798334,46,100.00019836,0.12953466121398097,0.151650087799008,0.12951497967233572,B
158.48962402,0,2023-02-22T18:03:33Z,175.63751559798334,46,100.00019836,0.12953466121398097,0.151650087799008,0.12951497967233572,B
184.78533936,0,2023-02-22T18:03:33Z,175.63751559798334,46,100.00019836,0.12953466121398097,0.151650087799008,0.12951497967233572,B
215.44389343,0,2023-02-22T18:03:33Z,175.63751559798334,46,100.00019836,0.12953466121398097,0.151650087799008,0.12951497967233572,B
251.18913269,0,2023-02-22T18:03:33Z,175.63751559798334,46,100.00019836,0.12953466121398097,0.151650087799008,0.12951497967233572,B
292.86502075,0,2023-02-22T18:03:33Z,175.63751559798334,46,100.00019836,0.12953466121398097,0.151650087799008,0.12951497967233572,B
341.45556641,0,2023-02-22T18:03:33Z,175.63751559798334,46,100.00019836,0.12953466121398097,0.151650087799008,0.12951497967233572,B
398.10794067,0,2023-02-22T18:03:33Z,175.63751559798334,46,100.00019836,0.12953466121398097,0.151650087799008,0.12951497967233572,B
464.15979004,0,2023-02-22T18:03:33Z,175.63751559798334,46,100.00019836,0.12953466121398097,0.151650087799008,0.12951497967233572,B
541.17059326,0,2023-02-22T18:03:33Z,175.63751559798334,46,100.00019836,0.12953466121398097,0.151650087799008,0.12951497967233572,B
630.95855713,0,2023-02-22T18:03:33Z,175.63751559798334,46,100.00019836,0.12953466121398097,0.151650087799008,0.12951497967233572,B
735.64367676,0,2023-02-22T18:03:33Z,175.63751559798334,46,100.00019836,0.12953466121398097,0.151650087799008,0.12951497967233572,B
857.69757080,0,2023-02-22T18:03:33Z,175.63751559798334,46,100.00019836,0.12953466121398097,0.151650087799008,0.12951497967233572,B
1000.00195313,0,2023-02-22T18:03:33Z,175.63751559798334,46,100.00019836,0.12953466121398097,0.151650087799008,0.12951497967233572,B
0.10000020,0,2023-02-22T18:03:34Z,178.84477339865,46,100.00019836,0.12343042375546935,0.16341058449845935,0.12342835084533899,B
0.11659167,0,2023-02-22T18:03:34Z,178.84477339865,46,100.00019836,0.12343042375546935,0.16341058449845935,0.12342835084533899,B
0.13593590,0,2023-02-22T18:03:34Z,178.84477339865,46,100.00019836,0.12343042375546935,0.16341058449845935,0.12342835084533899,B
0.15848963,0,2023-02-22T18:03:34Z,178.84477339865,46,100.00019836,0.12343042375546935,0.16341058449845935,0.12342835084533899,B
0.18478534,0,2023-02-22T18:03:34Z,178.84477339865,46,100.00019836,0.12343042375546935,0.16341058449845935,0.12342835084533899,B
0.21544389,0,2023-02-22T18:03:34Z,178.84477339865,46,100.00019836,0.12343042375546935,0.16341058449845935,0.12342835084533899,B
0.25118914,0,2023-02-22T18:03:34Z,178.84477339865,46,100.00019836,0.12343042375546935,0.16341058449845935,0.12342835084533899,B
0.29286504,0,2023-02-22T18:03:34Z,178.84477339865,46,100.00019836,0.12343042375546935,0.16341058449845935,0.12342835084533899,B
0.34145555,0,2023-02-22T18:03:34Z,178.84477339865,46,100.00019836,0.12343042375546935,0.16341058449845935,0.12342835084533899,B
0.39810795,0,2023-02-22T18:03:34Z,178.84477339865,46,100.00019836,0.12343042375546935,0.16341058449845935,0.12342835084533899,B
0.46415979,0,2023-02-22T18:03:34Z,178.84477339865,46,100.00019836,0.12343042375546935,0.16341058449845935,0.12342835084533899,B
0.54117060,0,2023-02-22T18:03:34Z,178.84477339865,46,100.00019836,0.12343042375546935,0.16341058449845935,0.12342835084533899,B
0.63095856,0,2023-02-22T18:03:34Z,178.84477339865,46,100.00019836,0.12343042375546935,0.16341058449845935,0.12342835084533899,B
0.73564368,0,2023-02-22T18:03:34Z,178.84477339865,46,100.00019836,0.12343042375546935,0.16341058449845935,0.12342835084533899,B
0.85769761,0,2023-02-22T18:03:34Z,178.84477339865,46,100.00019836,0.12343042375546935,0.16341058449845935,0.12342835084533899,B
1.00000191,0.0108150253072,2023-02-22T18:03:34Z,178.84477339865,46,100.00019836,0.12343042375546935,0.16341058449845935,0.12342835084533899,B
1.16591668,2.70262694359,2023-02-22T18:03:34Z,178.84477339865,46,100.00019836,0.12343042375546935,0.16341058449845935,0.12342835084533899,B
1.35935903,7.80404949188,2023-02-22T18:03:34Z,178.84477339865,46,100.00019836,0.12343042375546935,0.16341058449845935,0.12342835084533899,B
1.58489633,1.77272427082,2023-02-22T18:03:34Z,178.84477339865,46,100.00019836,0.12343042375546935,0.16341058449845935,0.12342835084533899,B
1.84785342,0.052619352936700003,2023-02-22T18:03:34Z,178.84477339865,46,100.00019836,0.12343042375546935,0.16341058449845935,0.12342835084533899,B
2.15443897,2.07229750231e-4,2023-02-22T18:03:34Z,178.84477339865,46,100.00019836,0.12343042375546935,0.16341058449845935,0.12342835084533899,B
2.51189137,6.1262674933e-8,2023-02-22T18:03:34Z,178.84477339865,46,100.00019836,0.12343042375546935,0.16341058449845935,0.12342835084533899,B
2.92865038,1.29463890238e-13,2023-02-22T18:03:34Z,178.84477339865,46,100.00019836,0.12343042375546935,0.16341058449845935,0.12342835084533899,B
3.41455555,0,2023-02-22T18:03:34Z,178.84477339865,46,100.00019836,0.12343042375546935,0.16341058449845935,0.12342835084533899,B
3.98107958,0,2023-02-22T18:03:34Z,178.84477339865,46,100.00019836,0.12343042375546935,0.16341058449845935,0.12342835084533899,B
4.64159775,0,2023-02-22T18:03:34Z,178.84477339865,46,100.00019836,0.12343042375546935,0.16341058449845935,0.12342835084533899,B
5.41170597,0.152058079839,2023-02-22T18:03:34Z,178.84477339865,46,100.00019836,0.12343042375546935,0.16341058449845935,0.12342835084533899,B
6.30958605,0.55071079731000006,2023-02-22T18:03:34Z,178.84477339865,46,100.00019836,0.12343042375546935,0.16341058449845935,0.12342835084533899,B
7.35643721,1.20163023472,2023-02-22T18:03:34Z,178.84477339865,46,100.00019836,0.12343042375546935,0.16341058449845935,0.12342835084533899,B
8.57697582,2.09361696243,2023-02-22T18:03:34Z,178.84477339865,46,100.00019836,0.12343042375546935,0.16341058449845935,0.12342835084533899,B
10.00002003,3.14226865768,2023-02-22T18:03:34Z,178.84477339865,46,100.00019836,0.12343042375546935,0.16341058449845935,0.12342835084533899,B
11.65916729,4.17259311676,2023-02-22T18:03:34Z,178.84477339865,46,100.00019836,0.12343042375546935,0.16341058449845935,0.12342835084533899,B
13.59359074,4.91817092896,2023-02-22T18:03:34Z,178.84477339865,46,100.00019836,0.12343042375546935,0.16341058449845935,0.12342835084533899,B
15.84896278,5.06450414658,2023-02-22T18:03:34Z,178.84477339865,46,100.00019836,0.12343042375546935,0.16341058449845935,0.12342835084533899,B
18.47853470,4.35098838806,2023-02-22T18:03:34Z,178.84477339865,46,100.00019836,0.12343042375546935,0.16341058449845935,0.12342835084533899,B
21.54438972,2.71181058884,2023-02-22T18:03:34Z,178.84477339865,46,100.00019836,0.12343042375546935,0.16341058449845935,0.12342835084533899,B
25.11891365,0.425388485193,2023-02-22T18:03:34Z,178.84477339865,46,100.00019836,0.12343042375546935,0.16341058449845935,0.12342835084533899,B
29.28650284,0,2023-02-22T18:03:34Z,178.84477339865,46,100.00019836,0.12343042375546935,0.16341058449845935,0.12342835084533899,B
34.14555740,0,2023-02-22T18:03:34Z,178.84477339865,46,100.00019836,0.12343042375546935,0.16341058449845935,0.12342835084533899,B
39.81079483,0,2023-02-22T18:03:34Z,178.84477339865,46,100.00019836,0.12343042375546935,0.16341058449845935,0.12342835084533899,B
46.41598129,0,2023-02-22T18:03:34Z,178.84477339865,46,100.00019836,0.12343042375546935,0.16341058449845935,0.12342835084533899,B
54.11705780,0,2023-02-22T18:03:34Z,178.84477339865,46,100.00019836,0.12343042375546935,0.16341058449845935,0.12342835084533899,B
63.09585953,0,2023-02-22T18:03:34Z,178.84477339865,46,100.00019836,0.12343042375546935,0.16341058449845935,0.12342835084533899,B
73.56436920,0,2023-02-22T18:03:34Z,178.84477339865,46,100.00019836,0.12343042375546935,0.16341058449845935,0.12342835084533899,B
85.76976013,0,2023-02-22T18:03:34Z,178.84477339865,46,100.00019836,0.12343042375546935,0.16341058449845935,0.12342835084533899,B
100.00019836,58.8732185364,2023-02-22T18:03:34Z,178.84477339865,46,100.00019836,0.12343042375546935,0.16341058449845935,0.12342835084533899,B
116.59166718,0,2023-02-22T18:03:34Z,178.84477339865,46,100.00019836,0.12343042375546935,0.16341058449845935,0.12342835084533899,B
135.93591309,0,2023-02-22T18:03:34Z,178.84477339865,46,100.00019836,0.12343042375546935,0.16341058449845935,0.12342835084533899,B
158.48962402,0,2023-02-22T18:03:34Z,178.84477339865,46,100.00019836,0.12343042375546935,0.16341058449845935,0.12342835084533899,B
184.78533936,0,2023-02-22T18:03:34Z,178.84477339865,46,100.00019836,0.12343042375546935,0.16341058449845935,0.12342835084533899,B
215.44389343,0,2023-02-22T18:03:34Z,178.84477339865,46,100.00019836,0.12343042375546935,0.16341058449845935,0.12342835084533899,B
251.18913269,0,2023-02-22T18:03:34Z,178.84477339865,46,100.00019836,0.12343042375546935,0.16341058449845935,0.12342835084533899,B
292.86502075,0,2023-02-22T18:03:34Z,178.84477339865,46,100.00019836,0.12343042375546935,0.16341058449845935,0.12342835084533899,B
341.45556641,0,2023-02-22T18:03:34Z,178.84477339865,46,100.00019836,0.12343042375546935,0.16341058449845935,0.12342835084533899,B
398.10794067,0,2023-02-22T18:03:34Z,178.84477339865,46,100.00019836,0.12343042375546935,0.16341058449845935,0.12342835084533899,B
464.15979004,0,2023-02-22T18:03:34Z,178.84477339865,46,100.00019836,0.12343042375546935,0.16341058449845935,0.12342835084533899,B
541.17059326,0,2023-02-22T18:03:34Z,178.84477339865,46,100.00019836,0.12343042375546935,0.16341058449845935,0.12342835084533899,B
630.95855713,0,2023-02-22T18:03:34Z,178.84477339865,46,100.00019836,0.12343042375546935,0.16341058449845935,0.12342835084533899,B
735.64367676,0,2023-02-22T18:03:34Z,178.84477339865,46,100.00019836,0.12343042375546935,0.16341058449845935,0.12342835084533899,B
857.69757080,0,2023-02-22T18:03:34Z,178.84477339865,46,100.00019836,0.12343042375546935,0.16341058449845935,0.12342835084533899,B
1000.00195313,0,2023-02-22T18:03:34Z,178.84477339865,46,100.00019836,0.12343042375546935,0.16341058449845935,0.12342835084533899,B
0.10000020,0,2023-02-22T18:03:35Z,177.31429439127777,46,100.00019836,0.10800023913388061,0.1773261615633806,0.10800023913388061,B
0.11659167,0,2023-02-22T18:03:35Z,177.31429439127777,46,100.00019836,0.10800023913388061,0.1773261615633806,0.10800023913388061,B
0.13593590,0,2023-02-22T18:03:35Z,177.31429439127777,46,100.00019836,0.10800023913388061,0.1773261615633806,0.10800023913388061,B
0.15848963,0,2023-02-22T18:03:35Z,177.31429439127777,46,100.00019836,0.10800023913388061,0.1773261615633806,0.10800023913388061,B
0.18478534,0,2023-02-22T18:03:35Z,177.31429439127777,46,100.00019836,0.10800023913388061,0.1773261615633806,0.10800023913388061,B
0.21544389,0,2023-02-22T18:03:35Z,177.31429439127777,46,100.00019836,0.10800023913388061,0.1773261615633806,0.10800023913388061,B
0.25118914,0,2023-02-22T18:03:35Z,177.31429439127777,46,100.00019836,0.10800023913388061,0.1773261615633806,0.10800023913388061,B
0.29286504,0,2023-02-22T18:03:35Z,177.31429439127777,46,100.00019836,0.10800023913388061,0.1773261615633806,0.10800023913388061,B
0.34145555,0,2023-02-22T18:03:35Z,177.31429439127777,46,100.00019836,0.10800023913388061,0.1773261615633806,0.10800023913388061,B
0.39810795,0,2023-02-22T18:03:35Z,177.31429439127777,46,100.00019836,0.10800023913388061,0.1773261615633806,0.10800023913388061,B
0.46415979,0,2023-02-22T18:03:35Z,177.31429439127777,46,100.00019836,0.10800023913388061,0.1773261615633806,0.10800023913388061,B
0.54117060,0,2023-02-22T18:03:35Z,177.31429439127777,46,100.00019836,0.10800023913388061,0.1773261615633806,0.10800023913388061,B
0.63095856,0,2023-02-22T18:03:35Z,177.31429439127777,46,100.00019836,0.10800023913388061,0.1773261615633806,0.10800023913388061,B
0.73564368,0,2023-02-22T18:03:35Z,177.31429439127777,46,100.00019836,0.10800023913388061,0.1773261615633806,0.10800023913388061,B
0.85769761,0,2023-02-22T18:03:35Z,177.31429439127777,46,100.00019836,0.10800023913388061,0.1773261615633806,0.10800023913388061,B
1.00000191,2.76478463527e-20,2023-02-22T18:03:35Z,177.31429439127777,46,100.00019836,0.10800023913388061,0.1773261615633806,0.10800023913388061,B
1.16591668,9.88378810883,2023-02-22T18:03:35Z,177.31429439127777,46,100.00019836,0.10800023913388061,0.1773261615633806,0.10800023913388061,B
1.35935903,0.916235804558,2023-02-22T18:03:35Z,177.31429439127777,46,100.00019836,0.10800023913388061,0.1773261615633806,0.10800023913388061,B
1.58489633,6.09321078836e-14,2023-02-22T18:03:35Z,177.31429439127777,46,100.00019836,0.10800023913388061,0.1773261615633806,0.10800023913388061,B
1.84785342,6.88369238935e-37,2023-02-22T18:03:35Z,177.31429439127777,46,100.00019836,0.10800023913388061,0.1773261615633806,0.10800023913388061,B
2.15443897,0,2023-02-22T18:03:35Z,177.31429439127777,46,100.00019836,0.10800023913388061,0.1773261615633806,0.10800023913388061,B
2.51189137,0,2023-02-22T18:03:35Z,177.31429439127777,46,100.00019836,0.10800023913388061,0.1773261615633806,0.10800023913388061,B
2.92865038,0,2023-02-22T18:03:35Z,177.31429439127777,46,100.00019836,0.10800023913388061,0.1773261615633806,0.10800023913388061,B
3.41455555,0,2023-02-22T18:03:35Z,177.31429439127777,46,100.00019836,0.10800023913388061,0.1773261615633806,0.10800023913388061,B
3.98107958,0,2023-02-22T18:03:35Z,177.31429439127777,46,100.00019836,0.10800023913388061,0.1773261615633806,0.10800023913388061,B
4.64159775,0,2023-02-22T18:03:35Z,177.31429439127777,46,100.00019836,0.10800023913388061,0.1773261615633806,0.10800023913388061,B
5.41170597,0.33063814044,2023-02-22T18:03:35Z,177.31429439127777,46,100.00019836,0.10800023913388061,0.1773261615633806,0.10800023913388061,B
6.30958605,1.13703691959,2023-02-22T18:03:35Z,177.31429439127777,46,100.00019836,0.10800023913388061,0.1773261615633806,0.10800023913388061,B
7.35643721,2.18617582321,2023-02-22T18:03:35Z,177.31429439127777,46,100.00019836,0.10800023913388061,0.1773261615633806,0.10800023913388061,B
8.57697582,3.27874135971,2023-02-22T18:03:35Z,177.31429439127777,46,100.00019836,0.10800023913388061,0.1773261615633806,0.10800023913388061,B
10.00002003,4.15724945068,2023-02-22T18:03:35Z,177.31429439127777,46,100.00019836,0.10800023913388061,0.1773261615633806,0.10800023913388061,B
11.65916729,4.57419681549,2023-02-22T18:03:35Z,177.31429439127777,46,100.00019836,0.10800023913388061,0.1773261615633806,0.10800023913388061,B
13.59359074,4.36380004883,2023-02-22T18:03:35Z,177.31429439127777,46,100.00019836,0.10800023913388061,0.1773261615633806,0.10800023913388061,B
15.84896278,3.51738715172,2023-02-22T18:03:35Z,177.31429439127777,46,100.00019836,0.10800023913388061,0.1773261615633806,0.10800023913388061,B
18.47853470,2.21887803078,2023-02-22T18:03:35Z,177.31429439127777,46,100.00019836,0.10800023913388061,0.1773261615633806,0.10800023913388061,B
21.54438972,0.802799522877,2023-02-22T18:03:35Z,177.31429439127777,46,100.00019836,0.10800023913388061,0.1773261615633806,0.10800023913388061,B
25.11891365,0,2023-02-22T18:03:35Z,177.31429439127777,46,100.00019836,0.10800023913388061,0.1773261615633806,0.10800023913388061,B
29.28650284,0,2023-02-22T18:03:35Z,177.31429439127777,46,100.00019836,0.10800023913388061,0.1773261615633806,0.10800023913388061,B
34.14555740,0,2023-02-22T18:03:35Z,177.31429439127777,46,100.00019836,0.10800023913388061,0.1773261615633806,0.10800023913388061,B
39.81079483,0,2023-02-22T18:03:35Z,177.31429439127777,46,100.00019836,0.10800023913388061,0.1773261615633806,0.10800023913388061,B
46.41598129,0,2023-02-22T18:03:35Z,177.31429439127777,46,100.00019836,0.10800023913388061,0.1773261615633806,0.10800023913388061,B
54.11705780,0,2023-02-22T18:03:35Z,177.31429439127777,46,100.00019836,0.10800023913388061,0.1773261615633806,0.10800023913388061,B
63.09585953,0,2023-02-22T18:03:35Z,177.31429439127777,46,100.00019836,0.10800023913388061,0.1773261615633806,0.10800023913388061,B
73.56436920,0,2023-02-22T18:03:35Z,177.31429439127777,46,100.00019836,0.10800023913388061,0.1773261615633806,0.10800023913388061,B
85.76976013,0,2023-02-22T18:03:35Z,177.31429439127777,46,100.00019836,0.10800023913388061,0.1773261615633806,0.10800023913388061,B
100.00019836,62.6330718994,2023-02-22T18:03:35Z,177.31429439127777,46,100.00019836,0.10800023913388061,0.1773261615633806,0.10800023913388061,B
116.59166718,0,2023-02-22T18:03:35Z,177.31429439127777,46,100.00019836,0.10800023913388061,0.1773261615633806,0.10800023913388061,B
135.93591309,0,2023-02-22T18:03:35Z,177.31429439127777,46,100.00019836,0.10800023913388061,0.1773261615633806,0.10800023913388061,B
158.48962402,0,2023-02-22T18:03:35Z,177.31429439127777,46,100.00019836,0.10800023913388061,0.1773261615633806,0.10800023913388061,B
184.78533936,0,2023-02-22T18:03:35Z,177.31429439127777,46,100.00019836,0.10800023913388061,0.1773261615633806,0.10800023913388061,B
215.44389343,0,2023-02-22T18:03:35Z,177.31429439127777,46,100.00019836,0.10800023913388061,0.1773261615633806,0.10800023913388061,B
251.18913269,0,2023-02-22T18:03:35Z,177.31429439127777,46,100.00019836,0.10800023913388061,0.1773261615633806,0.10800023913388061,B
292.86502075,0,2023-02-22T18:03:35Z,177.31429439127777,46,100.00019836,0.10800023913388061,0.1773261615633806,0.10800023913388061,B
341.45556641,0,2023-02-22T18:03:35Z,177.31429439127777,46,100.00019836,0.10800023913388061,0.1773261615633806,0.10800023913388061,B
398.10794067,0,2023-02-22T18:03:35Z,177.31429439127777,46,100.00019836,0.10800023913388061,0.1773261615633806,0.10800023913388061,B
464.15979004,0,2023-02-22T18:03:35Z,177.31429439127777,46,100.00019836,0.10800023913388061,0.1773261615633806,0.10800023913388061,B
541.17059326,0,2023-02-22T18:03:35Z,177.31429439127777,46,100.00019836,0.10800023913388061,0.1773261615633806,0.10800023913388061,B
630.95855713,0,2023-02-22T18:03:35Z,177.31429439127777,46,100.00019836,0.10800023913388061,0.1773261615633806,0.10800023913388061,B
735.64367676,0,2023-02-22T18:03:35Z,177.31429439127777,46,100.00019836,0.10800023913388061,0.1773261615633806,0.10800023913388061,B
857.69757080,0,2023-02-22T18:03:35Z,177.31429439127777,46,100.00019836,0.10800023913388061,0.1773261615633806,0.10800023913388061,B
1000.00195313,0,2023-02-22T18:03:35Z,177.31429439127777,46,100.00019836,0.10800023913388061,0.1773261615633806,0.10800023913388061,B
0.10000020,0,2023-02-22T18:03:36Z,233.21303198064166,46,100.00019836,0.08702158927919999,0.10465582430364,0.08702158927919999,B
0.11659167,0,2023-02-22T18:03:36Z,233.21303198064166,46,100.00019836,0.08702158927919999,0.10465582430364,0.08702158927919999,B
0.13593590,0,2023-02-22T18:03:36Z,233.21303198064166,46,100.00019836,0.08702158927919999,0.10465582430364,0.08702158927919999,B
0.15848963,0,2023-02-22T18:03:36Z,233.21303198064166,46,100.00019836,0.08702158927919999,0.10465582430364,0.08702158927919999,B
0.18478534,0,2023-02-22T18:03:36Z,233.21303198064166,46,100.00019836,0.08702158927919999,0.10465582430364,0.08702158927919999,B
0.21544389,0,2023-02-22T18:03:36Z,233.21303198064166,46,100.00019836,0.08702158927919999,0.10465582430364,0.08702158927919999,B
0.25118914,0,2023-02-22T18:03:36Z,233.21303198064166,46,100.00019836,0.08702158927919999,0.10465582430364,0.08702158927919999,B
0.29286504,0,2023-02-22T18:03:36Z,233.21303198064166,46,100.00019836,0.08702158927919999,0.10465582430364,0.08702158927919999,B
0.34145555,0,2023-02-22T18:03:36Z,233.21303198064166,46,100.00019836,0.08702158927919999,0.10465582430364,0.08702158927919999,B
0.39810795,0,2023-02-22T18:03:36Z,233.21303198064166,46,100.00019836,0.08702158927919999,0.10465582430364,0.08702158927919999,B
0.46415979,0,2023-02-22T18:03:36Z,233.21303198064166,46,100.00019836,0.08702158927919999,0.10465582430364,0.08702158927919999,B
0.54117060,0,2023-02-22T18:03:36Z,233.21303198064166,46,100.00019836,0.08702158927919999,0.10465582430364,0.08702158927919999,B
0.63095856,0,2023-02-22T18:03:36Z,233.21303198064166,46,100.00019836,0.08702158927919999,0.10465582430364,0.08702158927919999,B
0.73564368,0,2023-02-22T18:03:36Z,233.21303198064166,46,100.00019836,0.08702158927919999,0.10465582430364,0.08702158927919999,B
0.85769761,0,2023-02-22T18:03:36Z,233.21303198064166,46,100.00019836,0.08702158927919999,0.10465582430364,0.08702158927919999,B
1.00000191,0,2023-02-22T18:03:36Z,233.21303198064166,46,100.00019836,0.08702158927919999,0.10465582430364,0.08702158927919999,B
1.16591668,0,2023-02-22T18:03:36Z,233.21303198064166,46,100.00019836,0.08702158927919999,0.10465582430364,0.08702158927919999,B
1.35935903,8.70215892792,2023-02-22T18:03:36Z,233.21303198064166,46,100.00019836,0.08702158927919999,0.10465582430364,0.08702158927919999,B
1.58489633,0,2023-02-22T18:03:36Z,233.21303198064166,46,100.00019836,0.08702158927919999,0.10465582430364,0.08702158927919999,B
1.84785342,0,2023-02-22T18:03:36Z,233.21303198064166,46,100.00019836,0.08702158927919999,0.10465582430364,0.08702158927919999,B
2.15443897,0,2023-02-22T18:03:36Z,233.21303198064166,46,100.00019836,0.08702158927919999,0.10465582430364,0.08702158927919999,B
2.51189137,0,2023-02-22T18:03:36Z,233.21303198064166,46,100.00019836,0.08702158927919999,0.10465582430364,0.08702158927919999,B
2.92865038,0,2023-02-22T18:03:36Z,233.21303198064166,46,100.00019836,0.08702158927919999,0.10465582430364,0.08702158927919999,B
3.41455555,0,2023-02-22T18:03:36Z,233.21303198064166,46,100.00019836,0.08702158927919999,0.10465582430364,0.08702158927919999,B
3.98107958,0,2023-02-22T18:03:36Z,233.21303198064166,46,100.00019836,0.08702158927919999,0.10465582430364,0.08702158927919999,B
4.64159775,0,2023-02-22T18:03:36Z,233.21303198064166,46,100.00019836,0.08702158927919999,0.10465582430364,0.08702158927919999,B
5.41170597,0,2023-02-22T18:03:36Z,233.21303198064166,46,100.00019836,0.08702158927919999,0.10465582430364,0.08702158927919999,B
6.30958605,0.06843572855,2023-02-22T18:03:36Z,233.21303198064166,46,100.00019836,0.08702158927919999,0.10465582430364,0.08702158927919999,B
7.35643721,0.476935982704,2023-02-22T18:03:36Z,233.21303198064166,46,100.00019836,0.08702158927919999,0.10465582430364,0.08702158927919999,B
8.57697582,1.21805179119,2023-02-22T18:03:36Z,233.21303198064166,46,100.00019836,0.08702158927919999,0.10465582430364,0.08702158927919999,B
10.00002003,2.27882480621,2023-02-22T18:03:36Z,233.21303198064166,46,100.00019836,0.08702158927919999,0.10465582430364,0.08702158927919999,B
11.65916729,3.48491811752,2023-02-22T18:03:36Z,233.21303198064166,46,100.00019836,0.08702158927919999,0.10465582430364,0.08702158927919999,B
13.59359074,4.47551488876,2023-02-22T18:03:36Z,233.21303198064166,46,100.00019836,0.08702158927919999,0.10465582430364,0.08702158927919999,B
15.84896278,4.78780603409,2023-02-22T18:03:36Z,233.21303198064166,46,100.00019836,0.08702158927919999,0.10465582430364,0.08702158927919999,B
18.47853470,4.06724739075,2023-02-22T18:03:36Z,233.21303198064166,46,100.00019836,0.08702158927919999,0.10465582430364,0.08702158927919999,B
21.54438972,2.31602907181,2023-02-22T18:03:36Z,233.21303198064166,46,100.00019836,0.08702158927919999,0.10465582430364,0.08702158927919999,B
25.11891365,0.0411948785186,2023-02-22T18:03:36Z,233.21303198064166,46,100.00019836,0.08702158927919999,0.10465582430364,0.08702158927919999,B
29.28650284,0,2023-02-22T18:03:36Z,233.21303198064166,46,100.00019836,0.08702158927919999,0.10465582430364,0.08702158927919999,B
34.14555740,0,2023-02-22T18:03:36Z,233.21303198064166,46,100.00019836,0.08702158927919999,0.10465582430364,0.08702158927919999,B
39.81079483,0,2023-02-22T18:03:36Z,233.21303198064166,46,100.00019836,0.08702158927919999,0.10465582430364,0.08702158927919999,B
46.41598129,0,2023-02-22T18:03:36Z,233.21303198064166,46,100.00019836,0.08702158927919999,0.10465582430364,0.08702158927919999,B
54.11705780,0,2023-02-22T18:03:36Z,233.21303198064166,46,100.00019836,0.08702158927919999,0.10465582430364,0.08702158927919999,B
63.09585953,0,2023-02-22T18:03:36Z,233.21303198064166,46,100.00019836,0.08702158927919999,0.10465582430364,0.08702158927919999,B
73.56436920,0,2023-02-22T18:03:36Z,233.21303198064166,46,100.00019836,0.08702158927919999,0.10465582430364,0.08702158927919999,B
85.76976013,0,2023-02-22T18:03:36Z,233.21303198064166,46,100.00019836,0.08702158927919999,0.10465582430364,0.08702158927919999,B
100.00019836,68.0828781128,2023-02-22T18:03:36Z,233.21303198064166,46,100.00019836,0.08702158927919999,0.10465582430364,0.08702158927919999,B
116.59166718,0,2023-02-22T18:03:36Z,233.21303198064166,46,100.00019836,0.08702158927919999,0.10465582430364,0.08702158927919999,B
135.93591309,0,2023-02-22T18:03:36Z,233.21303198064166,46,100.00019836,0.08702158927919999,0.10465582430364,0.08702158927919999,B
158.48962402,0,2023-02-22T18:03:36Z,233.21303198064166,46,100.00019836,0.08702158927919999,0.10465582430364,0.08702158927919999,B
184.78533936,0,2023-02-22T18:03:36Z,233.21303198064166,46,100.00019836,0.08702158927919999,0.10465582430364,0.08702158927919999,B
215.44389343,0,2023-02-22T18:03:36Z,233.21303198064166,46,100.00019836,0.08702158927919999,0.10465582430364,0.08702158927919999,B
251.18913269,0,2023-02-22T18:03:36Z,233.21303198064166,46,100.00019836,0.08702158927919999,0.10465582430364,0.08702158927919999,B
292.86502075,0,2023-02-22T18:03:36Z,233.21303198064166,46,100.00019836,0.08702158927919999,0.10465582430364,0.08702158927919999,B
341.45556641,0,2023-02-22T18:03:36Z,233.21303198064166,46,100.00019836,0.08702158927919999,0.10465582430364,0.08702158927919999,B
398.10794067,0,2023-02-22T18:03:36Z,233.21303198064166,46,100.00019836,0.08702158927919999,0.10465582430364,0.08702158927919999,B
464.15979004,0,2023-02-22T18:03:36Z,233.21303198064166,46,100.00019836,0.08702158927919999,0.10465582430364,0.08702158927919999,B
541.17059326,0,2023-02-22T18:03:36Z,233.21303198064166,46,100.00019836,0.08702158927919999,0.10465582430364,0.08702158927919999,B
630.95855713,0,2023-02-22T18:03:36Z,233.21303198064166,46,100.00019836,0.08702158927919999,0.10465582430364,0.08702158927919999,B
735.64367676,0,2023-02-22T18:03:36Z,233.21303198064166,46,100.00019836,0.08702158927919999,0.10465582430364,0.08702158927919999,B
857.69757080,0,2023-02-22T18:03:36Z,233.21303198064166,46,100.00019836,0.08702158927919999,0.10465582430364,0.08702158927919999,B
1000.00195313,0,2023-02-22T18:03:36Z,233.21303198064166,46,100.00019836,0.08702158927919999,0.10465582430364,0.08702158927919999,B
0.10000020,0,2023-02-22T18:03:37Z,200.32995541898055,46,100.00019836,0.11009084641444587,0.13035607240605587,0.11009084252171669,B
0.11659167,0,2023-02-22T18:03:37Z,200.32995541898055,46,100.00019836,0.11009084641444587,0.13035607240605587,0.11009084252171669,B
0.13593590,0,2023-02-22T18:03:37Z,200.32995541898055,46,100.00019836,0.11009084641444587,0.13035607240605587,0.11009084252171669,B
0.15848963,0,2023-02-22T18:03:37Z,200.32995541898055,46,100.00019836,0.11009084641444587,0.13035607240605587,0.11009084252171669,B
0.18478534,0,2023-02-22T18:03:37Z,200.32995541898055,46,100.00019836,0.11009084641444587,0.13035607240605587,0.11009084252171669,B
0.21544389,0,2023-02-22T18:03:37Z,200.32995541898055,46,100.00019836,0.11009084641444587,0.13035607240605587,0.11009084252171669,B
0.25118914,0,2023-02-22T18:03:37Z,200.32995541898055,46,100.00019836,0.11009084641444587,0.13035607240605587,0.11009084252171669,B
0.29286504,0,2023-02-22T18:03:37Z,200.32995541898055,46,100.00019836,0.11009084641444587,0.13035607240605587,0.11009084252171669,B
0.34145555,0,2023-02-22T18:03:37Z,200.32995541898055,46,100.00019836,0.11009084641444587,0.13035607240605587,0.11009084252171669,B
0.39810795,0,2023-02-22T18:03:37Z,200.32995541898055,46,100.00019836,0.11009084641444587,0.13035607240605587,0.11009084252171669,B
0.46415979,0,2023-02-22T18:03:37Z,200.32995541898055,46,100.00019836,0.11009084641444587,0.13035607240605587,0.11009084252171669,B
0.54117060,0,2023-02-22T18:03:37Z,200.32995541898055,46,100.00019836,0.11009084641444587,0.13035607240605587,0.11009084252171669,B
0.63095856,0,2023-02-22T18:03:37Z,200.32995541898055,46,100.00019836,0.11009084641444587,0.13035607240605587,0.11009084252171669,B
0.73564368,0,2023-02-22T18:03:37Z,200.32995541898055,46,100.00019836,0.11009084641444587,0.13035607240605587,0.11009084252171669,B
0.85769761,0,2023-02-22T18:03:37Z,200.32995541898055,46,100.00019836,0.11009084641444587,0.13035607240605587,0.11009084252171669,B
1.00000191,0.00199335278012,2023-02-22T18:03:37Z,200.32995541898055,46,100.00019836,0.11009084641444587,0.13035607240605587,0.11009084252171669,B
1.16591668,3.05015707016,2023-02-22T18:03:37Z,200.32995541898055,46,100.00019836,0.11009084641444587,0.13035607240605587,0.11009084252171669,B
1.35935903,7.46055603027,2023-02-22T18:03:37Z,200.32995541898055,46,100.00019836,0.11009084641444587,0.13035607240605587,0.11009084252171669,B
1.58489633,0.494516581297,2023-02-22T18:03:37Z,200.32995541898055,46,100.00019836,0.11009084641444587,0.13035607240605587,0.11009084252171669,B
1.84785342,0.00186121766455,2023-02-22T18:03:37Z,200.32995541898055,46,100.00019836,0.11009084641444587,0.13035607240605587,0.11009084252171669,B
2.15443897,3.89271292534e-7,2023-02-22T18:03:37Z,200.32995541898055,46,100.00019836,0.11009084641444587,0.13035607240605587,0.11009084252171669,B
2.51189137,1.62429629209e-12,2023-02-22T18:03:37Z,200.32995541898055,46,100.00019836,0.11009084641444587,0.13035607240605587,0.11009084252171669,B
2.92865038,1.07691352787e-21,2023-02-22T18:03:37Z,200.32995541898055,46,100.00019836,0.11009084641444587,0.13035607240605587,0.11009084252171669,B
3.41455555,0,2023-02-22T18:03:37Z,200.32995541898055,46,100.00019836,0.11009084641444587,0.13035607240605587,0.11009084252171669,B
3.98107958,0,2023-02-22T18:03:37Z,200.32995541898055,46,100.00019836,0.11009084641444587,0.13035607240605587,0.11009084252171669,B
4.64159775,0,2023-02-22T18:03:37Z,200.32995541898055,46,100.00019836,0.11009084641444587,0.13035607240605587,0.11009084252171669,B
5.41170597,0,2023-02-22T18:03:37Z,200.32995541898055,46,100.00019836,0.11009084641444587,0.13035607240605587,0.11009084252171669,B
6.30958605,0.116421245039,2023-02-22T18:03:37Z,200.32995541898055,46,100.00019836,0.11009084641444587,0.13035607240605587,0.11009084252171669,B
7.35643721,0.574486076832,2023-02-22T18:03:37Z,200.32995541898055,46,100.00019836,0.11009084641444587,0.13035607240605587,0.11009084252171669,B
8.57697582,1.33561527729,2023-02-22T18:03:37Z,200.32995541898055,46,100.00019836,0.11009084641444587,0.13035607240605587,0.11009084252171669,B
10.00002003,2.37680125237,2023-02-22T18:03:37Z,200.32995541898055,46,100.00019836,0.11009084641444587,0.13035607240605587,0.11009084252171669,B
11.65916729,3.55301356316,2023-02-22T18:03:37Z,200.32995541898055,46,100.00019836,0.11009084641444587,0.13035607240605587,0.11009084252171669,B
13.59359074,4.57122278214,2023-02-22T18:03:37Z,200.32995541898055,46,100.00019836,0.11009084641444587,0.13035607240605587,0.11009084252171669,B
15.84896278,5.03063774109,2023-02-22T18:03:37Z,200.32995541898055,46,100.00019836,0.11009084641444587,0.13035607240605587,0.11009084252171669,B
18.47853470,4.55781841278,2023-02-22T18:03:37Z,200.32995541898055,46,100.00019836,0.11009084641444587,0.13035607240605587,0.11009084252171669,B
21.54438972,3.00710511208,2023-02-22T18:03:37Z,200.32995541898055,46,100.00019836,0.11009084641444587,0.13035607240605587,0.11009084252171669,B
25.11891365,0.662978589535,2023-02-22T18:03:37Z,200.32995541898055,46,100.00019836,0.11009084641444587,0.13035607240605587,0.11009084252171669,B
29.28650284,0,2023-02-22T18:03:37Z,200.32995541898055,46,100.00019836,0.11009084641444587,0.13035607240605587,0.11009084252171669,B
34.14555740,0,2023-02-22T18:03:37Z,200.32995541898055,46,100.00019836,0.11009084641444587,0.13035607240605587,0.11009084252171669,B
39.81079483,0,2023-02-22T18:03:37Z,200.32995541898055,46,100.00019836,0.11009084641444587,0.13035607240605587,0.11009084252171669,B
46.41598129,0,2023-02-22T18:03:37Z,200.32995541898055,46,100.00019836,0.11009084641444587,0.13035607240605587,0.11009084252171669,B
54.11705780,0,2023-02-22T18:03:37Z,200.32995541898055,46,100.00019836,0.11009084641444587,0.13035607240605587,0.11009084252171669,B
63.09585953,0,2023-02-22T18:03:37Z,200.32995541898055,46,100.00019836,0.11009084641444587,0.13035607240605587,0.11009084252171669,B
73.56436920,0,2023-02-22T18:03:37Z,200.32995541898055,46,100.00019836,0.11009084641444587,0.13035607240605587,0.11009084252171669,B
85.76976013,0,2023-02-22T18:03:37Z,200.32995541898055,46,100.00019836,0.11009084641444587,0.13035607240605587,0.11009084252171669,B
100.00019836,63.2048110962,2023-02-22T18:03:37Z,200.32995541898055,46,100.00019836,0.11009084641444587,0.13035607240605587,0.11009084252171669,B
116.59166718,0,2023-02-22T18:03:37Z,200.32995541898055,46,100.00019836,0.11009084641444587,0.13035607240605587,0.11009084252171669,B
135.93591309,0,2023-02-22T18:03:37Z,200.32995541898055,46,100.00019836,0.11009084641444587,0.13035607240605587,0.11009084252171669,B
158.48962402,0,2023-02-22T18:03:37Z,200.32995541898055,46,100.00019836,0.11009084641444587,0.13035607240605587,0.11009084252171669,B
184.78533936,0,2023-02-22T18:03:37Z,200.32995541898055,46,100.00019836,0.11009084641444587,0.13035607240605587,0.11009084252171669,B
215.44389343,0,2023-02-22T18:03:37Z,200.32995541898055,46,100.00019836,0.11009084641444587,0.13035607240605587,0.11009084252171669,B
251.18913269,0,2023-02-22T18:03:37Z,200.32995541898055,46,100.00019836,0.11009084641444587,0.13035607240605587,0.11009084252171669,B
292.86502075,0,2023-02-22T18:03:37Z,200.32995541898055,46,100.00019836,0.11009084641444587,0.13035607240605587,0.11009084252171669,B
341.45556641,0,2023-02-22T18:03:37Z,200.32995541898055,46,100.00019836,0.11009084641444587,0.13035607240605587,0.11009084252171669,B
398.10794067,0,2023-02-22T18:03:37Z,200.32995541898055,46,100.00019836,0.11009084641444587,0.13035607240605587,0.11009084252171669,B
464.15979004,0,2023-02-22T18:03:37Z,200.32995541898055,46,100.00019836,0.11009084641444587,0.13035607240605587,0.11009084252171669,B
541.17059326,0,2023-02-22T18:03:37Z,200.32995541898055,46,100.00019836,0.11009084641444587,0.13035607240605587,0.11009084252171669,B
630.95855713,0,2023-02-22T18:03:37Z,200.32995541898055,46,100.00019836,0.11009084641444587,0.13035607240605587,0.11009084252171669,B
735.64367676,0,2023-02-22T18:03:37Z,200.32995541898055,46,100.00019836,0.11009084641444587,0.13035607240605587,0.11009084252171669,B
857.69757080,0,2023-02-22T18:03:37Z,200.32995541898055,46,100.00019836,0.11009084641444587,0.13035607240605587,0.11009084252171669,B
1000.00195313,0,2023-02-22T18:03:37Z,200.32995541898055,46,100.00019836,0.11009084641444587,0.13035607240605587,0.11009084252171669,B
0.10000020,0,2023-02-22T18:03:38Z,168.16025839899999,46,100.00019836,0.11476715974385461,0.14938127124561962,0.114767072261329,B
0.11659167,0,2023-02-22T18:03:38Z,168.16025839899999,46,100.00019836,0.11476715974385461,0.14938127124561962,0.114767072261329,B
0.13593590,0,2023-02-22T18:03:38Z,168.16025839899999,46,100.00019836,0.11476715974385461,0.14938127124561962,0.114767072261329,B
0.15848963,0,2023-02-22T18:03:38Z,168.16025839899999,46,100.00019836,0.11476715974385461,0.14938127124561962,0.114767072261329,B
0.18478534,0,2023-02-22T18:03:38Z,168.16025839899999,46,100.00019836,0.11476715974385461,0.14938127124561962,0.114767072261329,B
0.21544389,0,2023-02-22T18:03:38Z,168.16025839899999,46,100.00019836,0.11476715974385461,0.14938127124561962,0.114767072261329,B
0.25118914,0,2023-02-22T18:03:38Z,168.16025839899999,46,100.00019836,0.11476715974385461,0.14938127124561962,0.114767072261329,B
0.29286504,0,2023-02-22T18:03:38Z,168.16025839899999,46,100.00019836,0.11476715974385461,0.14938127124561962,0.114767072261329,B
0.34145555,0,2023-02-22T18:03:38Z,168.16025839899999,46,100.00019836,0.11476715974385461,0.14938127124561962,0.114767072261329,B
0.39810795,0,2023-02-22T18:03:38Z,168.16025839899999,46,100.00019836,0.11476715974385461,0.14938127124561962,0.114767072261329,B
0.46415979,0,2023-02-22T18:03:38Z,168.16025839899999,46,100.00019836,0.11476715974385461,0.14938127124561962,0.114767072261329,B
0.54117060,0,2023-02-22T18:03:38Z,168.16025839899999,46,100.00019836,0.11476715974385461,0.14938127124561962,0.114767072261329,B
0.63095856,0,2023-02-22T18:03:38Z,168.16025839899999,46,100.00019836,0.11476715974385461,0.14938127124561962,0.114767072261329,B
0.73564368,0,2023-02-22T18:03:38Z,168.16025839899999,46,100.00019836,0.11476715974385461,0.14938127124561962,0.114767072261329,B
0.85769761,0,2023-02-22T18:03:38Z,168.16025839899999,46,100.00019836,0.11476715974385461,0.14938127124561962,0.114767072261329,B
1.00000191,0.088509477675,2023-02-22T18:03:38Z,168.16025839899999,46,100.00019836,0.11476715974385461,0.14938127124561962,0.114767072261329,B
1.16591668,5.87300491333,2023-02-22T18:03:38Z,168.16025839899999,46,100.00019836,0.11476715974385461,0.14938127124561962,0.114767072261329,B
1.35935903,5.11163711548,2023-02-22T18:03:38Z,168.16025839899999,46,100.00019836,0.11476715974385461,0.14938127124561962,0.114767072261329,B
1.58489633,0.398858636618,2023-02-22T18:03:38Z,168.16025839899999,46,100.00019836,0.11476715974385461,0.14938127124561962,0.114767072261329,B
1.84785342,0.0046970830299,2023-02-22T18:03:38Z,168.16025839899999,46,100.00019836,0.11476715974385461,0.14938127124561962,0.114767072261329,B
2.15443897,8.74663965078e-6,2023-02-22T18:03:38Z,168.16025839899999,46,100.00019836,0.11476715974385461,0.14938127124561962,0.114767072261329,B
2.51189137,1.61290603096e-9,2023-02-22T18:03:38Z,168.16025839899999,46,100.00019836,0.11476715974385461,0.14938127124561962,0.114767072261329,B
2.92865038,4.47576402142e-15,2023-02-22T18:03:38Z,168.16025839899999,46,100.00019836,0.11476715974385461,0.14938127124561962,0.114767072261329,B
3.41455555,4.23541487924e-32,2023-02-22T18:03:38Z,168.16025839899999,46,100.00019836,0.11476715974385461,0.14938127124561962,0.114767072261329,B
3.98107958,0,2023-02-22T18:03:38Z,168.16025839899999,46,100.00019836,0.11476715974385461,0.14938127124561962,0.114767072261329,B
4.64159775,0,2023-02-22T18:03:38Z,168.16025839899999,46,100.00019836,0.11476715974385461,0.14938127124561962,0.114767072261329,B
5.41170597,0.0114049930125,2023-02-22T18:03:38Z,168.16025839899999,46,100.00019836,0.11476715974385461,0.14938127124561962,0.114767072261329,B
6.30958605,0.392084628344,2023-02-22T18:03:38Z,168.16025839899999,46,100.00019836,0.11476715974385461,0.14938127124561962,0.114767072261329,B
7.35643721,1.0569883585,2023-02-22T18:03:38Z,168.16025839899999,46,100.00019836,0.11476715974385461,0.14938127124561962,0.114767072261329,B
8.57697582,2.00093317032,2023-02-22T18:03:38Z,168.16025839899999,46,100.00019836,0.11476715974385461,0.14938127124561962,0.114767072261329,B
10.00002003,3.13893294334,2023-02-22T18:03:38Z,168.16025839899999,46,100.00019836,0.11476715974385461,0.14938127124561962,0.114767072261329,B
11.65916729,4.28797531128,2023-02-22T18:03:38Z,168.16025839899999,46,100.00019836,0.11476715974385461,0.14938127124561962,0.114767072261329,B
13.59359074,5.16672611237,2023-02-22T18:03:38Z,168.16025839899999,46,100.00019836,0.11476715974385461,0.14938127124561962,0.114767072261329,B
15.84896278,5.44620084763,2023-02-22T18:03:38Z,168.16025839899999,46,100.00019836,0.11476715974385461,0.14938127124561962,0.114767072261329,B
18.47853470,4.86044692993,2023-02-22T18:03:38Z,168.16025839899999,46,100.00019836,0.11476715974385461,0.14938127124561962,0.114767072261329,B
21.54438972,3.34689545631,2023-02-22T18:03:38Z,168.16025839899999,46,100.00019836,0.11476715974385461,0.14938127124561962,0.114767072261329,B
25.11891365,1.17792832851,2023-02-22T18:03:38Z,168.16025839899999,46,100.00019836,0.11476715974385461,0.14938127124561962,0.114767072261329,B
29.28650284,0,2023-02-22T18:03:38Z,168.16025839899999,46,100.00019836,0.11476715974385461,0.14938127124561962,0.114767072261329,B
34.14555740,0,2023-02-22T18:03:38Z,168.16025839899999,46,100.00019836,0.11476715974385461,0.14938127124561962,0.114767072261329,B
39.81079483,0,2023-02-22T18:03:38Z,168.16025839899999,46,100.00019836,0.11476715974385461,0.14938127124561962,0.114767072261329,B
46.41598129,0,2023-02-22T18:03:38Z,168.16025839899999,46,100.00019836,0.11476715974385461,0.14938127124561962,0.114767072261329,B
54.11705780,0,2023-02-22T18:03:38Z,168.16025839899999,46,100.00019836,0.11476715974385461,0.14938127124561962,0.114767072261329,B
63.09585953,0,2023-02-22T18:03:38Z,168.16025839899999,46,100.00019836,0.11476715974385461,0.14938127124561962,0.114767072261329,B
73.56436920,0,2023-02-22T18:03:38Z,168.16025839899999,46,100.00019836,0.11476715974385461,0.14938127124561962,0.114767072261329,B
85.76976013,0,2023-02-22T18:03:38Z,168.16025839899999,46,100.00019836,0.11476715974385461,0.14938127124561962,0.114767072261329,B
100.00019836,57.6367683411,2023-02-22T18:03:38Z,168.16025839899999,46,100.00019836,0.11476715974385461,0.14938127124561962,0.114767072261329,B
116.59166718,0,2023-02-22T18:03:38Z,168.16025839899999,46,100.00019836,0.11476715974385461,0.14938127124561962,0.114767072261329,B
135.93591309,0,2023-02-22T18:03:38Z,168.16025839899999,46,100.00019836,0.11476715974385461,0.14938127124561962,0.114767072261329,B
158.48962402,0,2023-02-22T18:03:38Z,168.16025839899999,46,100.00019836,0.11476715974385461,0.14938127124561962,0.114767072261329,B
184.78533936,0,2023-02-22T18:03:38Z,168.16025839899999,46,100.00019836,0.11476715974385461,0.14938127124561962,0.114767072261329,B
215.44389343,0,2023-02-22T18:03:38Z,168.16025839899999,46,100.00019836,0.11476715974385461,0.14938127124561962,0.114767072261329,B
251.18913269,0,2023-02-22T18:03:38Z,168.16025839899999,46,100.00019836,0.11476715974385461,0.14938127124561962,0.114767072261329,B
292.86502075,0,2023-02-22T18:03:38Z,168.16025839899999,46,100.00019836,0.11476715974385461,0.14938127124561962,0.114767072261329,B
341.45556641,0,2023-02-22T18:03:38Z,168.16025839899999,46,100.00019836,0.11476715974385461,0.14938127124561962,0.114767072261329,B
398.10794067,0,2023-02-22T18:03:38Z,168.16025839899999,46,100.00019836,0.11476715974385461,0.14938127124561962,0.114767072261329,B
464.15979004,0,2023-02-22T18:03:38Z,168.16025839899999,46,100.00019836,0.11476715974385461,0.14938127124561962,0.114767072261329,B
541.17059326,0,2023-02-22T18:03:38Z,168.16025839899999,46,100.00019836,0.11476715974385461,0.14938127124561962,0.114767072261329,B
630.95855713,0,2023-02-22T18:03:38Z,168.16025839899999,46,100.00019836,0.11476715974385461,0.14938127124561962,0.114767072261329,B
735.64367676,0,2023-02-22T18:03:38Z,168.16025839899999,46,100.00019836,0.11476715974385461,0.14938127124561962,0.114767072261329,B
857.69757080,0,2023-02-22T18:03:38Z,168.16025839899999,46,100.00019836,0.11476715974385461,0.14938127124561962,0.114767072261329,B
1000.00195313,0,2023-02-22T18:03:38Z,168.16025839899999,46,100.00019836,0.11476715974385461,0.14938127124561962,0.114767072261329,B
0.10000020,0,2023-02-22T18:03:39Z,112.88367949594166,46,100.00019836,0.13369059088850221,0.1397681676477763,0.13369059088850221,C
0.11659167,0,2023-02-22T18:03:39Z,112.88367949594166,46,100.00019836,0.13369059088850221,0.1397681676477763,0.13369059088850221,C
0.13593590,0,2023-02-22T18:03:39Z,112.88367949594166,46,100.00019836,0.13369059088850221,0.1397681676477763,0.13369059088850221,C
0.15848963,0,2023-02-22T18:03:39Z,112.88367949594166,46,100.00019836,0.13369059088850221,0.1397681676477763,0.13369059088850221,C
0.18478534,0,2023-02-22T18:03:39Z,112.88367949594166,46,100.00019836,0.13369059088850221,0.1397681676477763,0.13369059088850221,C
0.21544389,0,2023-02-22T18:03:39Z,112.88367949594166,46,100.00019836,0.13369059088850221,0.1397681676477763,0.13369059088850221,C
0.25118914,0,2023-02-22T18:03:39Z,112.88367949594166,46,100.00019836,0.13369059088850221,0.1397681676477763,0.13369059088850221,C
0.29286504,0,2023-02-22T18:03:39Z,112.88367949594166,46,100.00019836,0.13369059088850221,0.1397681676477763,0.13369059088850221,C
0.34145555,0,2023-02-22T18:03:39Z,112.88367949594166,46,100.00019836,0.13369059088850221,0.1397681676477763,0.13369059088850221,C
0.39810795,0,2023-02-22T18:03:39Z,112.88367949594166,46,100.00019836,0.13369059088850221,0.1397681676477763,0.13369059088850221,C
0.46415979,0,2023-02-22T18:03:39Z,112.88367949594166,46,100.00019836,0.13369059088850221,0.1397681676477763,0.13369059088850221,C
0.54117060,0,2023-02-22T18:03:39Z,112.88367949594166,46,100.00019836,0.13369059088850221,0.1397681676477763,0.13369059088850221,C
0.63095856,0,2023-02-22T18:03:39Z,112.88367949594166,46,100.00019836,0.13369059088850221,0.1397681676477763,0.13369059088850221,C
0.73564368,0,2023-02-22T18:03:39Z,112.88367949594166,46,100.00019836,0.13369059088850221,0.1397681676477763,0.13369059088850221,C
0.85769761,0,2023-02-22T18:03:39Z,112.88367949594166,46,100.00019836,0.13369059088850221,0.1397681676477763,0.13369059088850221,C
1.00000191,1.96181785005e-42,2023-02-22T18:03:39Z,112.88367949594166,46,100.00019836,0.13369059088850221,0.1397681676477763,0.13369059088850221,C
1.16591668,1.08331357773e-10,2023-02-22T18:03:39Z,112.88367949594166,46,100.00019836,0.13369059088850221,0.1397681676477763,0.13369059088850221,C
1.35935903,9.25771903992,2023-02-22T18:03:39Z,112.88367949594166,46,100.00019836,0.13369059088850221,0.1397681676477763,0.13369059088850221,C
1.58489633,4.11134004593,2023-02-22T18:03:39Z,112.88367949594166,46,100.00019836,0.13369059088850221,0.1397681676477763,0.13369059088850221,C
1.84785342,2.8918902828e-9,2023-02-22T18:03:39Z,112.88367949594166,46,100.00019836,0.13369059088850221,0.1397681676477763,0.13369059088850221,C
2.15443897,2.25046165856e-27,2023-02-22T18:03:39Z,112.88367949594166,46,100.00019836,0.13369059088850221,0.1397681676477763,0.13369059088850221,C
2.51189137,0,2023-02-22T18:03:39Z,112.88367949594166,46,100.00019836,0.13369059088850221,0.1397681676477763,0.13369059088850221,C
2.92865038,0,2023-02-22T18:03:39Z,112.88367949594166,46,100.00019836,0.13369059088850221,0.1397681676477763,0.13369059088850221,C
3.41455555,0,2023-02-22T18:03:39Z,112.88367949594166,46,100.00019836,0.13369059088850221,0.1397681676477763,0.13369059088850221,C
3.98107958,0,2023-02-22T18:03:39Z,112.88367949594166,46,100.00019836,0.13369059088850221,0.1397681676477763,0.13369059088850221,C
4.64159775,0,2023-02-22T18:03:39Z,112.88367949594166,46,100.00019836,0.13369059088850221,0.1397681676477763,0.13369059088850221,C
5.41170597,0,2023-02-22T18:03:39Z,112.88367949594166,46,100.00019836,0.13369059088850221,0.1397681676477763,0.13369059088850221,C
6.30958605,0.00322206644341,2023-02-22T18:03:39Z,112.88367949594166,46,100.00019836,0.13369059088850221,0.1397681676477763,0.13369059088850221,C
7.35643721,0.114055365324,2023-02-22T18:03:39Z,112.88367949594166,46,100.00019836,0.13369059088850221,0.1397681676477763,0.13369059088850221,C
8.57697582,0.49048024416,2023-02-22T18:03:39Z,112.88367949594166,46,100.00019836,0.13369059088850221,0.1397681676477763,0.13369059088850221,C
10.00002003,1.32998752594,2023-02-22T18:03:39Z,112.88367949594166,46,100.00019836,0.13369059088850221,0.1397681676477763,0.13369059088850221,C
11.65916729,2.7301025390600002,2023-02-22T18:03:39Z,112.88367949594166,46,100.00019836,0.13369059088850221,0.1397681676477763,0.13369059088850221,C
13.59359074,4.44540548325,2023-02-22T18:03:39Z,112.88367949594166,46,100.00019836,0.13369059088850221,0.1397681676477763,0.13369059088850221,C
15.84896278,5.72090053558,2023-02-22T18:03:39Z,112.88367949594166,46,100.00019836,0.13369059088850221,0.1397681676477763,0.13369059088850221,C
18.47853470,5.53190326691,2023-02-22T18:03:39Z,112.88367949594166,46,100.00019836,0.13369059088850221,0.1397681676477763,0.13369059088850221,C
21.54438972,3.39393758774,2023-02-22T18:03:39Z,112.88367949594166,46,100.00019836,0.13369059088850221,0.1397681676477763,0.13369059088850221,C
25.11891365,0.426132500172,2023-02-22T18:03:39Z,112.88367949594166,46,100.00019836,0.13369059088850221,0.1397681676477763,0.13369059088850221,C
29.28650284,0,2023-02-22T18:03:39Z,112.88367949594166,46,100.00019836,0.13369059088850221,0.1397681676477763,0.13369059088850221,C
34.14555740,0,2023-02-22T18:03:39Z,112.88367949594166,46,100.00019836,0.13369059088850221,0.1397681676477763,0.13369059088850221,C
39.81079483,0,2023-02-22T18:03:39Z,112.88367949594166,46,100.00019836,0.13369059088850221,0.1397681676477763,0.13369059088850221,C
46.41598129,0,2023-02-22T18:03:39Z,112.88367949594166,46,100.00019836,0.13369059088850221,0.1397681676477763,0.13369059088850221,C
54.11705780,0,2023-02-22T18:03:39Z,112.88367949594166,46,100.00019836,0.13369059088850221,0.1397681676477763,0.13369059088850221,C
63.09585953,0,2023-02-22T18:03:39Z,112.88367949594166,46,100.00019836,0.13369059088850221,0.1397681676477763,0.13369059088850221,C
73.56436920,0,2023-02-22T18:03:39Z,112.88367949594166,46,100.00019836,0.13369059088850221,0.1397681676477763,0.13369059088850221,C
85.76976013,7.59800615436e-14,2023-02-22T18:03:39Z,112.88367949594166,46,100.00019836,0.13369059088850221,0.1397681676477763,0.13369059088850221,C
100.00019836,62.4448127747,2023-02-22T18:03:39Z,112.88367949594166,46,100.00019836,0.13369059088850221,0.1397681676477763,0.13369059088850221,C
116.59166718,0,2023-02-22T18:03:39Z,112.88367949594166,46,100.00019836,0.13369059088850221,0.1397681676477763,0.13369059088850221,C
135.93591309,0,2023-02-22T18:03:39Z,112.88367949594166,46,100.00019836,0.13369059088850221,0.1397681676477763,0.13369059088850221,C
158.48962402,0,2023-02-22T18:03:39Z,112.88367949594166,46,100.00019836,0.13369059088850221,0.1397681676477763,0.13369059088850221,C
184.78533936,0,2023-02-22T18:03:39Z,112.88367949594166,46,100.00019836,0.13369059088850221,0.1397681676477763,0.13369059088850221,C
215.44389343,0,2023-02-22T18:03:39Z,112.88367949594166,46,100.00019836,0.13369059088850221,0.1397681676477763,0.13369059088850221,C
251.18913269,0,2023-02-22T18:03:39Z,112.88367949594166,46,100.00019836,0.13369059088850221,0.1397681676477763,0.13369059088850221,C
292.86502075,0,2023-02-22T18:03:39Z,112.88367949594166,46,100.00019836,0.13369059088850221,0.1397681676477763,0.13369059088850221,C
341.45556641,0,2023-02-22T18:03:39Z,112.88367949594166,46,100.00019836,0.13369059088850221,0.1397681676477763,0.13369059088850221,C
398.10794067,0,2023-02-22T18:03:39Z,112.88367949594166,46,100.00019836,0.13369059088850221,0.1397681676477763,0.13369059088850221,C
464.15979004,0,2023-02-22T18:03:39Z,112.88367949594166,46,100.00019836,0.13369059088850221,0.1397681676477763,0.13369059088850221,C
541.17059326,0,2023-02-22T18:03:39Z,112.88367949594166,46,100.00019836,0.13369059088850221,0.1397681676477763,0.13369059088850221,C
630.95855713,0,2023-02-22T18:03:39Z,112.88367949594166,46,100.00019836,0.13369059088850221,0.1397681676477763,0.13369059088850221,C
735.64367676,0,2023-02-22T18:03:39Z,112.88367949594166,46,100.00019836,0.13369059088850221,0.1397681676477763,0.13369059088850221,C
857.69757080,0,2023-02-22T18:03:39Z,112.88367949594166,46,100.00019836,0.13369059088850221,0.1397681676477763,0.13369059088850221,C
1000.00195313,0,2023-02-22T18:03:39Z,112.88367949594166,46,100.00019836,0.13369059088850221,0.1397681676477763,0.13369059088850221,C
0.10000020,0,2023-02-22T18:03:40Z,153.34335698020277,46,100.00019836,0.1301086040402705,0.131948450970651,0.1300807395577293,B
0.11659167,0,2023-02-22T18:03:40Z,153.34335698020277,46,100.00019836,0.1301086040402705,0.131948450970651,0.1300807395577293,B
0.13593590,0,2023-02-22T18:03:40Z,153.34335698020277,46,100.00019836,0.1301086040402705,0.131948450970651,0.1300807395577293,B
0.15848963,0,2023-02-22T18:03:40Z,153.34335698020277,46,100.00019836,0.1301086040402705,0.131948450970651,0.1300807395577293,B
0.18478534,0,2023-02-22T18:03:40Z,153.34335698020277,46,100.00019836,0.1301086040402705,0.131948450970651,0.1300807395577293,B
0.21544389,0,2023-02-22T18:03:40Z,153.34335698020277,46,100.00019836,0.1301086040402705,0.131948450970651,0.1300807395577293,B
0.25118914,0,2023-02-22T18:03:40Z,153.34335698020277,46,100.00019836,0.1301086040402705,0.131948450970651,0.1300807395577293,B
0.29286504,0,2023-02-22T18:03:40Z,153.34335698020277,46,100.00019836,0.1301086040402705,0.131948450970651,0.1300807395577293,B
0.34145555,0,2023-02-22T18:03:40Z,153.34335698020277,46,100.00019836,0.1301086040402705,0.131948450970651,0.1300807395577293,B
0.39810795,0,2023-02-22T18:03:40Z,153.34335698020277,46,100.00019836,0.1301086040402705,0.131948450970651,0.1300807395577293,B
0.46415979,0,2023-02-22T18:03:40Z,153.34335698020277,46,100.00019836,0.1301086040402705,0.131948450970651,0.1300807395577293,B
0.54117060,0,2023-02-22T18:03:40Z,153.34335698020277,46,100.00019836,0.1301086040402705,0.131948450970651,0.1300807395577293,B
0.63095856,0,2023-02-22T18:03:40Z,153.34335698020277,46,100.00019836,0.1301086040402705,0.131948450970651,0.1300807395577293,B
0.73564368,0,2023-02-22T18:03:40Z,153.34335698020277,46,100.00019836,0.1301086040402705,0.131948450970651,0.1300807395577293,B
0.85769761,0,2023-02-22T18:03:40Z,153.34335698020277,46,100.00019836,0.1301086040402705,0.131948450970651,0.1300807395577293,B
1.00000191,0.00166016817093,2023-02-22T18:03:40Z,153.34335698020277,46,100.00019836,0.1301086040402705,0.131948450970651,0.1300807395577293,B
1.16591668,1.04476451874,2023-02-22T18:03:40Z,153.34335698020277,46,100.00019836,0.1301086040402705,0.131948450970651,0.1300807395577293,B
1.35935903,7.47892999649,2023-02-22T18:03:40Z,153.34335698020277,46,100.00019836,0.1301086040402705,0.131948450970651,0.1300807395577293,B
1.58489633,4.17992019653,2023-02-22T18:03:40Z,153.34335698020277,46,100.00019836,0.1301086040402705,0.131948450970651,0.1300807395577293,B
1.84785342,0.302799075842,2023-02-22T18:03:40Z,153.34335698020277,46,100.00019836,0.1301086040402705,0.131948450970651,0.1300807395577293,B
2.15443897,0.00278493203223,2023-02-22T18:03:40Z,153.34335698020277,46,100.00019836,0.1301086040402705,0.131948450970651,0.1300807395577293,B
2.51189137,1.51622089106e-6,2023-02-22T18:03:40Z,153.34335698020277,46,100.00019836,0.1301086040402705,0.131948450970651,0.1300807395577293,B
2.92865038,1.00037079315e-12,2023-02-22T18:03:40Z,153.34335698020277,46,100.00019836,0.1301086040402705,0.131948450970651,0.1300807395577293,B
3.41455555,0,2023-02-22T18:03:40Z,153.34335698020277,46,100.00019836,0.1301086040402705,0.131948450970651,0.1300807395577293,B
3.98107958,0,2023-02-22T18:03:40Z,153.34335698020277,46,100.00019836,0.1301086040402705,0.131948450970651,0.1300807395577293,B
4.64159775,0,2023-02-22T18:03:40Z,153.34335698020277,46,100.00019836,0.1301086040402705,0.131948450970651,0.1300807395577293,B
5.41170597,0,2023-02-22T18:03:40Z,153.34335698020277,46,100.00019836,0.1301086040402705,0.131948450970651,0.1300807395577293,B
6.30958605,1.46621736349e-4,2023-02-22T18:03:40Z,153.34335698020277,46,100.00019836,0.1301086040402705,0.131948450970651,0.1300807395577293,B
7.35643721,0.0205580163747,2023-02-22T18:03:40Z,153.34335698020277,46,100.00019836,0.1301086040402705,0.131948450970651,0.1300807395577293,B
8.57697582,0.163280054927,2023-02-22T18:03:40Z,153.34335698020277,46,100.00019836,0.1301086040402705,0.131948450970651,0.1300807395577293,B
10.00002003,0.675194561481,2023-02-22T18:03:40Z,153.34335698020277,46,100.00019836,0.1301086040402705,0.131948450970651,0.1300807395577293,B
11.65916729,1.9234906435,2023-02-22T18:03:40Z,153.34335698020277,46,100.00019836,0.1301086040402705,0.131948450970651,0.1300807395577293,B
13.59359074,4.07348012924,2023-02-22T18:03:40Z,153.34335698020277,46,100.00019836,0.1301086040402705,0.131948450970651,0.1300807395577293,B
15.84896278,6.43673753738,2023-02-22T18:03:40Z,153.34335698020277,46,100.00019836,0.1301086040402705,0.131948450970651,0.1300807395577293,B
18.47853470,7.20634889603,2023-02-22T18:03:40Z,153.34335698020277,46,100.00019836,0.1301086040402705,0.131948450970651,0.1300807395577293,B
21.54438972,4.89199304581,2023-02-22T18:03:40Z,153.34335698020277,46,100.00019836,0.1301086040402705,0.131948450970651,0.1300807395577293,B
25.11891365,1.14349544048,2023-02-22T18:03:40Z,153.34335698020277,46,100.00019836,0.1301086040402705,0.131948450970651,0.1300807395577293,B
29.28650284,0,2023-02-22T18:03:40Z,153.34335698020277,46,100.00019836,0.1301086040402705,0.131948450970651,0.1300807395577293,B
34.14555740,0,2023-02-22T18:03:40Z,153.34335698020277,46,100.00019836,0.1301086040402705,0.131948450970651,0.1300807395577293,B
39.81079483,0,2023-02-22T18:03:40Z,153.34335698020277,46,100.00019836,0.1301086040402705,0.131948450970651,0.1300807395577293,B
46.41598129,0,2023-02-22T18:03:40Z,153.34335698020277,46,100.00019836,0.1301086040402705,0.131948450970651,0.1300807395577293,B
54.11705780,0,2023-02-22T18:03:40Z,153.34335698020277,46,100.00019836,0.1301086040402705,0.131948450970651,0.1300807395577293,B
63.09585953,0,2023-02-22T18:03:40Z,153.34335698020277,46,100.00019836,0.1301086040402705,0.131948450970651,0.1300807395577293,B
73.56436920,0,2023-02-22T18:03:40Z,153.34335698020277,46,100.00019836,0.1301086040402705,0.131948450970651,0.1300807395577293,B
85.76976013,0,2023-02-22T18:03:40Z,153.34335698020277,46,100.00019836,0.1301086040402705,0.131948450970651,0.1300807395577293,B
100.00019836,60.4544219971,2023-02-22T18:03:40Z,153.34335698020277,46,100.00019836,0.1301086040402705,0.131948450970651,0.1300807395577293,B
116.59166718,0,2023-02-22T18:03:40Z,153.34335698020277,46,100.00019836,0.1301086040402705,0.131948450970651,0.1300807395577293,B
135.93591309,0,2023-02-22T18:03:40Z,153.34335698020277,46,100.00019836,0.1301086040402705,0.131948450970651,0.1300807395577293,B
158.48962402,0,2023-02-22T18:03:40Z,153.34335698020277,46,100.00019836,0.1301086040402705,0.131948450970651,0.1300807395577293,B
184.78533936,0,2023-02-22T18:03:40Z,153.34335698020277,46,100.00019836,0.1301086040402705,0.131948450970651,0.1300807395577293,B
215.44389343,0,2023-02-22T18:03:40Z,153.34335698020277,46,100.00019836,0.1301086040402705,0.131948450970651,0.1300807395577293,B
251.18913269,0,2023-02-22T18:03:40Z,153.34335698020277,46,100.00019836,0.1301086040402705,0.131948450970651,0.1300807395577293,B
292.86502075,0,2023-02-22T18:03:40Z,153.34335698020277,46,100.00019836,0.1301086040402705,0.131948450970651,0.1300807395577293,B
341.45556641,0,2023-02-22T18:03:40Z,153.34335698020277,46,100.00019836,0.1301086040402705,0.131948450970651,0.1300807395577293,B
398.10794067,0,2023-02-22T18:03:40Z,153.34335698020277,46,100.00019836,0.1301086040402705,0.131948450970651,0.1300807395577293,B
464.15979004,0,2023-02-22T18:03:40Z,153.34335698020277,46,100.00019836,0.1301086040402705,0.131948450970651,0.1300807395577293,B
541.17059326,0,2023-02-22T18:03:40Z,153.34335698020277,46,100.00019836,0.1301086040402705,0.131948450970651,0.1300807395577293,B
630.95855713,0,2023-02-22T18:03:40Z,153.34335698020277,46,100.00019836,0.1301086040402705,0.131948450970651,0.1300807395577293,B
735.64367676,0,2023-02-22T18:03:40Z,153.34335698020277,46,100.00019836,0.1301086040402705,0.131948450970651,0.1300807395577293,B
857.69757080,0,2023-02-22T18:03:40Z,153.34335698020277,46,100.00019836,0.1301086040402705,0.131948450970651,0.1300807395577293,B
1000.00195313,0,2023-02-22T18:03:40Z,153.34335698020277,46,100.00019836,0.1301086040402705,0.131948450970651,0.1300807395577293,B
0.10000020,0,2023-02-22T18:03:41Z,176.89808146166666,46,100.00019836,0.134631995598104,0.13651252505114841,0.134622693231951,B
0.11659167,0,2023-02-22T18:03:41Z,176.89808146166666,46,100.00019836,0.134631995598104,0.13651252505114841,0.134622693231951,B
0.13593590,0,2023-02-22T18:03:41Z,176.89808146166666,46,100.00019836,0.134631995598104,0.13651252505114841,0.134622693231951,B
0.15848963,0,2023-02-22T18:03:41Z,176.89808146166666,46,100.00019836,0.134631995598104,0.13651252505114841,0.134622693231951,B
0.18478534,0,2023-02-22T18:03:41Z,176.89808146166666,46,100.00019836,0.134631995598104,0.13651252505114841,0.134622693231951,B
0.21544389,0,2023-02-22T18:03:41Z,176.89808146166666,46,100.00019836,0.134631995598104,0.13651252505114841,0.134622693231951,B
0.25118914,0,2023-02-22T18:03:41Z,176.89808146166666,46,100.00019836,0.134631995598104,0.13651252505114841,0.134622693231951,B
0.29286504,0,2023-02-22T18:03:41Z,176.89808146166666,46,100.00019836,0.134631995598104,0.13651252505114841,0.134622693231951,B
0.34145555,0,2023-02-22T18:03:41Z,176.89808146166666,46,100.00019836,0.134631995598104,0.13651252505114841,0.134622693231951,B
0.39810795,0,2023-02-22T18:03:41Z,176.89808146166666,46,100.00019836,0.134631995598104,0.13651252505114841,0.134622693231951,B
0.46415979,0,2023-02-22T18:03:41Z,176.89808146166666,46,100.00019836,0.134631995598104,0.13651252505114841,0.134622693231951,B
0.54117060,0,2023-02-22T18:03:41Z,176.89808146166666,46,100.00019836,0.134631995598104,0.13651252505114841,0.134622693231951,B
0.63095856,0,2023-02-22T18:03:41Z,176.89808146166666,46,100.00019836,0.134631995598104,0.13651252505114841,0.134622693231951,B
0.73564368,0,2023-02-22T18:03:41Z,176.89808146166666,46,100.00019836,0.134631995598104,0.13651252505114841,0.134622693231951,B
0.85769761,0,2023-02-22T18:03:41Z,176.89808146166666,46,100.00019836,0.134631995598104,0.13651252505114841,0.134622693231951,B
1.00000191,7.1099671004e-6,2023-02-22T18:03:41Z,176.89808146166666,46,100.00019836,0.134631995598104,0.13651252505114841,0.134622693231951,B
1.16591668,0.21226477623,2023-02-22T18:03:41Z,176.89808146166666,46,100.00019836,0.134631995598104,0.13651252505114841,0.134622693231951,B
1.35935903,7.02245521545,2023-02-22T18:03:41Z,176.89808146166666,46,100.00019836,0.134631995598104,0.13651252505114841,0.134622693231951,B
1.58489633,5.92922306061,2023-02-22T18:03:41Z,176.89808146166666,46,100.00019836,0.134631995598104,0.13651252505114841,0.134622693231951,B
1.84785342,0.298319160938,2023-02-22T18:03:41Z,176.89808146166666,46,100.00019836,0.134631995598104,0.13651252505114841,0.134622693231951,B
2.15443897,9.3016953906e-4,2023-02-22T18:03:41Z,176.89808146166666,46,100.00019836,0.134631995598104,0.13651252505114841,0.134622693231951,B
2.51189137,6.7076236121e-8,2023-02-22T18:03:41Z,176.89808146166666,46,100.00019836,0.134631995598104,0.13651252505114841,0.134622693231951,B
2.92865038,1.14411090702e-15,2023-02-22T18:03:41Z,176.89808146166666,46,100.00019836,0.134631995598104,0.13651252505114841,0.134622693231951,B
3.41455555,0,2023-02-22T18:03:41Z,176.89808146166666,46,100.00019836,0.134631995598104,0.13651252505114841,0.134622693231951,B
3.98107958,0,2023-02-22T18:03:41Z,176.89808146166666,46,100.00019836,0.134631995598104,0.13651252505114841,0.134622693231951,B
4.64159775,0,2023-02-22T18:03:41Z,176.89808146166666,46,100.00019836,0.134631995598104,0.13651252505114841,0.134622693231951,B
5.41170597,0,2023-02-22T18:03:41Z,176.89808146166666,46,100.00019836,0.134631995598104,0.13651252505114841,0.134622693231951,B
6.30958605,5.51570672542e-4,2023-02-22T18:03:41Z,176.89808146166666,46,100.00019836,0.134631995598104,0.13651252505114841,0.134622693231951,B
7.35643721,0.0234512425959,2023-02-22T18:03:41Z,176.89808146166666,46,100.00019836,0.134631995598104,0.13651252505114841,0.134622693231951,B
8.57697582,0.164050132036,2023-02-22T18:03:41Z,176.89808146166666,46,100.00019836,0.134631995598104,0.13651252505114841,0.134622693231951,B
10.00002003,0.652217805386,2023-02-22T18:03:41Z,176.89808146166666,46,100.00019836,0.134631995598104,0.13651252505114841,0.134622693231951,B
11.65916729,1.8399169445,2023-02-22T18:03:41Z,176.89808146166666,46,100.00019836,0.134631995598104,0.13651252505114841,0.134622693231951,B
13.59359074,3.9267475605,2023-02-22T18:03:41Z,176.89808146166666,46,100.00019836,0.134631995598104,0.13651252505114841,0.134622693231951,B
15.84896278,6.35671234131,2023-02-22T18:03:41Z,176.89808146166666,46,100.00019836,0.134631995598104,0.13651252505114841,0.134622693231951,B
18.47853470,7.4632525444,2023-02-22T18:03:41Z,176.89808146166666,46,100.00019836,0.134631995598104,0.13651252505114841,0.134622693231951,B
21.54438972,5.59546661377,2023-02-22T18:03:41Z,176.89808146166666,46,100.00019836,0.134631995598104,0.13651252505114841,0.134622693231951,B
25.11891365,1.80079042912,2023-02-22T18:03:41Z,176.89808146166666,46,100.00019836,0.134631995598104,0.13651252505114841,0.134622693231951,B
29.28650284,3.13879456371e-4,2023-02-22T18:03:41Z,176.89808146166666,46,100.00019836,0.134631995598104,0.13651252505114841,0.134622693231951,B
34.14555740,0,2023-02-22T18:03:41Z,176.89808146166666,46,100.00019836,0.134631995598104,0.13651252505114841,0.134622693231951,B
39.81079483,0,2023-02-22T18:03:41Z,176.89808146166666,46,100.00019836,0.134631995598104,0.13651252505114841,0.134622693231951,B
46.41598129,0,2023-02-22T18:03:41Z,176.89808146166666,46,100.00019836,0.134631995598104,0.13651252505114841,0.134622693231951,B
54.11705780,0,2023-02-22T18:03:41Z,176.89808146166666,46,100.00019836,0.134631995598104,0.13651252505114841,0.134622693231951,B
63.09585953,0,2023-02-22T18:03:41Z,176.89808146166666,46,100.00019836,0.134631995598104,0.13651252505114841,0.134622693231951,B
73.56436920,0,2023-02-22T18:03:41Z,176.89808146166666,46,100.00019836,0.134631995598104,0.13651252505114841,0.134622693231951,B
85.76976013,0,2023-02-22T18:03:41Z,176.89808146166666,46,100.00019836,0.134631995598104,0.13651252505114841,0.134622693231951,B
100.00019836,58.7133293152,2023-02-22T18:03:41Z,176.89808146166666,46,100.00019836,0.134631995598104,0.13651252505114841,0.134622693231951,B
116.59166718,0,2023-02-22T18:03:41Z,176.89808146166666,46,100.00019836,0.134631995598104,0.13651252505114841,0.134622693231951,B
135.93591309,0,2023-02-22T18:03:41Z,176.89808146166666,46,100.00019836,0.134631995598104,0.13651252505114841,0.134622693231951,B
158.48962402,0,2023-02-22T18:03:41Z,176.89808146166666,46,100.00019836,0.134631995598104,0.13651252505114841,0.134622693231951,B
184.78533936,0,2023-02-22T18:03:41Z,176.89808146166666,46,100.00019836,0.134631995598104,0.13651252505114841,0.134622693231951,B
215.44389343,0,2023-02-22T18:03:41Z,176.89808146166666,46,100.00019836,0.134631995598104,0.13651252505114841,0.134622693231951,B
251.18913269,0,2023-02-22T18:03:41Z,176.89808146166666,46,100.00019836,0.134631995598104,0.13651252505114841,0.134622693231951,B
292.86502075,0,2023-02-22T18:03:41Z,176.89808146166666,46,100.00019836,0.134631995598104,0.13651252505114841,0.134622693231951,B
341.45556641,0,2023-02-22T18:03:41Z,176.89808146166666,46,100.00019836,0.134631995598104,0.13651252505114841,0.134622693231951,B
398.10794067,0,2023-02-22T18:03:41Z,176.89808146166666,46,100.00019836,0.134631995598104,0.13651252505114841,0.134622693231951,B
464.15979004,0,2023-02-22T18:03:41Z,176.89808146166666,46,100.00019836,0.134631995598104,0.13651252505114841,0.134622693231951,B
541.17059326,0,2023-02-22T18:03:41Z,176.89808146166666,46,100.00019836,0.134631995598104,0.13651252505114841,0.134622693231951,B
630.95855713,0,2023-02-22T18:03:41Z,176.89808146166666,46,100.00019836,0.134631995598104,0.13651252505114841,0.134622693231951,B
735.64367676,0,2023-02-22T18:03:41Z,176.89808146166666,46,100.00019836,0.134631995598104,0.13651252505114841,0.134622693231951,B
857.69757080,0,2023-02-22T18:03:41Z,176.89808146166666,46,100.00019836,0.134631995598104,0.13651252505114841,0.134622693231951,B
1000.00195313,0,2023-02-22T18:03:41Z,176.89808146166666,46,100.00019836,0.134631995598104,0.13651252505114841,0.134622693231951,B
0.10000020,0,2023-02-22T18:03:42Z,195.92811859975276,46,100.00019836,0.15789206127709968,0.17084330952334598,0.15568335723129498,B
0.11659167,0,2023-02-22T18:03:42Z,195.92811859975276,46,100.00019836,0.15789206127709968,0.17084330952334598,0.15568335723129498,B
0.13593590,0,2023-02-22T18:03:42Z,195.92811859975276,46,100.00019836,0.15789206127709968,0.17084330952334598,0.15568335723129498,B
0.15848963,0,2023-02-22T18:03:42Z,195.92811859975276,46,100.00019836,0.15789206127709968,0.17084330952334598,0.15568335723129498,B
0.18478534,0,2023-02-22T18:03:42Z,195.92811859975276,46,100.00019836,0.15789206127709968,0.17084330952334598,0.15568335723129498,B
0.21544389,0,2023-02-22T18:03:42Z,195.92811859975276,46,100.00019836,0.15789206127709968,0.17084330952334598,0.15568335723129498,B
0.25118914,0,2023-02-22T18:03:42Z,195.92811859975276,46,100.00019836,0.15789206127709968,0.17084330952334598,0.15568335723129498,B
0.29286504,0,2023-02-22T18:03:42Z,195.92811859975276,46,100.00019836,0.15789206127709968,0.17084330952334598,0.15568335723129498,B
0.34145555,0,2023-02-22T18:03:42Z,195.92811859975276,46,100.00019836,0.15789206127709968,0.17084330952334598,0.15568335723129498,B
0.39810795,0,2023-02-22T18:03:42Z,195.92811859975276,46,100.00019836,0.15789206127709968,0.17084330952334598,0.15568335723129498,B
0.46415979,0,2023-02-22T18:03:42Z,195.92811859975276,46,100.00019836,0.15789206127709968,0.17084330952334598,0.15568335723129498,B
0.54117060,0,2023-02-22T18:03:42Z,195.92811859975276,46,100.00019836,0.15789206127709968,0.17084330952334598,0.15568335723129498,B
0.63095856,0,2023-02-22T18:03:42Z,195.92811859975276,46,100.00019836,0.15789206127709968,0.17084330952334598,0.15568335723129498,B
0.73564368,0,2023-02-22T18:03:42Z,195.92811859975276,46,100.00019836,0.15789206127709968,0.17084330952334598,0.15568335723129498,B
0.85769761,0,2023-02-22T18:03:42Z,195.92811859975276,46,100.00019836,0.15789206127709968,0.17084330952334598,0.15568335723129498,B
1.00000191,0.0309532396495,2023-02-22T18:03:42Z,195.92811859975276,46,100.00019836,0.15789206127709968,0.17084330952334598,0.15568335723129498,B
1.16591668,1.48297405243,2023-02-22T18:03:42Z,195.92811859975276,46,100.00019836,0.15789206127709968,0.17084330952334598,0.15568335723129498,B
1.35935903,6.01925945282,2023-02-22T18:03:42Z,195.92811859975276,46,100.00019836,0.15789206127709968,0.17084330952334598,0.15568335723129498,B
1.58489633,6.04271793365,2023-02-22T18:03:42Z,195.92811859975276,46,100.00019836,0.15789206127709968,0.17084330952334598,0.15568335723129498,B
1.84785342,1.99243104458,2023-02-22T18:03:42Z,195.92811859975276,46,100.00019836,0.15789206127709968,0.17084330952334598,0.15568335723129498,B
2.15443897,0.215625181794,2023-02-22T18:03:42Z,195.92811859975276,46,100.00019836,0.15789206127709968,0.17084330952334598,0.15568335723129498,B
2.51189137,0.00524040078744,2023-02-22T18:03:42Z,195.92811859975276,46,100.00019836,0.15789206127709968,0.17084330952334598,0.15568335723129498,B
2.92865038,4.82199902763e-6,2023-02-22T18:03:42Z,195.92811859975276,46,100.00019836,0.15789206127709968,0.17084330952334598,0.15568335723129498,B
3.41455555,0,2023-02-22T18:03:42Z,195.92811859975276,46,100.00019836,0.15789206127709968,0.17084330952334598,0.15568335723129498,B
3.98107958,0,2023-02-22T18:03:42Z,195.92811859975276,46,100.00019836,0.15789206127709968,0.17084330952334598,0.15568335723129498,B
4.64159775,0,2023-02-22T18:03:42Z,195.92811859975276,46,100.00019836,0.15789206127709968,0.17084330952334598,0.15568335723129498,B
5.41170597,0.00389227597043,2023-02-22T18:03:42Z,195.92811859975276,46,100.00019836,0.15789206127709968,0.17084330952334598,0.15568335723129498,B
6.30958605,0.0811623558402,2023-02-22T18:03:42Z,195.92811859975276,46,100.00019836,0.15789206127709968,0.17084330952334598,0.15568335723129498,B
7.35643721,0.331312596798,2023-02-22T18:03:42Z,195.92811859975276,46,100.00019836,0.15789206127709968,0.17084330952334598,0.15568335723129498,B
8.57697582,0.878757596016,2023-02-22T18:03:42Z,195.92811859975276,46,100.00019836,0.15789206127709968,0.17084330952334598,0.15568335723129498,B
10.00002003,1.83995103836,2023-02-22T18:03:42Z,195.92811859975276,46,100.00019836,0.15789206127709968,0.17084330952334598,0.15568335723129498,B
11.65916729,3.24386906624,2023-02-22T18:03:42Z,195.92811859975276,46,100.00019836,0.15789206127709968,0.17084330952334598,0.15568335723129498,B
13.59359074,4.9147028923,2023-02-22T18:03:42Z,195.92811859975276,46,100.00019836,0.15789206127709968,0.17084330952334598,0.15568335723129498,B
15.84896278,6.36654424667,2023-02-22T18:03:42Z,195.92811859975276,46,100.00019836,0.15789206127709968,0.17084330952334598,0.15568335723129498,B
18.47853470,6.85110664368,2023-02-22T18:03:42Z,195.92811859975276,46,100.00019836,0.15789206127709968,0.17084330952334598,0.15568335723129498,B
21.54438972,5.71685934067,2023-02-22T18:03:42Z,195.92811859975276,46,100.00019836,0.15789206127709968,0.17084330952334598,0.15568335723129498,B
25.11891365,3.11196208,2023-02-22T18:03:42Z,195.92811859975276,46,100.00019836,0.15789206127709968,0.17084330952334598,0.15568335723129498,B
29.28650284,0.533305644989,2023-02-22T18:03:42Z,195.92811859975276,46,100.00019836,0.15789206127709968,0.17084330952334598,0.15568335723129498,B
34.14555740,0,2023-02-22T18:03:42Z,195.92811859975276,46,100.00019836,0.15789206127709968,0.17084330952334598,0.15568335723129498,B
39.81079483,0,2023-02-22T18:03:42Z,195.92811859975276,46,100.00019836,0.15789206127709968,0.17084330952334598,0.15568335723129498,B
46.41598129,0,2023-02-22T18:03:42Z,195.92811859975276,46,100.00019836,0.15789206127709968,0.17084330952334598,0.15568335723129498,B
54.11705780,0,2023-02-22T18:03:42Z,195.92811859975276,46,100.00019836,0.15789206127709968,0.17084330952334598,0.15568335723129498,B
63.09585953,0,2023-02-22T18:03:42Z,195.92811859975276,46,100.00019836,0.15789206127709968,0.17084330952334598,0.15568335723129498,B
73.56436920,0,2023-02-22T18:03:42Z,195.92811859975276,46,100.00019836,0.15789206127709968,0.17084330952334598,0.15568335723129498,B
85.76976013,0,2023-02-22T18:03:42Z,195.92811859975276,46,100.00019836,0.15789206127709968,0.17084330952334598,0.15568335723129498,B
100.00019836,50.3373680115,2023-02-22T18:03:42Z,195.92811859975276,46,100.00019836,0.15789206127709968,0.17084330952334598,0.15568335723129498,B
116.59166718,0,2023-02-22T18:03:42Z,195.92811859975276,46,100.00019836,0.15789206127709968,0.17084330952334598,0.15568335723129498,B
135.93591309,0,2023-02-22T18:03:42Z,195.92811859975276,46,100.00019836,0.15789206127709968,0.17084330952334598,0.15568335723129498,B
158.48962402,0,2023-02-22T18:03:42Z,195.92811859975276,46,100.00019836,0.15789206127709968,0.17084330952334598,0.15568335723129498,B
184.78533936,0,2023-02-22T18:03:42Z,195.92811859975276,46,100.00019836,0.15789206127709968,0.17084330952334598,0.15568335723129498,B
215.44389343,0,2023-02-22T18:03:42Z,195.92811859975276,46,100.00019836,0.15789206127709968,0.17084330952334598,0.15568335723129498,B
251.18913269,0,2023-02-22T18:03:42Z,195.92811859975276,46,100.00019836,0.15789206127709968,0.17084330952334598,0.15568335723129498,B
292.86502075,0,2023-02-22T18:03:42Z,195.92811859975276,46,100.00019836,0.15789206127709968,0.17084330952334598,0.15568335723129498,B
341.45556641,0,2023-02-22T18:03:42Z,195.92811859975276,46,100.00019836,0.15789206127709968,0.17084330952334598,0.15568335723129498,B
398.10794067,0,2023-02-22T18:03:42Z,195.92811859975276,46,100.00019836,0.15789206127709968,0.17084330952334598,0.15568335723129498,B
464.15979004,0,2023-02-22T18:03:42Z,195.92811859975276,46,100.00019836,0.15789206127709968,0.17084330952334598,0.15568335723129498,B
541.17059326,0,2023-02-22T18:03:42Z,195.92811859975276,46,100.00019836,0.15789206127709968,0.17084330952334598,0.15568335723129498,B
630.95855713,0,2023-02-22T18:03:42Z,195.92811859975276,46,100.00019836,0.15789206127709968,0.17084330952334598,0.15568335723129498,B
735.64367676,0,2023-02-22T18:03:42Z,195.92811859975276,46,100.00019836,0.15789206127709968,0.17084330952334598,0.15568335723129498,B
857.69757080,0,2023-02-22T18:03:42Z,195.92811859975276,46,100.00019836,0.15789206127709968,0.17084330952334598,0.15568335723129498,B
1000.00195313,0,2023-02-22T18:03:42Z,195.92811859975276,46,100.00019836,0.15789206127709968,0.17084330952334598,0.15568335723129498,B
0.10000020,0,2023-02-22T18:03:43Z,148.550651550325,46,100.00019836,0.14889451996540423,0.18137393311716424,0.1486995627475006,C
0.11659167,0,2023-02-22T18:03:43Z,148.550651550325,46,100.00019836,0.14889451996540423,0.18137393311716424,0.1486995627475006,C
0.13593590,0,2023-02-22T18:03:43Z,148.550651550325,46,100.00019836,0.14889451996540423,0.18137393311716424,0.1486995627475006,C
0.15848963,0,2023-02-22T18:03:43Z,148.550651550325,46,100.00019836,0.14889451996540423,0.18137393311716424,0.1486995627475006,C
0.18478534,0,2023-02-22T18:03:43Z,148.550651550325,46,100.00019836,0.14889451996540423,0.18137393311716424,0.1486995627475006,C
0.21544389,0,2023-02-22T18:03:43Z,148.550651550325,46,100.00019836,0.14889451996540423,0.18137393311716424,0.1486995627475006,C
0.25118914,0,2023-02-22T18:03:43Z,148.550651550325,46,100.00019836,0.14889451996540423,0.18137393311716424,0.1486995627475006,C
0.29286504,0,2023-02-22T18:03:43Z,148.550651550325,46,100.00019836,0.14889451996540423,0.18137393311716424,0.1486995627475006,C
0.34145555,0,2023-02-22T18:03:43Z,148.550651550325,46,100.00019836,0.14889451996540423,0.18137393311716424,0.1486995627475006,C
0.39810795,0,2023-02-22T18:03:43Z,148.550651550325,46,100.00019836,0.14889451996540423,0.18137393311716424,0.1486995627475006,C
0.46415979,0,2023-02-22T18:03:43Z,148.550651550325,46,100.00019836,0.14889451996540423,0.18137393311716424,0.1486995627475006,C
0.54117060,0,2023-02-22T18:03:43Z,148.550651550325,46,100.00019836,0.14889451996540423,0.18137393311716424,0.1486995627475006,C
0.63095856,0,2023-02-22T18:03:43Z,148.550651550325,46,100.00019836,0.14889451996540423,0.18137393311716424,0.1486995627475006,C
0.73564368,0,2023-02-22T18:03:43Z,148.550651550325,46,100.00019836,0.14889451996540423,0.18137393311716424,0.1486995627475006,C
0.85769761,0,2023-02-22T18:03:43Z,148.550651550325,46,100.00019836,0.14889451996540423,0.18137393311716424,0.1486995627475006,C
1.00000191,0.00123037886806,2023-02-22T18:03:43Z,148.550651550325,46,100.00019836,0.14889451996540423,0.18137393311716424,0.1486995627475006,C
1.16591668,0.783762633801,2023-02-22T18:03:43Z,148.550651550325,46,100.00019836,0.14889451996540423,0.18137393311716424,0.1486995627475006,C
1.35935903,7.0745973587,2023-02-22T18:03:43Z,148.550651550325,46,100.00019836,0.14889451996540423,0.18137393311716424,0.1486995627475006,C
1.58489633,6.15285110474,2023-02-22T18:03:43Z,148.550651550325,46,100.00019836,0.14889451996540423,0.18137393311716424,0.1486995627475006,C
1.84785342,0.857514798641,2023-02-22T18:03:43Z,148.550651550325,46,100.00019836,0.14889451996540423,0.18137393311716424,0.1486995627475006,C
2.15443897,0.0194559507072,2023-02-22T18:03:43Z,148.550651550325,46,100.00019836,0.14889451996540423,0.18137393311716424,0.1486995627475006,C
2.51189137,3.97705080104e-5,2023-02-22T18:03:43Z,148.550651550325,46,100.00019836,0.14889451996540423,0.18137393311716424,0.1486995627475006,C
2.92865038,5.75152259152e-10,2023-02-22T18:03:43Z,148.550651550325,46,100.00019836,0.14889451996540423,0.18137393311716424,0.1486995627475006,C
3.41455555,0,2023-02-22T18:03:43Z,148.550651550325,46,100.00019836,0.14889451996540423,0.18137393311716424,0.1486995627475006,C
3.98107958,0,2023-02-22T18:03:43Z,148.550651550325,46,100.00019836,0.14889451996540423,0.18137393311716424,0.1486995627475006,C
4.64159775,0,2023-02-22T18:03:43Z,148.550651550325,46,100.00019836,0.14889451996540423,0.18137393311716424,0.1486995627475006,C
5.41170597,0.117934703827,2023-02-22T18:03:43Z,148.550651550325,46,100.00019836,0.14889451996540423,0.18137393311716424,0.1486995627475006,C
6.30958605,0.425111114979,2023-02-22T18:03:43Z,148.550651550325,46,100.00019836,0.14889451996540423,0.18137393311716424,0.1486995627475006,C
7.35643721,0.9588367939,2023-02-22T18:03:43Z,148.550651550325,46,100.00019836,0.14889451996540423,0.18137393311716424,0.1486995627475006,C
8.57697582,1.74605870247,2023-02-22T18:03:43Z,148.550651550325,46,100.00019836,0.14889451996540423,0.18137393311716424,0.1486995627475006,C
10.00002003,2.76062512398,2023-02-22T18:03:43Z,148.550651550325,46,100.00019836,0.14889451996540423,0.18137393311716424,0.1486995627475006,C
11.65916729,3.89211392403,2023-02-22T18:03:43Z,148.550651550325,46,100.00019836,0.14889451996540423,0.18137393311716424,0.1486995627475006,C
13.59359074,4.91830158234,2023-02-22T18:03:43Z,148.550651550325,46,100.00019836,0.14889451996540423,0.18137393311716424,0.1486995627475006,C
15.84896278,5.5041217804,2023-02-22T18:03:43Z,148.550651550325,46,100.00019836,0.14889451996540423,0.18137393311716424,0.1486995627475006,C
18.47853470,5.26084375381,2023-02-22T18:03:43Z,148.550651550325,46,100.00019836,0.14889451996540423,0.18137393311716424,0.1486995627475006,C
21.54438972,3.88512349129,2023-02-22T18:03:43Z,148.550651550325,46,100.00019836,0.14889451996540423,0.18137393311716424,0.1486995627475006,C
25.11891365,1.39661967754,2023-02-22T18:03:43Z,148.550651550325,46,100.00019836,0.14889451996540423,0.18137393311716424,0.1486995627475006,C
29.28650284,0,2023-02-22T18:03:43Z,148.550651550325,46,100.00019836,0.14889451996540423,0.18137393311716424,0.1486995627475006,C
34.14555740,0,2023-02-22T18:03:43Z,148.550651550325,46,100.00019836,0.14889451996540423,0.18137393311716424,0.1486995627475006,C
39.81079483,0,2023-02-22T18:03:43Z,148.550651550325,46,100.00019836,0.14889451996540423,0.18137393311716424,0.1486995627475006,C
46.41598129,0,2023-02-22T18:03:43Z,148.550651550325,46,100.00019836,0.14889451996540423,0.18137393311716424,0.1486995627475006,C
54.11705780,0,2023-02-22T18:03:43Z,148.550651550325,46,100.00019836,0.14889451996540423,0.18137393311716424,0.1486995627475006,C
63.09585953,0,2023-02-22T18:03:43Z,148.550651550325,46,100.00019836,0.14889451996540423,0.18137393311716424,0.1486995627475006,C
73.56436920,0,2023-02-22T18:03:43Z,148.550651550325,46,100.00019836,0.14889451996540423,0.18137393311716424,0.1486995627475006,C
85.76976013,0,2023-02-22T18:03:43Z,148.550651550325,46,100.00019836,0.14889451996540423,0.18137393311716424,0.1486995627475006,C
100.00019836,54.2448577881,2023-02-22T18:03:43Z,148.550651550325,46,100.00019836,0.14889451996540423,0.18137393311716424,0.1486995627475006,C
116.59166718,0,2023-02-22T18:03:43Z,148.550651550325,46,100.00019836,0.14889451996540423,0.18137393311716424,0.1486995627475006,C
135.93591309,0,2023-02-22T18:03:43Z,148.550651550325,46,100.00019836,0.14889451996540423,0.18137393311716424,0.1486995627475006,C
158.48962402,0,2023-02-22T18:03:43Z,148.550651550325,46,100.00019836,0.14889451996540423,0.18137393311716424,0.1486995627475006,C
184.78533936,0,2023-02-22T18:03:43Z,148.550651550325,46,100.00019836,0.14889451996540423,0.18137393311716424,0.1486995627475006,C
215.44389343,0,2023-02-22T18:03:43Z,148.550651550325,46,100.00019836,0.14889451996540423,0.18137393311716424,0.1486995627475006,C
251.18913269,0,2023-02-22T18:03:43Z,148.550651550325,46,100.00019836,0.14889451996540423,0.18137393311716424,0.1486995627475006,C
292.86502075,0,2023-02-22T18:03:43Z,148.550651550325,46,100.00019836,0.14889451996540423,0.18137393311716424,0.1486995627475006,C
341.45556641,0,2023-02-22T18:03:43Z,148.550651550325,46,100.00019836,0.14889451996540423,0.18137393311716424,0.1486995627475006,C
398.10794067,0,2023-02-22T18:03:43Z,148.550651550325,46,100.00019836,0.14889451996540423,0.18137393311716424,0.1486995627475006,C
464.15979004,0,2023-02-22T18:03:43Z,148.550651550325,46,100.00019836,0.14889451996540423,0.18137393311716424,0.1486995627475006,C
541.17059326,0,2023-02-22T18:03:43Z,148.550651550325,46,100.00019836,0.14889451996540423,0.18137393311716424,0.1486995627475006,C
630.95855713,0,2023-02-22T18:03:43Z,148.550651550325,46,100.00019836,0.14889451996540423,0.18137393311716424,0.1486995627475006,C
735.64367676,0,2023-02-22T18:03:43Z,148.550651550325,46,100.00019836,0.14889451996540423,0.18137393311716424,0.1486995627475006,C
857.69757080,0,2023-02-22T18:03:43Z,148.550651550325,46,100.00019836,0.14889451996540423,0.18137393311716424,0.1486995627475006,C
1000.00195313,0,2023-02-22T18:03:43Z,148.550651550325,46,100.00019836,0.14889451996540423,0.18137393311716424,0.1486995627475006,C
0.10000020,0,2023-02-22T18:03:44Z,128.25156169466388,46,100.00019836,0.15433117640171454,0.1931329081670045,0.1543307608552241,C
0.11659167,0,2023-02-22T18:03:44Z,128.25156169466388,46,100.00019836,0.15433117640171454,0.1931329081670045,0.1543307608552241,C
0.13593590,0,2023-02-22T18:03:44Z,128.25156169466388,46,100.00019836,0.15433117640171454,0.1931329081670045,0.1543307608552241,C
0.15848963,0,2023-02-22T18:03:44Z,128.25156169466388,46,100.00019836,0.15433117640171454,0.1931329081670045,0.1543307608552241,C
0.18478534,0,2023-02-22T18:03:44Z,128.25156169466388,46,100.00019836,0.15433117640171454,0.1931329081670045,0.1543307608552241,C
0.21544389,0,2023-02-22T18:03:44Z,128.25156169466388,46,100.00019836,0.15433117640171454,0.1931329081670045,0.1543307608552241,C
0.25118914,0,2023-02-22T18:03:44Z,128.25156169466388,46,100.00019836,0.15433117640171454,0.1931329081670045,0.1543307608552241,C
0.29286504,0,2023-02-22T18:03:44Z,128.25156169466388,46,100.00019836,0.15433117640171454,0.1931329081670045,0.1543307608552241,C
0.34145555,0,2023-02-22T18:03:44Z,128.25156169466388,46,100.00019836,0.15433117640171454,0.1931329081670045,0.1543307608552241,C
0.39810795,0,2023-02-22T18:03:44Z,128.25156169466388,46,100.00019836,0.15433117640171454,0.1931329081670045,0.1543307608552241,C
0.46415979,0,2023-02-22T18:03:44Z,128.25156169466388,46,100.00019836,0.15433117640171454,0.1931329081670045,0.1543307608552241,C
0.54117060,0,2023-02-22T18:03:44Z,128.25156169466388,46,100.00019836,0.15433117640171454,0.1931329081670045,0.1543307608552241,C
0.63095856,0,2023-02-22T18:03:44Z,128.25156169466388,46,100.00019836,0.15433117640171454,0.1931329081670045,0.1543307608552241,C
0.73564368,0,2023-02-22T18:03:44Z,128.25156169466388,46,100.00019836,0.15433117640171454,0.1931329081670045,0.1543307608552241,C
0.85769761,0,2023-02-22T18:03:44Z,128.25156169466388,46,100.00019836,0.15433117640171454,0.1931329081670045,0.1543307608552241,C
1.00000191,4.53990983963,2023-02-22T18:03:44Z,128.25156169466388,46,100.00019836,0.15433117640171454,0.1931329081670045,0.1543307608552241,C
1.16591668,8.63103675842,2023-02-22T18:03:44Z,128.25156169466388,46,100.00019836,0.15433117640171454,0.1931329081670045,0.1543307608552241,C
1.35935903,2.10268378258,2023-02-22T18:03:44Z,128.25156169466388,46,100.00019836,0.15433117640171454,0.1931329081670045,0.1543307608552241,C
1.58489633,0.155184403062,2023-02-22T18:03:44Z,128.25156169466388,46,100.00019836,0.15433117640171454,0.1931329081670045,0.1543307608552241,C
1.84785342,0.00426130183041,2023-02-22T18:03:44Z,128.25156169466388,46,100.00019836,0.15433117640171454,0.1931329081670045,0.1543307608552241,C
2.15443897,4.14631685999e-5,2023-02-22T18:03:44Z,128.25156169466388,46,100.00019836,0.15433117640171454,0.1931329081670045,0.1543307608552241,C
2.51189137,9.14765507787e-8,2023-02-22T18:03:44Z,128.25156169466388,46,100.00019836,0.15433117640171454,0.1931329081670045,0.1543307608552241,C
2.92865038,3.8909374854e-12,2023-02-22T18:03:44Z,128.25156169466388,46,100.00019836,0.15433117640171454,0.1931329081670045,0.1543307608552241,C
3.41455555,0,2023-02-22T18:03:44Z,128.25156169466388,46,100.00019836,0.15433117640171454,0.1931329081670045,0.1543307608552241,C
3.98107958,0,2023-02-22T18:03:44Z,128.25156169466388,46,100.00019836,0.15433117640171454,0.1931329081670045,0.1543307608552241,C
4.64159775,0,2023-02-22T18:03:44Z,128.25156169466388,46,100.00019836,0.15433117640171454,0.1931329081670045,0.1543307608552241,C
5.41170597,0,2023-02-22T18:03:44Z,128.25156169466388,46,100.00019836,0.15433117640171454,0.1931329081670045,0.1543307608552241,C
6.30958605,0.402469366789,2023-02-22T18:03:44Z,128.25156169466388,46,100.00019836,0.15433117640171454,0.1931329081670045,0.1543307608552241,C
7.35643721,1.19965338707,2023-02-22T18:03:44Z,128.25156169466388,46,100.00019836,0.15433117640171454,0.1931329081670045,0.1543307608552241,C
8.57697582,2.27805042267,2023-02-22T18:03:44Z,128.25156169466388,46,100.00019836,0.15433117640171454,0.1931329081670045,0.1543307608552241,C
10.00002003,3.41373276711,2023-02-22T18:03:44Z,128.25156169466388,46,100.00019836,0.15433117640171454,0.1931329081670045,0.1543307608552241,C
11.65916729,4.26924085617,2023-02-22T18:03:44Z,128.25156169466388,46,100.00019836,0.15433117640171454,0.1931329081670045,0.1543307608552241,C
13.59359074,4.50272989273,2023-02-22T18:03:44Z,128.25156169466388,46,100.00019836,0.15433117640171454,0.1931329081670045,0.1543307608552241,C
15.84896278,3.92611074448,2023-02-22T18:03:44Z,128.25156169466388,46,100.00019836,0.15433117640171454,0.1931329081670045,0.1543307608552241,C
18.47853470,2.64035511017,2023-02-22T18:03:44Z,128.25156169466388,46,100.00019836,0.15433117640171454,0.1931329081670045,0.1543307608552241,C
21.54438972,1.04301941395,2023-02-22T18:03:44Z,128.25156169466388,46,100.00019836,0.15433117640171454,0.1931329081670045,0.1543307608552241,C
25.11891365,0,2023-02-22T18:03:44Z,128.25156169466388,46,100.00019836,0.15433117640171454,0.1931329081670045,0.1543307608552241,C
29.28650284,0,2023-02-22T18:03:44Z,128.25156169466388,46,100.00019836,0.15433117640171454,0.1931329081670045,0.1543307608552241,C
34.14555740,0,2023-02-22T18:03:44Z,128.25156169466388,46,100.00019836,0.15433117640171454,0.1931329081670045,0.1543307608552241,C
39.81079483,0,2023-02-22T18:03:44Z,128.25156169466388,46,100.00019836,0.15433117640171454,0.1931329081670045,0.1543307608552241,C
46.41598129,0,2023-02-22T18:03:44Z,128.25156169466388,46,100.00019836,0.15433117640171454,0.1931329081670045,0.1543307608552241,C
54.11705780,0,2023-02-22T18:03:44Z,128.25156169466388,46,100.00019836,0.15433117640171454,0.1931329081670045,0.1543307608552241,C
63.09585953,0,2023-02-22T18:03:44Z,128.25156169466388,46,100.00019836,0.15433117640171454,0.1931329081670045,0.1543307608552241,C
73.56436920,0,2023-02-22T18:03:44Z,128.25156169466388,46,100.00019836,0.15433117640171454,0.1931329081670045,0.1543307608552241,C
85.76976013,0,2023-02-22T18:03:44Z,128.25156169466388,46,100.00019836,0.15433117640171454,0.1931329081670045,0.1543307608552241,C
100.00019836,60.8915214539,2023-02-22T18:03:44Z,128.25156169466388,46,100.00019836,0.15433117640171454,0.1931329081670045,0.1543307608552241,C
116.59166718,0,2023-02-22T18:03:44Z,128.25156169466388,46,100.00019836,0.15433117640171454,0.1931329081670045,0.1543307608552241,C
135.93591309,0,2023-02-22T18:03:44Z,128.25156169466388,46,100.00019836,0.15433117640171454,0.1931329081670045,0.1543307608552241,C
158.48962402,0,2023-02-22T18:03:44Z,128.25156169466388,46,100.00019836,0.15433117640171454,0.1931329081670045,0.1543307608552241,C
184.78533936,0,2023-02-22T18:03:44Z,128.25156169466388,46,100.00019836,0.15433117640171454,0.1931329081670045,0.1543307608552241,C
215.44389343,0,2023-02-22T18:03:44Z,128.25156169466388,46,100.00019836,0.15433117640171454,0.1931329081670045,0.1543307608552241,C
251.18913269,0,2023-02-22T18:03:44Z,128.25156169466388,46,100.00019836,0.15433117640171454,0.1931329081670045,0.1543307608552241,C
292.86502075,0,2023-02-22T18:03:44Z,128.25156169466388,46,100.00019836,0.15433117640171454,0.1931329081670045,0.1543307608552241,C
341.45556641,0,2023-02-22T18:03:44Z,128.25156169466388,46,100.00019836,0.15433117640171454,0.1931329081670045,0.1543307608552241,C
398.10794067,0,2023-02-22T18:03:44Z,128.25156169466388,46,100.00019836,0.15433117640171454,0.1931329081670045,0.1543307608552241,C
464.15979004,0,2023-02-22T18:03:44Z,128.25156169466388,46,100.00019836,0.15433117640171454,0.1931329081670045,0.1543307608552241,C
541.17059326,0,2023-02-22T18:03:44Z,128.25156169466388,46,100.00019836,0.15433117640171454,0.1931329081670045,0.1543307608552241,C
630.95855713,0,2023-02-22T18:03:44Z,128.25156169466388,46,100.00019836,0.15433117640171454,0.1931329081670045,0.1543307608552241,C
735.64367676,0,2023-02-22T18:03:44Z,128.25156169466388,46,100.00019836,0.15433117640171454,0.1931329081670045,0.1543307608552241,C
857.69757080,0,2023-02-22T18:03:44Z,128.25156169466388,46,100.00019836,0.15433117640171454,0.1931329081670045,0.1543307608552241,C
1000.00195313,0,2023-02-22T18:03:44Z,128.25156169466388,46,100.00019836,0.15433117640171454,0.1931329081670045,0.1543307608552241,C
0.10000020,0,2023-02-22T18:03:45Z,166.04263051342778,46,100.00019836,0.13483729357112115,0.16143723948134614,0.13482033850391661,B
0.11659167,0,2023-02-22T18:03:45Z,166.04263051342778,46,100.00019836,0.13483729357112115,0.16143723948134614,0.13482033850391661,B
0.13593590,0,2023-02-22T18:03:45Z,166.04263051342778,46,100.00019836,0.13483729357112115,0.16143723948134614,0.13482033850391661,B
0.15848963,0,2023-02-22T18:03:45Z,166.04263051342778,46,100.00019836,0.13483729357112115,0.16143723948134614,0.13482033850391661,B
0.18478534,0,2023-02-22T18:03:45Z,166.04263051342778,46,100.00019836,0.13483729357112115,0.16143723948134614,0.13482033850391661,B
0.21544389,0,2023-02-22T18:03:45Z,166.04263051342778,46,100.00019836,0.13483729357112115,0.16143723948134614,0.13482033850391661,B
0.25118914,0,2023-02-22T18:03:45Z,166.04263051342778,46,100.00019836,0.13483729357112115,0.16143723948134614,0.13482033850391661,B
0.29286504,0,2023-02-22T18:03:45Z,166.04263051342778,46,100.00019836,0.13483729357112115,0.16143723948134614,0.13482033850391661,B
0.34145555,0,2023-02-22T18:03:45Z,166.04263051342778,46,100.00019836,0.13483729357112115,0.16143723948134614,0.13482033850391661,B
0.39810795,0,2023-02-22T18:03:45Z,166.04263051342778,46,100.00019836,0.13483729357112115,0.16143723948134614,0.13482033850391661,B
0.46415979,0,2023-02-22T18:03:45Z,166.04263051342778,46,100.00019836,0.13483729357112115,0.16143723948134614,0.13482033850391661,B
0.54117060,0,2023-02-22T18:03:45Z,166.04263051342778,46,100.00019836,0.13483729357112115,0.16143723948134614,0.13482033850391661,B
0.63095856,0,2023-02-22T18:03:45Z,166.04263051342778,46,100.00019836,0.13483729357112115,0.16143723948134614,0.13482033850391661,B
0.73564368,0,2023-02-22T18:03:45Z,166.04263051342778,46,100.00019836,0.13483729357112115,0.16143723948134614,0.13482033850391661,B
0.85769761,0,2023-02-22T18:03:45Z,166.04263051342778,46,100.00019836,0.13483729357112115,0.16143723948134614,0.13482033850391661,B
1.00000191,0.00178200169466,2023-02-22T18:03:45Z,166.04263051342778,46,100.00019836,0.13483729357112115,0.16143723948134614,0.13482033850391661,B
1.16591668,1.16354215145,2023-02-22T18:03:45Z,166.04263051342778,46,100.00019836,0.13483729357112115,0.16143723948134614,0.13482033850391661,B
1.35935903,8.04944515228,2023-02-22T18:03:45Z,166.04263051342778,46,100.00019836,0.13483729357112115,0.16143723948134614,0.13482033850391661,B
1.58489633,4.0267033577,2023-02-22T18:03:45Z,166.04263051342778,46,100.00019836,0.13483729357112115,0.16143723948134614,0.13482033850391661,B
1.84785342,0.240561187267,2023-02-22T18:03:45Z,166.04263051342778,46,100.00019836,0.13483729357112115,0.16143723948134614,0.13482033850391661,B
2.15443897,0.0016948004486,2023-02-22T18:03:45Z,166.04263051342778,46,100.00019836,0.13483729357112115,0.16143723948134614,0.13482033850391661,B
2.51189137,7.06271123363e-7,2023-02-22T18:03:45Z,166.04263051342778,46,100.00019836,0.13483729357112115,0.16143723948134614,0.13482033850391661,B
2.92865038,7.30645632972e-13,2023-02-22T18:03:45Z,166.04263051342778,46,100.00019836,0.13483729357112115,0.16143723948134614,0.13482033850391661,B
3.41455555,0,2023-02-22T18:03:45Z,166.04263051342778,46,100.00019836,0.13483729357112115,0.16143723948134614,0.13482033850391661,B
3.98107958,0,2023-02-22T18:03:45Z,166.04263051342778,46,100.00019836,0.13483729357112115,0.16143723948134614,0.13482033850391661,B
4.64159775,0,2023-02-22T18:03:45Z,166.04263051342778,46,100.00019836,0.13483729357112115,0.16143723948134614,0.13482033850391661,B
5.41170597,0.0536536462605,2023-02-22T18:03:45Z,166.04263051342778,46,100.00019836,0.13483729357112115,0.16143723948134614,0.13482033850391661,B
6.30958605,0.30924141407,2023-02-22T18:03:45Z,166.04263051342778,46,100.00019836,0.13483729357112115,0.16143723948134614,0.13482033850391661,B
7.35643721,0.782973706722,2023-02-22T18:03:45Z,166.04263051342778,46,100.00019836,0.13483729357112115,0.16143723948134614,0.13482033850391661,B
8.57697582,1.51412582397,2023-02-22T18:03:45Z,166.04263051342778,46,100.00019836,0.13483729357112115,0.16143723948134614,0.13482033850391661,B
10.00002003,2.48997688293,2023-02-22T18:03:45Z,166.04263051342778,46,100.00019836,0.13483729357112115,0.16143723948134614,0.13482033850391661,B
11.65916729,3.60797190666,2023-02-22T18:03:45Z,166.04263051342778,46,100.00019836,0.13483729357112115,0.16143723948134614,0.13482033850391661,B
13.59359074,4.64068555832,2023-02-22T18:03:45Z,166.04263051342778,46,100.00019836,0.13483729357112115,0.16143723948134614,0.13482033850391661,B
15.84896278,5.23245573044,2023-02-22T18:03:45Z,166.04263051342778,46,100.00019836,0.13483729357112115,0.16143723948134614,0.13482033850391661,B
18.47853470,4.96829175949,2023-02-22T18:03:45Z,166.04263051342778,46,100.00019836,0.13483729357112115,0.16143723948134614,0.13482033850391661,B
21.54438972,3.53519511223,2023-02-22T18:03:45Z,166.04263051342778,46,100.00019836,0.13483729357112115,0.16143723948134614,0.13482033850391661,B
25.11891365,0.983074307442,2023-02-22T18:03:45Z,166.04263051342778,46,100.00019836,0.13483729357112115,0.16143723948134614,0.13482033850391661,B
29.28650284,0,2023-02-22T18:03:45Z,166.04263051342778,46,100.00019836,0.13483729357112115,0.16143723948134614,0.13482033850391661,B
34.14555740,0,2023-02-22T18:03:45Z,166.04263051342778,46,100.00019836,0.13483729357112115,0.16143723948134614,0.13482033850391661,B
39.81079483,0,2023-02-22T18:03:45Z,166.04263051342778,46,100.00019836,0.13483729357112115,0.16143723948134614,0.13482033850391661,B
46.41598129,0,2023-02-22T18:03:45Z,166.04263051342778,46,100.00019836,0.13483729357112115,0.16143723948134614,0.13482033850391661,B
54.11705780,0,2023-02-22T18:03:45Z,166.04263051342778,46,100.00019836,0.13483729357112115,0.16143723948134614,0.13482033850391661,B
63.09585953,0,2023-02-22T18:03:45Z,166.04263051342778,46,100.00019836,0.13483729357112115,0.16143723948134614,0.13482033850391661,B
73.56436920,0,2023-02-22T18:03:45Z,166.04263051342778,46,100.00019836,0.13483729357112115,0.16143723948134614,0.13482033850391661,B
85.76976013,0,2023-02-22T18:03:45Z,166.04263051342778,46,100.00019836,0.13483729357112115,0.16143723948134614,0.13482033850391661,B
100.00019836,58.3986206055,2023-02-22T18:03:45Z,166.04263051342778,46,100.00019836,0.13483729357112115,0.16143723948134614,0.13482033850391661,B
116.59166718,0,2023-02-22T18:03:45Z,166.04263051342778,46,100.00019836,0.13483729357112115,0.16143723948134614,0.13482033850391661,B
135.93591309,0,2023-02-22T18:03:45Z,166.04263051342778,46,100.00019836,0.13483729357112115,0.16143723948134614,0.13482033850391661,B
158.48962402,0,2023-02-22T18:03:45Z,166.04263051342778,46,100.00019836,0.13483729357112115,0.16143723948134614,0.13482033850391661,B
184.78533936,0,2023-02-22T18:03:45Z,166.04263051342778,46,100.00019836,0.13483729357112115,0.16143723948134614,0.13482033850391661,B
215.44389343,0,2023-02-22T18:03:45Z,166.04263051342778,46,100.00019836,0.13483729357112115,0.16143723948134614,0.13482033850391661,B
251.18913269,0,2023-02-22T18:03:45Z,166.04263051342778,46,100.00019836,0.13483729357112115,0.16143723948134614,0.13482033850391661,B
292.86502075,0,2023-02-22T18:03:45Z,166.04263051342778,46,100.00019836,0.13483729357112115,0.16143723948134614,0.13482033850391661,B
341.45556641,0,2023-02-22T18:03:45Z,166.04263051342778,46,100.00019836,0.13483729357112115,0.16143723948134614,0.13482033850391661,B
398.10794067,0,2023-02-22T18:03:45Z,166.04263051342778,46,100.00019836,0.13483729357112115,0.16143723948134614,0.13482033850391661,B
464.15979004,0,2023-02-22T18:03:45Z,166.04263051342778,46,100.00019836,0.13483729357112115,0.16143723948134614,0.13482033850391661,B
541.17059326,0,2023-02-22T18:03:45Z,166.04263051342778,46,100.00019836,0.13483729357112115,0.16143723948134614,0.13482033850391661,B
630.95855713,0,2023-02-22T18:03:45Z,166.04263051342778,46,100.00019836,0.13483729357112115,0.16143723948134614,0.13482033850391661,B
735.64367676,0,2023-02-22T18:03:45Z,166.04263051342778,46,100.00019836,0.13483729357112115,0.16143723948134614,0.13482033850391661,B
857.69757080,0,2023-02-22T18:03:45Z,166.04263051342778,46,100.00019836,0.13483729357112115,0.16143723948134614,0.13482033850391661,B
1000.00195313,0,2023-02-22T18:03:45Z,166.04263051342778,46,100.00019836,0.13483729357112115,0.16143723948134614,0.13482033850391661,B
0.10000020,0,2023-02-22T18:03:46Z,117.27887927160278,46,100.00019836,0.12230315671303599,0.138039886960776,0.12230272971670977,C
0.11659167,0,2023-02-22T18:03:46Z,117.27887927160278,46,100.00019836,0.12230315671303599,0.138039886960776,0.12230272971670977,C
0.13593590,0,2023-02-22T18:03:46Z,117.27887927160278,46,100.00019836,0.12230315671303599,0.138039886960776,0.12230272971670977,C
0.15848963,0,2023-02-22T18:03:46Z,117.27887927160278,46,100.00019836,0.12230315671303599,0.138039886960776,0.12230272971670977,C
0.18478534,0,2023-02-22T18:03:46Z,117.27887927160278,46,100.00019836,0.12230315671303599,0.138039886960776,0.12230272971670977,C
0.21544389,0,2023-02-22T18:03:46Z,117.27887927160278,46,100.00019836,0.12230315671303599,0.138039886960776,0.12230272971670977,C
0.25118914,0,2023-02-22T18:03:46Z,117.27887927160278,46,100.00019836,0.12230315671303599,0.138039886960776,0.12230272971670977,C
0.29286504,0,2023-02-22T18:03:46Z,117.27887927160278,46,100.00019836,0.12230315671303599,0.138039886960776,0.12230272971670977,C
0.34145555,0,2023-02-22T18:03:46Z,117.27887927160278,46,100.00019836,0.12230315671303599,0.138039886960776,0.12230272971670977,C
0.39810795,0,2023-02-22T18:03:46Z,117.27887927160278,46,100.00019836,0.12230315671303599,0.138039886960776,0.12230272971670977,C
0.46415979,0,2023-02-22T18:03:46Z,117.27887927160278,46,100.00019836,0.12230315671303599,0.138039886960776,0.12230272971670977,C
0.54117060,0,2023-02-22T18:03:46Z,117.27887927160278,46,100.00019836,0.12230315671303599,0.138039886960776,0.12230272971670977,C
0.63095856,0,2023-02-22T18:03:46Z,117.27887927160278,46,100.00019836,0.12230315671303599,0.138039886960776,0.12230272971670977,C
0.73564368,0,2023-02-22T18:03:46Z,117.27887927160278,46,100.00019836,0.12230315671303599,0.138039886960776,0.12230272971670977,C
0.85769761,0,2023-02-22T18:03:46Z,117.27887927160278,46,100.00019836,0.12230315671303599,0.138039886960776,0.12230272971670977,C
1.00000191,7.79998139478e-4,2023-02-22T18:03:46Z,117.27887927160278,46,100.00019836,0.12230315671303599,0.138039886960776,0.12230272971670977,C
1.16591668,1.41775488853,2023-02-22T18:03:46Z,117.27887927160278,46,100.00019836,0.12230315671303599,0.138039886960776,0.12230272971670977,C
1.35935903,8.70045948029,2023-02-22T18:03:46Z,117.27887927160278,46,100.00019836,0.12230315671303599,0.138039886960776,0.12230272971670977,C
1.58489633,2.07529354095,2023-02-22T18:03:46Z,117.27887927160278,46,100.00019836,0.12230315671303599,0.138039886960776,0.12230272971670977,C
1.84785342,0.0359850637615,2023-02-22T18:03:46Z,117.27887927160278,46,100.00019836,0.12230315671303599,0.138039886960776,0.12230272971670977,C
2.15443897,4.26984333899e-5,2023-02-22T18:03:46Z,117.27887927160278,46,100.00019836,0.12230315671303599,0.138039886960776,0.12230272971670977,C
2.51189137,1.19922993758e-9,2023-02-22T18:03:46Z,117.27887927160278,46,100.00019836,0.12230315671303599,0.138039886960776,0.12230272971670977,C
2.92865038,3.09336018747e-18,2023-02-22T18:03:46Z,117.27887927160278,46,100.00019836,0.12230315671303599,0.138039886960776,0.12230272971670977,C
3.41455555,0,2023-02-22T18:03:46Z,117.27887927160278,46,100.00019836,0.12230315671303599,0.138039886960776,0.12230272971670977,C
3.98107958,0,2023-02-22T18:03:46Z,117.27887927160278,46,100.00019836,0.12230315671303599,0.138039886960776,0.12230272971670977,C
4.64159775,0,2023-02-22T18:03:46Z,117.27887927160278,46,100.00019836,0.12230315671303599,0.138039886960776,0.12230272971670977,C
5.41170597,0,2023-02-22T18:03:46Z,117.27887927160278,46,100.00019836,0.12230315671303599,0.138039886960776,0.12230272971670977,C
6.30958605,0.103932097554,2023-02-22T18:03:46Z,117.27887927160278,46,100.00019836,0.12230315671303599,0.138039886960776,0.12230272971670977,C
7.35643721,0.43158441782,2023-02-22T18:03:46Z,117.27887927160278,46,100.00019836,0.12230315671303599,0.138039886960776,0.12230272971670977,C
8.57697582,1.0381565094,2023-02-22T18:03:46Z,117.27887927160278,46,100.00019836,0.12230315671303599,0.138039886960776,0.12230272971670977,C
10.00002003,1.96339035034,2023-02-22T18:03:46Z,117.27887927160278,46,100.00019836,0.12230315671303599,0.138039886960776,0.12230272971670977,C
11.65916729,3.14106798172,2023-02-22T18:03:46Z,117.27887927160278,46,100.00019836,0.12230315671303599,0.138039886960776,0.12230272971670977,C
13.59359074,4.33131027222,2023-02-22T18:03:46Z,117.27887927160278,46,100.00019836,0.12230315671303599,0.138039886960776,0.12230272971670977,C
15.84896278,5.09937238693,2023-02-22T18:03:46Z,117.27887927160278,46,100.00019836,0.12230315671303599,0.138039886960776,0.12230272971670977,C
18.47853470,4.91236495972,2023-02-22T18:03:46Z,117.27887927160278,46,100.00019836,0.12230315671303599,0.138039886960776,0.12230272971670977,C
21.54438972,3.38884186745,2023-02-22T18:03:46Z,117.27887927160278,46,100.00019836,0.12230315671303599,0.138039886960776,0.12230272971670977,C
25.11891365,0.700674414635,2023-02-22T18:03:46Z,117.27887927160278,46,100.00019836,0.12230315671303599,0.138039886960776,0.12230272971670977,C
29.28650284,0,2023-02-22T18:03:46Z,117.27887927160278,46,100.00019836,0.12230315671303599,0.138039886960776,0.12230272971670977,C
34.14555740,0,2023-02-22T18:03:46Z,117.27887927160278,46,100.00019836,0.12230315671303599,0.138039886960776,0.12230272971670977,C
39.81079483,0,2023-02-22T18:03:46Z,117.27887927160278,46,100.00019836,0.12230315671303599,0.138039886960776,0.12230272971670977,C
46.41598129,0,2023-02-22T18:03:46Z,117.27887927160278,46,100.00019836,0.12230315671303599,0.138039886960776,0.12230272971670977,C
54.11705780,0,2023-02-22T18:03:46Z,117.27887927160278,46,100.00019836,0.12230315671303599,0.138039886960776,0.12230272971670977,C
63.09585953,0,2023-02-22T18:03:46Z,117.27887927160278,46,100.00019836,0.12230315671303599,0.138039886960776,0.12230272971670977,C
73.56436920,0,2023-02-22T18:03:46Z,117.27887927160278,46,100.00019836,0.12230315671303599,0.138039886960776,0.12230272971670977,C
85.76976013,0,2023-02-22T18:03:46Z,117.27887927160278,46,100.00019836,0.12230315671303599,0.138039886960776,0.12230272971670977,C
100.00019836,62.6589889526,2023-02-22T18:03:46Z,117.27887927160278,46,100.00019836,0.12230315671303599,0.138039886960776,0.12230272971670977,C
116.59166718,0,2023-02-22T18:03:46Z,117.27887927160278,46,100.00019836,0.12230315671303599,0.138039886960776,0.12230272971670977,C
135.93591309,0,2023-02-22T18:03:46Z,117.27887927160278,46,100.00019836,0.12230315671303599,0.138039886960776,0.12230272971670977,C
158.48962402,0,2023-02-22T18:03:46Z,117.27887927160278,46,100.00019836,0.12230315671303599,0.138039886960776,0.12230272971670977,C
184.78533936,0,2023-02-22T18:03:46Z,117.27887927160278,46,100.00019836,0.12230315671303599,0.138039886960776,0.12230272971670977,C
215.44389343,0,2023-02-22T18:03:46Z,117.27887927160278,46,100.00019836,0.12230315671303599,0.138039886960776,0.12230272971670977,C
251.18913269,0,2023-02-22T18:03:46Z,117.27887927160278,46,100.00019836,0.12230315671303599,0.138039886960776,0.12230272971670977,C
292.86502075,0,2023-02-22T18:03:46Z,117.27887927160278,46,100.00019836,0.12230315671303599,0.138039886960776,0.12230272971670977,C
341.45556641,0,2023-02-22T18:03:46Z,117.27887927160278,46,100.00019836,0.12230315671303599,0.138039886960776,0.12230272971670977,C
398.10794067,0,2023-02-22T18:03:46Z,117.27887927160278,46,100.00019836,0.12230315671303599,0.138039886960776,0.12230272971670977,C
464.15979004,0,2023-02-22T18:03:46Z,117.27887927160278,46,100.00019836,0.12230315671303599,0.138039886960776,0.12230272971670977,C
541.17059326,0,2023-02-22T18:03:46Z,117.27887927160278,46,100.00019836,0.12230315671303599,0.138039886960776,0.12230272971670977,C
630.95855713,0,2023-02-22T18:03:46Z,117.27887927160278,46,100.00019836,0.12230315671303599,0.138039886960776,0.12230272971670977,C
735.64367676,0,2023-02-22T18:03:46Z,117.27887927160278,46,100.00019836,0.12230315671303599,0.138039886960776,0.12230272971670977,C
857.69757080,0,2023-02-22T18:03:46Z,117.27887927160278,46,100.00019836,0.12230315671303599,0.138039886960776,0.12230272971670977,C
1000.00195313,0,2023-02-22T18:03:46Z,117.27887927160278,46,100.00019836,0.12230315671303599,0.138039886960776,0.12230272971670977,C
0.10000020,0,2023-02-22T18:03:47Z,153.92298168605,46,100.00019836,0.10652502319359713,0.11715620959693215,0.1065250231908439,B
0.11659167,0,2023-02-22T18:03:47Z,153.92298168605,46,100.00019836,0.10652502319359713,0.11715620959693215,0.1065250231908439,B
0.13593590,0,2023-02-22T18:03:47Z,153.92298168605,46,100.00019836,0.10652502319359713,0.11715620959693215,0.1065250231908439,B
0.15848963,0,2023-02-22T18:03:47Z,153.92298168605,46,100.00019836,0.10652502319359713,0.11715620959693215,0.1065250231908439,B
0.18478534,0,2023-02-22T18:03:47Z,153.92298168605,46,100.00019836,0.10652502319359713,0.11715620959693215,0.1065250231908439,B
0.21544389,0,2023-02-22T18:03:47Z,153.92298168605,46,100.00019836,0.10652502319359713,0.11715620959693215,0.1065250231908439,B
0.25118914,0,2023-02-22T18:03:47Z,153.92298168605,46,100.00019836,0.10652502319359713,0.11715620959693215,0.1065250231908439,B
0.29286504,0,2023-02-22T18:03:47Z,153.92298168605,46,100.00019836,0.10652502319359713,0.11715620959693215,0.1065250231908439,B
0.34145555,0,2023-02-22T18:03:47Z,153.92298168605,46,100.00019836,0.10652502319359713,0.11715620959693215,0.1065250231908439,B
0.39810795,0,2023-02-22T18:03:47Z,153.92298168605,46,100.00019836,0.10652502319359713,0.11715620959693215,0.1065250231908439,B
0.46415979,0,2023-02-22T18:03:47Z,153.92298168605,46,100.00019836,0.10652502319359713,0.11715620959693215,0.1065250231908439,B
0.54117060,0,2023-02-22T18:03:47Z,153.92298168605,46,100.00019836,0.10652502319359713,0.11715620959693215,0.1065250231908439,B
0.63095856,0,2023-02-22T18:03:47Z,153.92298168605,46,100.00019836,0.10652502319359713,0.11715620959693215,0.1065250231908439,B
0.73564368,0,2023-02-22T18:03:47Z,153.92298168605,46,100.00019836,0.10652502319359713,0.11715620959693215,0.1065250231908439,B
0.85769761,0,2023-02-22T18:03:47Z,153.92298168605,46,100.00019836,0.10652502319359713,0.11715620959693215,0.1065250231908439,B
1.00000191,1.44957613621e-12,2023-02-22T18:03:47Z,153.92298168605,46,100.00019836,0.10652502319359713,0.11715620959693215,0.1065250231908439,B
1.16591668,0.00661080982536,2023-02-22T18:03:47Z,153.92298168605,46,100.00019836,0.10652502319359713,0.11715620959693215,0.1065250231908439,B
1.35935903,8.48553657532,2023-02-22T18:03:47Z,153.92298168605,46,100.00019836,0.10652502319359713,0.11715620959693215,0.1065250231908439,B
1.58489633,2.15969872475,2023-02-22T18:03:47Z,153.92298168605,46,100.00019836,0.10652502319359713,0.11715620959693215,0.1065250231908439,B
1.84785342,6.56209187582e-4,2023-02-22T18:03:47Z,153.92298168605,46,100.00019836,0.10652502319359713,0.11715620959693215,0.1065250231908439,B
2.15443897,2.75323652765e-10,2023-02-22T18:03:47Z,153.92298168605,46,100.00019836,0.10652502319359713,0.11715620959693215,0.1065250231908439,B
2.51189137,2.70142470061e-20,2023-02-22T18:03:47Z,153.92298168605,46,100.00019836,0.10652502319359713,0.11715620959693215,0.1065250231908439,B
2.92865038,3.21184760251e-37,2023-02-22T18:03:47Z,153.92298168605,46,100.00019836,0.10652502319359713,0.11715620959693215,0.1065250231908439,B
3.41455555,0,2023-02-22T18:03:47Z,153.92298168605,46,100.00019836,0.10652502319359713,0.11715620959693215,0.1065250231908439,B
3.98107958,0,2023-02-22T18:03:47Z,153.92298168605,46,100.00019836,0.10652502319359713,0.11715620959693215,0.1065250231908439,B
4.64159775,0,2023-02-22T18:03:47Z,153.92298168605,46,100.00019836,0.10652502319359713,0.11715620959693215,0.1065250231908439,B
5.41170597,0,2023-02-22T18:03:47Z,153.92298168605,46,100.00019836,0.10652502319359713,0.11715620959693215,0.1065250231908439,B
6.30958605,0.0531766451895,2023-02-22T18:03:47Z,153.92298168605,46,100.00019836,0.10652502319359713,0.11715620959693215,0.1065250231908439,B
7.35643721,0.260597169399,2023-02-22T18:03:47Z,153.92298168605,46,100.00019836,0.10652502319359713,0.11715620959693215,0.1065250231908439,B
8.57697582,0.749344825745,2023-02-22T18:03:47Z,153.92298168605,46,100.00019836,0.10652502319359713,0.11715620959693215,0.1065250231908439,B
10.00002003,1.65016889572,2023-02-22T18:03:47Z,153.92298168605,46,100.00019836,0.10652502319359713,0.11715620959693215,0.1065250231908439,B
11.65916729,3.00533223152,2023-02-22T18:03:47Z,153.92298168605,46,100.00019836,0.10652502319359713,0.11715620959693215,0.1065250231908439,B
13.59359074,4.6309428215,2023-02-22T18:03:47Z,153.92298168605,46,100.00019836,0.10652502319359713,0.11715620959693215,0.1065250231908439,B
15.84896278,6.00859165192,2023-02-22T18:03:47Z,153.92298168605,46,100.00019836,0.10652502319359713,0.11715620959693215,0.1065250231908439,B
18.47853470,6.36728239059,2023-02-22T18:03:47Z,153.92298168605,46,100.00019836,0.10652502319359713,0.11715620959693215,0.1065250231908439,B
21.54438972,5.0929851532,2023-02-22T18:03:47Z,153.92298168605,46,100.00019836,0.10652502319359713,0.11715620959693215,0.1065250231908439,B
25.11891365,2.43346405029,2023-02-22T18:03:47Z,153.92298168605,46,100.00019836,0.10652502319359713,0.11715620959693215,0.1065250231908439,B
29.28650284,0.0719968825579,2023-02-22T18:03:47Z,153.92298168605,46,100.00019836,0.10652502319359713,0.11715620959693215,0.1065250231908439,B
34.14555740,0,2023-02-22T18:03:47Z,153.92298168605,46,100.00019836,0.10652502319359713,0.11715620959693215,0.1065250231908439,B
39.81079483,0,2023-02-22T18:03:47Z,153.92298168605,46,100.00019836,0.10652502319359713,0.11715620959693215,0.1065250231908439,B
46.41598129,0,2023-02-22T18:03:47Z,153.92298168605,46,100.00019836,0.10652502319359713,0.11715620959693215,0.1065250231908439,B
54.11705780,0,2023-02-22T18:03:47Z,153.92298168605,46,100.00019836,0.10652502319359713,0.11715620959693215,0.1065250231908439,B
63.09585953,0,2023-02-22T18:03:47Z,153.92298168605,46,100.00019836,0.10652502319359713,0.11715620959693215,0.1065250231908439,B
73.56436920,0,2023-02-22T18:03:47Z,153.92298168605,46,100.00019836,0.10652502319359713,0.11715620959693215,0.1065250231908439,B
85.76976013,0,2023-02-22T18:03:47Z,153.92298168605,46,100.00019836,0.10652502319359713,0.11715620959693215,0.1065250231908439,B
100.00019836,59.0236129761,2023-02-22T18:03:47Z,153.92298168605,46,100.00019836,0.10652502319359713,0.11715620959693215,0.1065250231908439,B
116.59166718,0,2023-02-22T18:03:47Z,153.92298168605,46,100.00019836,0.10652502319359713,0.11715620959693215,0.1065250231908439,B
135.93591309,0,2023-02-22T18:03:47Z,153.92298168605,46,100.00019836,0.10652502319359713,0.11715620959693215,0.1065250231908439,B
158.48962402,0,2023-02-22T18:03:47Z,153.92298168605,46,100.00019836,0.10652502319359713,0.11715620959693215,0.1065250231908439,B
184.78533936,0,2023-02-22T18:03:47Z,153.92298168605,46,100.00019836,0.10652502319359713,0.11715620959693215,0.1065250231908439,B
215.44389343,0,2023-02-22T18:03:47Z,153.92298168605,46,100.00019836,0.10652502319359713,0.11715620959693215,0.1065250231908439,B
251.18913269,0,2023-02-22T18:03:47Z,153.92298168605,46,100.00019836,0.10652502319359713,0.11715620959693215,0.1065250231908439,B
292.86502075,0,2023-02-22T18:03:47Z,153.92298168605,46,100.00019836,0.10652502319359713,0.11715620959693215,0.1065250231908439,B
341.45556641,0,2023-02-22T18:03:47Z,153.92298168605,46,100.00019836,0.10652502319359713,0.11715620959693215,0.1065250231908439,B
398.10794067,0,2023-02-22T18:03:47Z,153.92298168605,46,100.00019836,0.10652502319359713,0.11715620959693215,0.1065250231908439,B
464.15979004,0,2023-02-22T18:03:47Z,153.92298168605,46,100.00019836,0.10652502319359713,0.11715620959693215,0.1065250231908439,B
541.17059326,0,2023-02-22T18:03:47Z,153.92298168605,46,100.00019836,0.10652502319359713,0.11715620959693215,0.1065250231908439,B
630.95855713,0,2023-02-22T18:03:47Z,153.92298168605,46,100.00019836,0.10652502319359713,0.11715620959693215,0.1065250231908439,B
735.64367676,0,2023-02-22T18:03:47Z,153.92298168605,46,100.00019836,0.10652502319359713,0.11715620959693215,0.1065250231908439,B
857.69757080,0,2023-02-22T18:03:47Z,153.92298168605,46,100.00019836,0.10652502319359713,0.11715620959693215,0.1065250231908439,B
1000.00195313,0,2023-02-22T18:03:47Z,153.92298168605,46,100.00019836,0.10652502319359713,0.11715620959693215,0.1065250231908439,B
0.10000020,0,2023-02-22T18:03:48Z,121.49405648974444,46,100.00019836,0.13055398087222747,0.14566390009802846,0.13051074835885668,C
0.11659167,0,2023-02-22T18:03:48Z,121.49405648974444,46,100.00019836,0.13055398087222747,0.14566390009802846,0.13051074835885668,C
0.13593590,0,2023-02-22T18:03:48Z,121.49405648974444,46,100.00019836,0.13055398087222747,0.14566390009802846,0.13051074835885668,C
0.15848963,0,2023-02-22T18:03:48Z,121.49405648974444,46,100.00019836,0.13055398087222747,0.14566390009802846,0.13051074835885668,C
0.18478534,0,2023-02-22T18:03:48Z,121.49405648974444,46,100.00019836,0.13055398087222747,0.14566390009802846,0.13051074835885668,C
0.21544389,0,2023-02-22T18:03:48Z,121.49405648974444,46,100.00019836,0.13055398087222747,0.14566390009802846,0.13051074835885668,C
0.25118914,0,2023-02-22T18:03:48Z,121.49405648974444,46,100.00019836,0.13055398087222747,0.14566390009802846,0.13051074835885668,C
0.29286504,0,2023-02-22T18:03:48Z,121.49405648974444,46,100.00019836,0.13055398087222747,0.14566390009802846,0.13051074835885668,C
0.34145555,0,2023-02-22T18:03:48Z,121.49405648974444,46,100.00019836,0.13055398087222747,0.14566390009802846,0.13051074835885668,C
0.39810795,0,2023-02-22T18:03:48Z,121.49405648974444,46,100.00019836,0.13055398087222747,0.14566390009802846,0.13051074835885668,C
0.46415979,0,2023-02-22T18:03:48Z,121.49405648974444,46,100.00019836,0.13055398087222747,0.14566390009802846,0.13051074835885668,C
0.54117060,0,2023-02-22T18:03:48Z,121.49405648974444,46,100.00019836,0.13055398087222747,0.14566390009802846,0.13051074835885668,C
0.63095856,0,2023-02-22T18:03:48Z,121.49405648974444,46,100.00019836,0.13055398087222747,0.14566390009802846,0.13051074835885668,C
0.73564368,0,2023-02-22T18:03:48Z,121.49405648974444,46,100.00019836,0.13055398087222747,0.14566390009802846,0.13051074835885668,C
0.85769761,0,2023-02-22T18:03:48Z,121.49405648974444,46,100.00019836,0.13055398087222747,0.14566390009802846,0.13051074835885668,C
1.00000191,1.16411072668e-4,2023-02-22T18:03:48Z,121.49405648974444,46,100.00019836,0.13055398087222747,0.14566390009802846,0.13051074835885668,C
1.16591668,0.414381682873,2023-02-22T18:03:48Z,121.49405648974444,46,100.00019836,0.13055398087222747,0.14566390009802846,0.13051074835885668,C
1.35935903,6.62347841263,2023-02-22T18:03:48Z,121.49405648974444,46,100.00019836,0.13055398087222747,0.14566390009802846,0.13051074835885668,C
1.58489633,5.5408821106,2023-02-22T18:03:48Z,121.49405648974444,46,100.00019836,0.13055398087222747,0.14566390009802846,0.13051074835885668,C
1.84785342,0.47221621871,2023-02-22T18:03:48Z,121.49405648974444,46,100.00019836,0.13055398087222747,0.14566390009802846,0.13051074835885668,C
2.15443897,0.00432106805965,2023-02-22T18:03:48Z,121.49405648974444,46,100.00019836,0.13055398087222747,0.14566390009802846,0.13051074835885668,C
2.51189137,2.18327363655e-6,2023-02-22T18:03:48Z,121.49405648974444,46,100.00019836,0.13055398087222747,0.14566390009802846,0.13051074835885668,C
2.92865038,3.79185875407e-12,2023-02-22T18:03:48Z,121.49405648974444,46,100.00019836,0.13055398087222747,0.14566390009802846,0.13051074835885668,C
3.41455555,0,2023-02-22T18:03:48Z,121.49405648974444,46,100.00019836,0.13055398087222747,0.14566390009802846,0.13051074835885668,C
3.98107958,0,2023-02-22T18:03:48Z,121.49405648974444,46,100.00019836,0.13055398087222747,0.14566390009802846,0.13051074835885668,C
4.64159775,0,2023-02-22T18:03:48Z,121.49405648974444,46,100.00019836,0.13055398087222747,0.14566390009802846,0.13051074835885668,C
5.41170597,0.0137336170301,2023-02-22T18:03:48Z,121.49405648974444,46,100.00019836,0.13055398087222747,0.14566390009802846,0.13051074835885668,C
6.30958605,0.110518813133,2023-02-22T18:03:48Z,121.49405648974444,46,100.00019836,0.13055398087222747,0.14566390009802846,0.13051074835885668,C
7.35643721,0.392716288567,2023-02-22T18:03:48Z,121.49405648974444,46,100.00019836,0.13055398087222747,0.14566390009802846,0.13051074835885668,C
8.57697582,0.99402320385,2023-02-22T18:03:48Z,121.49405648974444,46,100.00019836,0.13055398087222747,0.14566390009802846,0.13051074835885668,C
10.00002003,2.0333814621,2023-02-22T18:03:48Z,121.49405648974444,46,100.00019836,0.13055398087222747,0.14566390009802846,0.13051074835885668,C
11.65916729,3.51993846893,2023-02-22T18:03:48Z,121.49405648974444,46,100.00019836,0.13055398087222747,0.14566390009802846,0.13051074835885668,C
13.59359074,5.21735143661,2023-02-22T18:03:48Z,121.49405648974444,46,100.00019836,0.13055398087222747,0.14566390009802846,0.13051074835885668,C
15.84896278,6.54628515244,2023-02-22T18:03:48Z,121.49405648974444,46,100.00019836,0.13055398087222747,0.14566390009802846,0.13051074835885668,C
18.47853470,6.69870471954,2023-02-22T18:03:48Z,121.49405648974444,46,100.00019836,0.13055398087222747,0.14566390009802846,0.13051074835885668,C
21.54438972,5.1145157814,2023-02-22T18:03:48Z,121.49405648974444,46,100.00019836,0.13055398087222747,0.14566390009802846,0.13051074835885668,C
25.11891365,2.25504851341,2023-02-22T18:03:48Z,121.49405648974444,46,100.00019836,0.13055398087222747,0.14566390009802846,0.13051074835885668,C
29.28650284,0.0564957335591,2023-02-22T18:03:48Z,121.49405648974444,46,100.00019836,0.13055398087222747,0.14566390009802846,0.13051074835885668,C
34.14555740,0,2023-02-22T18:03:48Z,121.49405648974444,46,100.00019836,0.13055398087222747,0.14566390009802846,0.13051074835885668,C
39.81079483,0,2023-02-22T18:03:48Z,121.49405648974444,46,100.00019836,0.13055398087222747,0.14566390009802846,0.13051074835885668,C
46.41598129,0,2023-02-22T18:03:48Z,121.49405648974444,46,100.00019836,0.13055398087222747,0.14566390009802846,0.13051074835885668,C
54.11705780,0,2023-02-22T18:03:48Z,121.49405648974444,46,100.00019836,0.13055398087222747,0.14566390009802846,0.13051074835885668,C
63.09585953,0,2023-02-22T18:03:48Z,121.49405648974444,46,100.00019836,0.13055398087222747,0.14566390009802846,0.13051074835885668,C
73.56436920,0,2023-02-22T18:03:48Z,121.49405648974444,46,100.00019836,0.13055398087222747,0.14566390009802846,0.13051074835885668,C
85.76976013,0,2023-02-22T18:03:48Z,121.49405648974444,46,100.00019836,0.13055398087222747,0.14566390009802846,0.13051074835885668,C
100.00019836,53.9918899536,2023-02-22T18:03:48Z,121.49405648974444,46,100.00019836,0.13055398087222747,0.14566390009802846,0.13051074835885668,C
116.59166718,0,2023-02-22T18:03:48Z,121.49405648974444,46,100.00019836,0.13055398087222747,0.14566390009802846,0.13051074835885668,C
135.93591309,0,2023-02-22T18:03:48Z,121.49405648974444,46,100.00019836,0.13055398087222747,0.14566390009802846,0.13051074835885668,C
158.48962402,0,2023-02-22T18:03:48Z,121.49405648974444,46,100.00019836,0.13055398087222747,0.14566390009802846,0.13051074835885668,C
184.78533936,0,2023-02-22T18:03:48Z,121.49405648974444,46,100.00019836,0.13055398087222747,0.14566390009802846,0.13051074835885668,C
215.44389343,0,2023-02-22T18:03:48Z,121.49405648974444,46,100.00019836,0.13055398087222747,0.14566390009802846,0.13051074835885668,C
251.18913269,0,2023-02-22T18:03:48Z,121.49405648974444,46,100.00019836,0.13055398087222747,0.14566390009802846,0.13051074835885668,C
292.86502075,0,2023-02-22T18:03:48Z,121.49405648974444,46,100.00019836,0.13055398087222747,0.14566390009802846,0.13051074835885668,C
341.45556641,0,2023-02-22T18:03:48Z,121.49405648974444,46,100.00019836,0.13055398087222747,0.14566390009802846,0.13051074835885668,C
398.10794067,0,2023-02-22T18:03:48Z,121.49405648974444,46,100.00019836,0.13055398087222747,0.14566390009802846,0.13051074835885668,C
464.15979004,0,2023-02-22T18:03:48Z,121.49405648974444,46,100.00019836,0.13055398087222747,0.14566390009802846,0.13051074835885668,C
541.17059326,0,2023-02-22T18:03:48Z,121.49405648974444,46,100.00019836,0.13055398087222747,0.14566390009802846,0.13051074835885668,C
630.95855713,0,2023-02-22T18:03:48Z,121.49405648974444,46,100.00019836,0.13055398087222747,0.14566390009802846,0.13051074835885668,C
735.64367676,0,2023-02-22T18:03:48Z,121.49405648974444,46,100.00019836,0.13055398087222747,0.14566390009802846,0.13051074835885668,C
857.69757080,0,2023-02-22T18:03:48Z,121.49405648974444,46,100.00019836,0.13055398087222747,0.14566390009802846,0.13051074835885668,C
1000.00195313,0,2023-02-22T18:03:48Z,121.49405648974444,46,100.00019836,0.13055398087222747,0.14566390009802846,0.13051074835885668,C
0.10000020,0,2023-02-22T18:03:49Z,191.19512430822223,40,39.81079483,0.15079526011009314,0.19861165706180317,0.150593871893311,B
0.11659167,0,2023-02-22T18:03:49Z,191.19512430822223,40,39.81079483,0.15079526011009314,0.19861165706180317,0.150593871893311,B
0.13593590,0,2023-02-22T18:03:49Z,191.19512430822223,40,39.81079483,0.15079526011009314,0.19861165706180317,0.150593871893311,B
0.15848963,0,2023-02-22T18:03:49Z,191.19512430822223,40,39.81079483,0.15079526011009314,0.19861165706180317,0.150593871893311,B
0.18478534,0,2023-02-22T18:03:49Z,191.19512430822223,40,39.81079483,0.15079526011009314,0.19861165706180317,0.150593871893311,B
0.21544389,0,2023-02-22T18:03:49Z,191.19512430822223,40,39.81079483,0.15079526011009314,0.19861165706180317,0.150593871893311,B
0.25118914,0,2023-02-22T18:03:49Z,191.19512430822223,40,39.81079483,0.15079526011009314,0.19861165706180317,0.150593871893311,B
0.29286504,0,2023-02-22T18:03:49Z,191.19512430822223,40,39.81079483,0.15079526011009314,0.19861165706180317,0.150593871893311,B
0.34145555,0,2023-02-22T18:03:49Z,191.19512430822223,40,39.81079483,0.15079526011009314,0.19861165706180317,0.150593871893311,B
0.39810795,0,2023-02-22T18:03:49Z,191.19512430822223,40,39.81079483,0.15079526011009314,0.19861165706180317,0.150593871893311,B
0.46415979,0,2023-02-22T18:03:49Z,191.19512430822223,40,39.81079483,0.15079526011009314,0.19861165706180317,0.150593871893311,B
0.54117060,0,2023-02-22T18:03:49Z,191.19512430822223,40,39.81079483,0.15079526011009314,0.19861165706180317,0.150593871893311,B
0.63095856,0,2023-02-22T18:03:49Z,191.19512430822223,40,39.81079483,0.15079526011009314,0.19861165706180317,0.150593871893311,B
0.73564368,0,2023-02-22T18:03:49Z,191.19512430822223,40,39.81079483,0.15079526011009314,0.19861165706180317,0.150593871893311,B
0.85769761,0,2023-02-22T18:03:49Z,191.19512430822223,40,39.81079483,0.15079526011009314,0.19861165706180317,0.150593871893311,B
1.00000191,0.0127254547551,2023-02-22T18:03:49Z,191.19512430822223,40,39.81079483,0.15079526011009314,0.19861165706180317,0.150593871893311,B
1.16591668,1.89267301559,2023-02-22T18:03:49Z,191.19512430822223,40,39.81079483,0.15079526011009314,0.19861165706180317,0.150593871893311,B
1.35935903,7.96007299423,2023-02-22T18:03:49Z,191.19512430822223,40,39.81079483,0.15079526011009314,0.19861165706180317,0.150593871893311,B
1.58489633,4.62145471573,2023-02-22T18:03:49Z,191.19512430822223,40,39.81079483,0.15079526011009314,0.19861165706180317,0.150593871893311,B
1.84785342,0.572461009026,2023-02-22T18:03:49Z,191.19512430822223,40,39.81079483,0.15079526011009314,0.19861165706180317,0.150593871893311,B
2.15443897,0.0159156136215,2023-02-22T18:03:49Z,191.19512430822223,40,39.81079483,0.15079526011009314,0.19861165706180317,0.150593871893311,B
2.51189137,6.81056408212e-5,2023-02-22T18:03:49Z,191.19512430822223,40,39.81079483,0.15079526011009314,0.19861165706180317,0.150593871893311,B
2.92865038,1.0008874618e-8,2023-02-22T18:03:49Z,191.19512430822223,40,39.81079483,0.15079526011009314,0.19861165706180317,0.150593871893311,B
3.41455555,6.68389542096e-19,2023-02-22T18:03:49Z,191.19512430822223,40,39.81079483,0.15079526011009314,0.19861165706180317,0.150593871893311,B
3.98107958,0,2023-02-22T18:03:49Z,191.19512430822223,40,39.81079483,0.15079526011009314,0.19861165706180317,0.150593871893311,B
4.64159775,0.00415509240702,2023-02-22T18:03:49Z,191.19512430822223,40,39.81079483,0.15079526011009314,0.19861165706180317,0.150593871893311,B
5.41170597,0.25091868639,2023-02-22T18:03:49Z,191.19512430822223,40,39.81079483,0.15079526011009314,0.19861165706180317,0.150593871893311,B
6.30958605,0.745783984661,2023-02-22T18:03:49Z,191.19512430822223,40,39.81079483,0.15079526011009314,0.19861165706180317,0.150593871893311,B
7.35643721,1.45801985264,2023-02-22T18:03:49Z,191.19512430822223,40,39.81079483,0.15079526011009314,0.19861165706180317,0.150593871893311,B
8.57697582,2.32691717148,2023-02-22T18:03:49Z,191.19512430822223,40,39.81079483,0.15079526011009314,0.19861165706180317,0.150593871893311,B
10.00002003,3.26073169708,2023-02-22T18:03:49Z,191.19512430822223,40,39.81079483,0.15079526011009314,0.19861165706180317,0.150593871893311,B
11.65916729,4.13151025772,2023-02-22T18:03:49Z,191.19512430822223,40,39.81079483,0.15079526011009314,0.19861165706180317,0.150593871893311,B
13.59359074,4.77910232544,2023-02-22T18:03:49Z,191.19512430822223,40,39.81079483,0.15079526011009314,0.19861165706180317,0.150593871893311,B
15.84896278,5.0281496048,2023-02-22T18:03:49Z,191.19512430822223,40,39.81079483,0.15079526011009314,0.19861165706180317,0.150593871893311,B
18.47853470,4.73643779755,2023-02-22T18:03:49Z,191.19512430822223,40,39.81079483,0.15079526011009314,0.19861165706180317,0.150593871893311,B
21.54438972,3.86807322502,2023-02-22T18:03:49Z,191.19512430822223,40,39.81079483,0.15079526011009314,0.19861165706180317,0.150593871893311,B
25.11891365,2.58006024361,2023-02-22T18:03:49Z,191.19512430822223,40,39.81079483,0.15079526011009314,0.19861165706180317,0.150593871893311,B
29.28650284,1.26057338715,2023-02-22T18:03:49Z,191.19512430822223,40,39.81079483,0.15079526011009314,0.19861165706180317,0.150593871893311,B
34.14555740,0.422632783651,2023-02-22T18:03:49Z,191.19512430822223,40,39.81079483,0.15079526011009314,0.19861165706180317,0.150593871893311,B
39.81079483,0.442992985249,2023-02-22T18:03:49Z,191.19512430822223,40,39.81079483,0.15079526011009314,0.19861165706180317,0.150593871893311,B
46.41598129,1.76584792137,2023-02-22T18:03:49Z,191.19512430822223,40,39.81079483,0.15079526011009314,0.19861165706180317,0.150593871893311,B
54.11705780,4.82999515533,2023-02-22T18:03:49Z,191.19512430822223,40,39.81079483,0.15079526011009314,0.19861165706180317,0.150593871893311,B
63.09585953,9.10054397583,2023-02-22T18:03:49Z,191.19512430822223,40,39.81079483,0.15079526011009314,0.19861165706180317,0.150593871893311,B
73.56436920,12.7252388,2023-02-22T18:03:49Z,191.19512430822223,40,39.81079483,0.15079526011009314,0.19861165706180317,0.150593871893311,B
85.76976013,13.0442380905,2023-02-22T18:03:49Z,191.19512430822223,40,39.81079483,0.15079526011009314,0.19861165706180317,0.150593871893311,B
100.00019836,8.16270542145,2023-02-22T18:03:49Z,191.19512430822223,40,39.81079483,0.15079526011009314,0.19861165706180317,0.150593871893311,B
116.59166718,0,2023-02-22T18:03:49Z,191.19512430822223,40,39.81079483,0.15079526011009314,0.19861165706180317,0.150593871893311,B
135.93591309,0,2023-02-22T18:03:49Z,191.19512430822223,40,39.81079483,0.15079526011009314,0.19861165706180317,0.150593871893311,B
158.48962402,0,2023-02-22T18:03:49Z,191.19512430822223,40,39.81079483,0.15079526011009314,0.19861165706180317,0.150593871893311,B
184.78533936,0,2023-02-22T18:03:49Z,191.19512430822223,40,39.81079483,0.15079526011009314,0.19861165706180317,0.150593871893311,B
215.44389343,0,2023-02-22T18:03:49Z,191.19512430822223,40,39.81079483,0.15079526011009314,0.19861165706180317,0.150593871893311,B
251.18913269,0,2023-02-22T18:03:49Z,191.19512430822223,40,39.81079483,0.15079526011009314,0.19861165706180317,0.150593871893311,B
292.86502075,0,2023-02-22T18:03:49Z,191.19512430822223,40,39.81079483,0.15079526011009314,0.19861165706180317,0.150593871893311,B
341.45556641,0,2023-02-22T18:03:49Z,191.19512430822223,40,39.81079483,0.15079526011009314,0.19861165706180317,0.150593871893311,B
398.10794067,0,2023-02-22T18:03:49Z,191.19512430822223,40,39.81079483,0.15079526011009314,0.19861165706180317,0.150593871893311,B
464.15979004,0,2023-02-22T18:03:49Z,191.19512430822223,40,39.81079483,0.15079526011009314,0.19861165706180317,0.150593871893311,B
541.17059326,0,2023-02-22T18:03:49Z,191.19512430822223,40,39.81079483,0.15079526011009314,0.19861165706180317,0.150593871893311,B
630.95855713,0,2023-02-22T18:03:49Z,191.19512430822223,40,39.81079483,0.15079526011009314,0.19861165706180317,0.150593871893311,B
735.64367676,0,2023-02-22T18:03:49Z,191.19512430822223,40,39.81079483,0.15079526011009314,0.19861165706180317,0.150593871893311,B
857.69757080,0,2023-02-22T18:03:49Z,191.19512430822223,40,39.81079483,0.15079526011009314,0.19861165706180317,0.150593871893311,B
1000.00195313,0,2023-02-22T18:03:49Z,191.19512430822223,40,39.81079483,0.15079526011009314,0.19861165706180317,0.150593871893311,B
0.10000020,0,2023-02-22T18:03:50Z,144.01559755534166,46,100.00019836,0.13754928450641468,0.14427743763826625,0.1374694277526688,C
0.11659167,0,2023-02-22T18:03:50Z,144.01559755534166,46,100.00019836,0.13754928450641468,0.14427743763826625,0.1374694277526688,C
0.13593590,0,2023-02-22T18:03:50Z,144.01559755534166,46,100.00019836,0.13754928450641468,0.14427743763826625,0.1374694277526688,C
0.15848963,0,2023-02-22T18:03:50Z,144.01559755534166,46,100.00019836,0.13754928450641468,0.14427743763826625,0.1374694277526688,C
0.18478534,0,2023-02-22T18:03:50Z,144.01559755534166,46,100.00019836,0.13754928450641468,0.14427743763826625,0.1374694277526688,C
0.21544389,0,2023-02-22T18:03:50Z,144.01559755534166,46,100.00019836,0.13754928450641468,0.14427743763826625,0.1374694277526688,C
0.25118914,0,2023-02-22T18:03:50Z,144.01559755534166,46,100.00019836,0.13754928450641468,0.14427743763826625,0.1374694277526688,C
0.29286504,0,2023-02-22T18:03:50Z,144.01559755534166,46,100.00019836,0.13754928450641468,0.14427743763826625,0.1374694277526688,C
0.34145555,0,2023-02-22T18:03:50Z,144.01559755534166,46,100.00019836,0.13754928450641468,0.14427743763826625,0.1374694277526688,C
0.39810795,0,2023-02-22T18:03:50Z,144.01559755534166,46,100.00019836,0.13754928450641468,0.14427743763826625,0.1374694277526688,C
0.46415979,0,2023-02-22T18:03:50Z,144.01559755534166,46,100.00019836,0.13754928450641468,0.14427743763826625,0.1374694277526688,C
0.54117060,0,2023-02-22T18:03:50Z,144.01559755534166,46,100.00019836,0.13754928450641468,0.14427743763826625,0.1374694277526688,C
0.63095856,0,2023-02-22T18:03:50Z,144.01559755534166,46,100.00019836,0.13754928450641468,0.14427743763826625,0.1374694277526688,C
0.73564368,0,2023-02-22T18:03:50Z,144.01559755534166,46,100.00019836,0.13754928450641468,0.14427743763826625,0.1374694277526688,C
0.85769761,0,2023-02-22T18:03:50Z,144.01559755534166,46,100.00019836,0.13754928450641468,0.14427743763826625,0.1374694277526688,C
1.00000191,5.64325018786e-5,2023-02-22T18:03:50Z,144.01559755534166,46,100.00019836,0.13754928450641468,0.14427743763826625,0.1374694277526688,C
1.16591668,0.279809683561,2023-02-22T18:03:50Z,144.01559755534166,46,100.00019836,0.13754928450641468,0.14427743763826625,0.1374694277526688,C
1.35935903,6.05914402008,2023-02-22T18:03:50Z,144.01559755534166,46,100.00019836,0.13754928450641468,0.14427743763826625,0.1374694277526688,C
1.58489633,6.68175506592,2023-02-22T18:03:50Z,144.01559755534166,46,100.00019836,0.13754928450641468,0.14427743763826625,0.1374694277526688,C
1.84785342,0.726177573204,2023-02-22T18:03:50Z,144.01559755534166,46,100.00019836,0.13754928450641468,0.14427743763826625,0.1374694277526688,C
2.15443897,0.00798161327839,2023-02-22T18:03:50Z,144.01559755534166,46,100.00019836,0.13754928450641468,0.14427743763826625,0.1374694277526688,C
2.51189137,4.06209346693e-6,2023-02-22T18:03:50Z,144.01559755534166,46,100.00019836,0.13754928450641468,0.14427743763826625,0.1374694277526688,C
2.92865038,2.73185293831e-12,2023-02-22T18:03:50Z,144.01559755534166,46,100.00019836,0.13754928450641468,0.14427743763826625,0.1374694277526688,C
3.41455555,0,2023-02-22T18:03:50Z,144.01559755534166,46,100.00019836,0.13754928450641468,0.14427743763826625,0.1374694277526688,C
3.98107958,0,2023-02-22T18:03:50Z,144.01559755534166,46,100.00019836,0.13754928450641468,0.14427743763826625,0.1374694277526688,C
4.64159775,0,2023-02-22T18:03:50Z,144.01559755534166,46,100.00019836,0.13754928450641468,0.14427743763826625,0.1374694277526688,C
5.41170597,1.67492398759e-4,2023-02-22T18:03:50Z,144.01559755534166,46,100.00019836,0.13754928450641468,0.14427743763826625,0.1374694277526688,C
6.30958605,0.0228328127414,2023-02-22T18:03:50Z,144.01559755534166,46,100.00019836,0.13754928450641468,0.14427743763826625,0.1374694277526688,C
7.35643721,0.144163116813,2023-02-22T18:03:50Z,144.01559755534166,46,100.00019836,0.13754928450641468,0.14427743763826625,0.1374694277526688,C
8.57697582,0.505651891232,2023-02-22T18:03:50Z,144.01559755534166,46,100.00019836,0.13754928450641468,0.14427743763826625,0.1374694277526688,C
10.00002003,1.30565929413,2023-02-22T18:03:50Z,144.01559755534166,46,100.00019836,0.13754928450641468,0.14427743763826625,0.1374694277526688,C
11.65916729,2.71021366119,2023-02-22T18:03:50Z,144.01559755534166,46,100.00019836,0.13754928450641468,0.14427743763826625,0.1374694277526688,C
13.59359074,4.64900064468,2023-02-22T18:03:50Z,144.01559755534166,46,100.00019836,0.13754928450641468,0.14427743763826625,0.1374694277526688,C
15.84896278,6.56011009216,2023-02-22T18:03:50Z,144.01559755534166,46,100.00019836,0.13754928450641468,0.14427743763826625,0.1374694277526688,C
18.47853470,7.37156629562,2023-02-22T18:03:50Z,144.01559755534166,46,100.00019836,0.13754928450641468,0.14427743763826625,0.1374694277526688,C
21.54438972,6.10651493073,2023-02-22T18:03:50Z,144.01559755534166,46,100.00019836,0.13754928450641468,0.14427743763826625,0.1374694277526688,C
25.11891365,3.09771180153,2023-02-22T18:03:50Z,144.01559755534166,46,100.00019836,0.13754928450641468,0.14427743763826625,0.1374694277526688,C
29.28650284,0.493548542261,2023-02-22T18:03:50Z,144.01559755534166,46,100.00019836,0.13754928450641468,0.14427743763826625,0.1374694277526688,C
34.14555740,0,2023-02-22T18:03:50Z,144.01559755534166,46,100.00019836,0.13754928450641468,0.14427743763826625,0.1374694277526688,C
39.81079483,0,2023-02-22T18:03:50Z,144.01559755534166,46,100.00019836,0.13754928450641468,0.14427743763826625,0.1374694277526688,C
46.41598129,0,2023-02-22T18:03:50Z,144.01559755534166,46,100.00019836,0.13754928450641468,0.14427743763826625,0.1374694277526688,C
54.11705780,0,2023-02-22T18:03:50Z,144.01559755534166,46,100.00019836,0.13754928450641468,0.14427743763826625,0.1374694277526688,C
63.09585953,0,2023-02-22T18:03:50Z,144.01559755534166,46,100.00019836,0.13754928450641468,0.14427743763826625,0.1374694277526688,C
73.56436920,0,2023-02-22T18:03:50Z,144.01559755534166,46,100.00019836,0.13754928450641468,0.14427743763826625,0.1374694277526688,C
85.76976013,0,2023-02-22T18:03:50Z,144.01559755534166,46,100.00019836,0.13754928450641468,0.14427743763826625,0.1374694277526688,C
100.00019836,53.2779350281,2023-02-22T18:03:50Z,144.01559755534166,46,100.00019836,0.13754928450641468,0.14427743763826625,0.1374694277526688,C
116.59166718,0,2023-02-22T18:03:50Z,144.01559755534166,46,100.00019836,0.13754928450641468,0.14427743763826625,0.1374694277526688,C
135.93591309,0,2023-02-22T18:03:50Z,144.01559755534166,46,100.00019836,0.13754928450641468,0.14427743763826625,0.1374694277526688,C
158.48962402,0,2023-02-22T18:03:50Z,144.01559755534166,46,100.00019836,0.13754928450641468,0.14427743763826625,0.1374694277526688,C
184.78533936,0,2023-02-22T18:03:50Z,144.01559755534166,46,100.00019836,0.13754928450641468,0.14427743763826625,0.1374694277526688,C
215.44389343,0,2023-02-22T18:03:50Z,144.01559755534166,46,100.00019836,0.13754928450641468,0.14427743763826625,0.1374694277526688,C
251.18913269,0,2023-02-22T18:03:50Z,144.01559755534166,46,100.00019836,0.13754928450641468,0.14427743763826625,0.1374694277526688,C
292.86502075,0,2023-02-22T18:03:50Z,144.01559755534166,46,100.00019836,0.13754928450641468,0.14427743763826625,0.1374694277526688,C
341.45556641,0,2023-02-22T18:03:50Z,144.01559755534166,46,100.00019836,0.13754928450641468,0.14427743763826625,0.1374694277526688,C
398.10794067,0,2023-02-22T18:03:50Z,144.01559755534166,46,100.00019836,0.13754928450641468,0.14427743763826625,0.1374694277526688,C
464.15979004,0,2023-02-22T18:03:50Z,144.01559755534166,46,100.00019836,0.13754928450641468,0.14427743763826625,0.1374694277526688,C
541.17059326,0,2023-02-22T18:03:50Z,144.01559755534166,46,100.00019836,0.13754928450641468,0.14427743763826625,0.1374694277526688,C
630.95855713,0,2023-02-22T18:03:50Z,144.01559755534166,46,100.00019836,0.13754928450641468,0.14427743763826625,0.1374694277526688,C
735.64367676,0,2023-02-22T18:03:50Z,144.01559755534166,46,100.00019836,0.13754928450641468,0.14427743763826625,0.1374694277526688,C
857.69757080,0,2023-02-22T18:03:50Z,144.01559755534166,46,100.00019836,0.13754928450641468,0.14427743763826625,0.1374694277526688,C
1000.00195313,0,2023-02-22T18:03:50Z,144.01559755534166,46,100.00019836,0.13754928450641468,0.14427743763826625,0.1374694277526688,C
0.10000020,0,2023-02-22T18:03:51Z,180.1698341369722,46,100.00019836,0.13914746051263763,0.15565257079503864,0.13892565357699538,B
0.11659167,0,2023-02-22T18:03:51Z,180.1698341369722,46,100.00019836,0.13914746051263763,0.15565257079503864,0.13892565357699538,B
0.13593590,0,2023-02-22T18:03:51Z,180.1698341369722,46,100.00019836,0.13914746051263763,0.15565257079503864,0.13892565357699538,B
0.15848963,0,2023-02-22T18:03:51Z,180.1698341369722,46,100.00019836,0.13914746051263763,0.15565257079503864,0.13892565357699538,B
0.18478534,0,2023-02-22T18:03:51Z,180.1698341369722,46,100.00019836,0.13914746051263763,0.15565257079503864,0.13892565357699538,B
0.21544389,0,2023-02-22T18:03:51Z,180.1698341369722,46,100.00019836,0.13914746051263763,0.15565257079503864,0.13892565357699538,B
0.25118914,0,2023-02-22T18:03:51Z,180.1698341369722,46,100.00019836,0.13914746051263763,0.15565257079503864,0.13892565357699538,B
0.29286504,0,2023-02-22T18:03:51Z,180.1698341369722,46,100.00019836,0.13914746051263763,0.15565257079503864,0.13892565357699538,B
0.34145555,0,2023-02-22T18:03:51Z,180.1698341369722,46,100.00019836,0.13914746051263763,0.15565257079503864,0.13892565357699538,B
0.39810795,0,2023-02-22T18:03:51Z,180.1698341369722,46,100.00019836,0.13914746051263763,0.15565257079503864,0.13892565357699538,B
0.46415979,0,2023-02-22T18:03:51Z,180.1698341369722,46,100.00019836,0.13914746051263763,0.15565257079503864,0.13892565357699538,B
0.54117060,0,2023-02-22T18:03:51Z,180.1698341369722,46,100.00019836,0.13914746051263763,0.15565257079503864,0.13892565357699538,B
0.63095856,0,2023-02-22T18:03:51Z,180.1698341369722,46,100.00019836,0.13914746051263763,0.15565257079503864,0.13892565357699538,B
0.73564368,0,2023-02-22T18:03:51Z,180.1698341369722,46,100.00019836,0.13914746051263763,0.15565257079503864,0.13892565357699538,B
0.85769761,0,2023-02-22T18:03:51Z,180.1698341369722,46,100.00019836,0.13914746051263763,0.15565257079503864,0.13892565357699538,B
1.00000191,1.78772228537e-4,2023-02-22T18:03:51Z,180.1698341369722,46,100.00019836,0.13914746051263763,0.15565257079503864,0.13892565357699538,B
1.16591668,0.369384199381,2023-02-22T18:03:51Z,180.1698341369722,46,100.00019836,0.13914746051263763,0.15565257079503864,0.13892565357699538,B
1.35935903,5.85721206665,2023-02-22T18:03:51Z,180.1698341369722,46,100.00019836,0.13914746051263763,0.15565257079503864,0.13892565357699538,B
1.58489633,6.65790462494,2023-02-22T18:03:51Z,180.1698341369722,46,100.00019836,0.13914746051263763,0.15565257079503864,0.13892565357699538,B
1.84785342,1.0078856945,2023-02-22T18:03:51Z,180.1698341369722,46,100.00019836,0.13914746051263763,0.15565257079503864,0.13892565357699538,B
2.15443897,0.022137016058,2023-02-22T18:03:51Z,180.1698341369722,46,100.00019836,0.13914746051263763,0.15565257079503864,0.13892565357699538,B
2.51189137,4.3676365749e-5,2023-02-22T18:03:51Z,180.1698341369722,46,100.00019836,0.13914746051263763,0.15565257079503864,0.13892565357699538,B
2.92865038,1.14047804534e-9,2023-02-22T18:03:51Z,180.1698341369722,46,100.00019836,0.13914746051263763,0.15565257079503864,0.13892565357699538,B
3.41455555,6.48321131905e-22,2023-02-22T18:03:51Z,180.1698341369722,46,100.00019836,0.13914746051263763,0.15565257079503864,0.13892565357699538,B
3.98107958,0,2023-02-22T18:03:51Z,180.1698341369722,46,100.00019836,0.13914746051263763,0.15565257079503864,0.13892565357699538,B
4.64159775,0,2023-02-22T18:03:51Z,180.1698341369722,46,100.00019836,0.13914746051263763,0.15565257079503864,0.13892565357699538,B
5.41170597,0.0179803837091,2023-02-22T18:03:51Z,180.1698341369722,46,100.00019836,0.13914746051263763,0.15565257079503864,0.13892565357699538,B
6.30958605,0.131893709302,2023-02-22T18:03:51Z,180.1698341369722,46,100.00019836,0.13914746051263763,0.15565257079503864,0.13892565357699538,B
7.35643721,0.439988493919,2023-02-22T18:03:51Z,180.1698341369722,46,100.00019836,0.13914746051263763,0.15565257079503864,0.13892565357699538,B
8.57697582,1.06064844131,2023-02-22T18:03:51Z,180.1698341369722,46,100.00019836,0.13914746051263763,0.15565257079503864,0.13892565357699538,B
10.00002003,2.08962988853,2023-02-22T18:03:51Z,180.1698341369722,46,100.00019836,0.13914746051263763,0.15565257079503864,0.13892565357699538,B
11.65916729,3.52187275887,2023-02-22T18:03:51Z,180.1698341369722,46,100.00019836,0.13914746051263763,0.15565257079503864,0.13892565357699538,B
13.59359074,5.14374780655,2023-02-22T18:03:51Z,180.1698341369722,46,100.00019836,0.13914746051263763,0.15565257079503864,0.13892565357699538,B
15.84896278,6.45455026627,2023-02-22T18:03:51Z,180.1698341369722,46,100.00019836,0.13914746051263763,0.15565257079503864,0.13892565357699538,B
18.47853470,6.74486446381,2023-02-22T18:03:51Z,180.1698341369722,46,100.00019836,0.13914746051263763,0.15565257079503864,0.13892565357699538,B
21.54438972,5.45202064514,2023-02-22T18:03:51Z,180.1698341369722,46,100.00019836,0.13914746051263763,0.15565257079503864,0.13892565357699538,B
25.11891365,2.79656147957,2023-02-22T18:03:51Z,180.1698341369722,46,100.00019836,0.13914746051263763,0.15565257079503864,0.13892565357699538,B
29.28650284,0.297079473734,2023-02-22T18:03:51Z,180.1698341369722,46,100.00019836,0.13914746051263763,0.15565257079503864,0.13892565357699538,B
34.14555740,0,2023-02-22T18:03:51Z,180.1698341369722,46,100.00019836,0.13914746051263763,0.15565257079503864,0.13892565357699538,B
39.81079483,0,2023-02-22T18:03:51Z,180.1698341369722,46,100.00019836,0.13914746051263763,0.15565257079503864,0.13892565357699538,B
46.41598129,0,2023-02-22T18:03:51Z,180.1698341369722,46,100.00019836,0.13914746051263763,0.15565257079503864,0.13892565357699538,B
54.11705780,0,2023-02-22T18:03:51Z,180.1698341369722,46,100.00019836,0.13914746051263763,0.15565257079503864,0.13892565357699538,B
63.09585953,0,2023-02-22T18:03:51Z,180.1698341369722,46,100.00019836,0.13914746051263763,0.15565257079503864,0.13892565357699538,B
73.56436920,0,2023-02-22T18:03:51Z,180.1698341369722,46,100.00019836,0.13914746051263763,0.15565257079503864,0.13892565357699538,B
85.76976013,0,2023-02-22T18:03:51Z,180.1698341369722,46,100.00019836,0.13914746051263763,0.15565257079503864,0.13892565357699538,B
100.00019836,51.9344139099,2023-02-22T18:03:51Z,180.1698341369722,46,100.00019836,0.13914746051263763,0.15565257079503864,0.13892565357699538,B
116.59166718,0,2023-02-22T18:03:51Z,180.1698341369722,46,100.00019836,0.13914746051263763,0.15565257079503864,0.13892565357699538,B
135.93591309,0,2023-02-22T18:03:51Z,180.1698341369722,46,100.00019836,0.13914746051263763,0.15565257079503864,0.13892565357699538,B
158.48962402,0,2023-02-22T18:03:51Z,180.1698341369722,46,100.00019836,0.13914746051263763,0.15565257079503864,0.13892565357699538,B
184.78533936,0,2023-02-22T18:03:51Z,180.1698341369722,46,100.00019836,0.13914746051263763,0.15565257079503864,0.13892565357699538,B
215.44389343,0,2023-02-22T18:03:51Z,180.1698341369722,46,100.00019836,0.13914746051263763,0.15565257079503864,0.13892565357699538,B
251.18913269,0,2023-02-22T18:03:51Z,180.1698341369722,46,100.00019836,0.13914746051263763,0.15565257079503864,0.13892565357699538,B
292.86502075,0,2023-02-22T18:03:51Z,180.1698341369722,46,100.00019836,0.13914746051263763,0.15565257079503864,0.13892565357699538,B
341.45556641,0,2023-02-22T18:03:51Z,180.1698341369722,46,100.00019836,0.13914746051263763,0.15565257079503864,0.13892565357699538,B
398.10794067,0,2023-02-22T18:03:51Z,180.1698341369722,46,100.00019836,0.13914746051263763,0.15565257079503864,0.13892565357699538,B
464.15979004,0,2023-02-22T18:03:51Z,180.1698341369722,46,100.00019836,0.13914746051263763,0.15565257079503864,0.13892565357699538,B
541.17059326,0,2023-02-22T18:03:51Z,180.1698341369722,46,100.00019836,0.13914746051263763,0.15565257079503864,0.13892565357699538,B
630.95855713,0,2023-02-22T18:03:51Z,180.1698341369722,46,100.00019836,0.13914746051263763,0.15565257079503864,0.13892565357699538,B
735.64367676,0,2023-02-22T18:03:51Z,180.1698341369722,46,100.00019836,0.13914746051263763,0.15565257079503864,0.13892565357699538,B
857.69757080,0,2023-02-22T18:03:51Z,180.1698341369722,46,100.00019836,0.13914746051263763,0.15565257079503864,0.13892565357699538,B
1000.00195313,0,2023-02-22T18:03:51Z,180.1698341369722,46,100.00019836,0.13914746051263763,0.15565257079503864,0.13892565357699538,B
0.10000020,0,2023-02-22T18:03:52Z,224.62448459195556,46,100.00019836,0.124114112854,0.16247382551436998,0.124114112854,B
0.11659167,0,2023-02-22T18:03:52Z,224.62448459195556,46,100.00019836,0.124114112854,0.16247382551436998,0.124114112854,B
0.13593590,0,2023-02-22T18:03:52Z,224.62448459195556,46,100.00019836,0.124114112854,0.16247382551436998,0.124114112854,B
0.15848963,0,2023-02-22T18:03:52Z,224.62448459195556,46,100.00019836,0.124114112854,0.16247382551436998,0.124114112854,B
0.18478534,0,2023-02-22T18:03:52Z,224.62448459195556,46,100.00019836,0.124114112854,0.16247382551436998,0.124114112854,B
0.21544389,0,2023-02-22T18:03:52Z,224.62448459195556,46,100.00019836,0.124114112854,0.16247382551436998,0.124114112854,B
0.25118914,0,2023-02-22T18:03:52Z,224.62448459195556,46,100.00019836,0.124114112854,0.16247382551436998,0.124114112854,B
0.29286504,0,2023-02-22T18:03:52Z,224.62448459195556,46,100.00019836,0.124114112854,0.16247382551436998,0.124114112854,B
0.34145555,0,2023-02-22T18:03:52Z,224.62448459195556,46,100.00019836,0.124114112854,0.16247382551436998,0.124114112854,B
0.39810795,0,2023-02-22T18:03:52Z,224.62448459195556,46,100.00019836,0.124114112854,0.16247382551436998,0.124114112854,B
0.46415979,0,2023-02-22T18:03:52Z,224.62448459195556,46,100.00019836,0.124114112854,0.16247382551436998,0.124114112854,B
0.54117060,0,2023-02-22T18:03:52Z,224.62448459195556,46,100.00019836,0.124114112854,0.16247382551436998,0.124114112854,B
0.63095856,0,2023-02-22T18:03:52Z,224.62448459195556,46,100.00019836,0.124114112854,0.16247382551436998,0.124114112854,B
0.73564368,0,2023-02-22T18:03:52Z,224.62448459195556,46,100.00019836,0.124114112854,0.16247382551436998,0.124114112854,B
0.85769761,0,2023-02-22T18:03:52Z,224.62448459195556,46,100.00019836,0.124114112854,0.16247382551436998,0.124114112854,B
1.00000191,0,2023-02-22T18:03:52Z,224.62448459195556,46,100.00019836,0.124114112854,0.16247382551436998,0.124114112854,B
1.16591668,12.4114112854,2023-02-22T18:03:52Z,224.62448459195556,46,100.00019836,0.124114112854,0.16247382551436998,0.124114112854,B
1.35935903,0,2023-02-22T18:03:52Z,224.62448459195556,46,100.00019836,0.124114112854,0.16247382551436998,0.124114112854,B
1.58489633,0,2023-02-22T18:03:52Z,224.62448459195556,46,100.00019836,0.124114112854,0.16247382551436998,0.124114112854,B
1.84785342,0,2023-02-22T18:03:52Z,224.62448459195556,46,100.00019836,0.124114112854,0.16247382551436998,0.124114112854,B
2.15443897,0,2023-02-22T18:03:52Z,224.62448459195556,46,100.00019836,0.124114112854,0.16247382551436998,0.124114112854,B
2.51189137,0,2023-02-22T18:03:52Z,224.62448459195556,46,100.00019836,0.124114112854,0.16247382551436998,0.124114112854,B
2.92865038,0,2023-02-22T18:03:52Z,224.62448459195556,46,100.00019836,0.124114112854,0.16247382551436998,0.124114112854,B
3.41455555,0,2023-02-22T18:03:52Z,224.62448459195556,46,100.00019836,0.124114112854,0.16247382551436998,0.124114112854,B
3.98107958,0,2023-02-22T18:03:52Z,224.62448459195556,46,100.00019836,0.124114112854,0.16247382551436998,0.124114112854,B
4.64159775,0,2023-02-22T18:03:52Z,224.62448459195556,46,100.00019836,0.124114112854,0.16247382551436998,0.124114112854,B
5.41170597,0,2023-02-22T18:03:52Z,224.62448459195556,46,100.00019836,0.124114112854,0.16247382551436998,0.124114112854,B
6.30958605,0.164863735437,2023-02-22T18:03:52Z,224.62448459195556,46,100.00019836,0.124114112854,0.16247382551436998,0.124114112854,B
7.35643721,1.14871311188,2023-02-22T18:03:52Z,224.62448459195556,46,100.00019836,0.124114112854,0.16247382551436998,0.124114112854,B
8.57697582,2.52239441872,2023-02-22T18:03:52Z,224.62448459195556,46,100.00019836,0.124114112854,0.16247382551436998,0.124114112854,B
10.00002003,3.80752873421,2023-02-22T18:03:52Z,224.62448459195556,46,100.00019836,0.124114112854,0.16247382551436998,0.124114112854,B
11.65916729,4.4221124649,2023-02-22T18:03:52Z,224.62448459195556,46,100.00019836,0.124114112854,0.16247382551436998,0.124114112854,B
13.59359074,4.0426363945,2023-02-22T18:03:52Z,224.62448459195556,46,100.00019836,0.124114112854,0.16247382551436998,0.124114112854,B
15.84896278,2.84811902046,2023-02-22T18:03:52Z,224.62448459195556,46,100.00019836,0.124114112854,0.16247382551436998,0.124114112854,B
18.47853470,1.41468286514,2023-02-22T18:03:52Z,224.62448459195556,46,100.00019836,0.124114112854,0.16247382551436998,0.124114112854,B
21.54438972,0.320325106382,2023-02-22T18:03:52Z,224.62448459195556,46,100.00019836,0.124114112854,0.16247382551436998,0.124114112854,B
25.11891365,0,2023-02-22T18:03:52Z,224.62448459195556,46,100.00019836,0.124114112854,0.16247382551436998,0.124114112854,B
29.28650284,0,2023-02-22T18:03:52Z,224.62448459195556,46,100.00019836,0.124114112854,0.16247382551436998,0.124114112854,B
34.14555740,0,2023-02-22T18:03:52Z,224.62448459195556,46,100.00019836,0.124114112854,0.16247382551436998,0.124114112854,B
39.81079483,0,2023-02-22T18:03:52Z,224.62448459195556,46,100.00019836,0.124114112854,0.16247382551436998,0.124114112854,B
46.41598129,0,2023-02-22T18:03:52Z,224.62448459195556,46,100.00019836,0.124114112854,0.16247382551436998,0.124114112854,B
54.11705780,0,2023-02-22T18:03:52Z,224.62448459195556,46,100.00019836,0.124114112854,0.16247382551436998,0.124114112854,B
63.09585953,0,2023-02-22T18:03:52Z,224.62448459195556,46,100.00019836,0.124114112854,0.16247382551436998,0.124114112854,B
73.56436920,0,2023-02-22T18:03:52Z,224.62448459195556,46,100.00019836,0.124114112854,0.16247382551436998,0.124114112854,B
85.76976013,0,2023-02-22T18:03:52Z,224.62448459195556,46,100.00019836,0.124114112854,0.16247382551436998,0.124114112854,B
100.00019836,66.8972167969,2023-02-22T18:03:52Z,224.62448459195556,46,100.00019836,0.124114112854,0.16247382551436998,0.124114112854,B
116.59166718,0,2023-02-22T18:03:52Z,224.62448459195556,46,100.00019836,0.124114112854,0.16247382551436998,0.124114112854,B
135.93591309,0,2023-02-22T18:03:52Z,224.62448459195556,46,100.00019836,0.124114112854,0.16247382551436998,0.124114112854,B
158.48962402,0,2023-02-22T18:03:52Z,224.62448459195556,46,100.00019836,0.124114112854,0.16247382551436998,0.124114112854,B
184.78533936,0,2023-02-22T18:03:52Z,224.62448459195556,46,100.00019836,0.124114112854,0.16247382551436998,0.124114112854,B
215.44389343,0,2023-02-22T18:03:52Z,224.62448459195556,46,100.00019836,0.124114112854,0.16247382551436998,0.124114112854,B
251.18913269,0,2023-02-22T18:03:52Z,224.62448459195556,46,100.00019836,0.124114112854,0.16247382551436998,0.124114112854,B
292.86502075,0,2023-02-22T18:03:52Z,224.62448459195556,46,100.00019836,0.124114112854,0.16247382551436998,0.124114112854,B
341.45556641,0,2023-02-22T18:03:52Z,224.62448459195556,46,100.00019836,0.124114112854,0.16247382551436998,0.124114112854,B
398.10794067,0,2023-02-22T18:03:52Z,224.62448459195556,46,100.00019836,0.124114112854,0.16247382551436998,0.124114112854,B
464.15979004,0,2023-02-22T18:03:52Z,224.62448459195556,46,100.00019836,0.124114112854,0.16247382551436998,0.124114112854,B
541.17059326,0,2023-02-22T18:03:52Z,224.62448459195556,46,100.00019836,0.124114112854,0.16247382551436998,0.124114112854,B
630.95855713,0,2023-02-22T18:03:52Z,224.62448459195556,46,100.00019836,0.124114112854,0.16247382551436998,0.124114112854,B
735.64367676,0,2023-02-22T18:03:52Z,224.62448459195556,46,100.00019836,0.124114112854,0.16247382551436998,0.124114112854,B
857.69757080,0,2023-02-22T18:03:52Z,224.62448459195556,46,100.00019836,0.124114112854,0.16247382551436998,0.124114112854,B
1000.00195313,0,2023-02-22T18:03:52Z,224.62448459195556,46,100.00019836,0.124114112854,0.16247382551436998,0.124114112854,B
0.10000020,0,2023-02-22T18:03:53Z,260.56931326135555,46,100.00019836,0.11659957885710145,0.12762200601367046,0.11659957885710145,A
0.11659167,0,2023-02-22T18:03:53Z,260.56931326135555,46,100.00019836,0.11659957885710145,0.12762200601367046,0.11659957885710145,A
0.13593590,0,2023-02-22T18:03:53Z,260.56931326135555,46,100.00019836,0.11659957885710145,0.12762200601367046,0.11659957885710145,A
0.15848963,0,2023-02-22T18:03:53Z,260.56931326135555,46,100.00019836,0.11659957885710145,0.12762200601367046,0.11659957885710145,A
0.18478534,0,2023-02-22T18:03:53Z,260.56931326135555,46,100.00019836,0.11659957885710145,0.12762200601367046,0.11659957885710145,A
0.21544389,0,2023-02-22T18:03:53Z,260.56931326135555,46,100.00019836,0.11659957885710145,0.12762200601367046,0.11659957885710145,A
0.25118914,0,2023-02-22T18:03:53Z,260.56931326135555,46,100.00019836,0.11659957885710145,0.12762200601367046,0.11659957885710145,A
0.29286504,0,2023-02-22T18:03:53Z,260.56931326135555,46,100.00019836,0.11659957885710145,0.12762200601367046,0.11659957885710145,A
0.34145555,0,2023-02-22T18:03:53Z,260.56931326135555,46,100.00019836,0.11659957885710145,0.12762200601367046,0.11659957885710145,A
0.39810795,0,2023-02-22T18:03:53Z,260.56931326135555,46,100.00019836,0.11659957885710145,0.12762200601367046,0.11659957885710145,A
0.46415979,0,2023-02-22T18:03:53Z,260.56931326135555,46,100.00019836,0.11659957885710145,0.12762200601367046,0.11659957885710145,A
0.54117060,0,2023-02-22T18:03:53Z,260.56931326135555,46,100.00019836,0.11659957885710145,0.12762200601367046,0.11659957885710145,A
0.63095856,0,2023-02-22T18:03:53Z,260.56931326135555,46,100.00019836,0.11659957885710145,0.12762200601367046,0.11659957885710145,A
0.73564368,0,2023-02-22T18:03:53Z,260.56931326135555,46,100.00019836,0.11659957885710145,0.12762200601367046,0.11659957885710145,A
0.85769761,0,2023-02-22T18:03:53Z,260.56931326135555,46,100.00019836,0.11659957885710145,0.12762200601367046,0.11659957885710145,A
1.00000191,0,2023-02-22T18:03:53Z,260.56931326135555,46,100.00019836,0.11659957885710145,0.12762200601367046,0.11659957885710145,A
1.16591668,1.01441945122e-11,2023-02-22T18:03:53Z,260.56931326135555,46,100.00019836,0.11659957885710145,0.12762200601367046,0.11659957885710145,A
1.35935903,11.6599578857,2023-02-22T18:03:53Z,260.56931326135555,46,100.00019836,0.11659957885710145,0.12762200601367046,0.11659957885710145,A
1.58489633,4.03597863653e-35,2023-02-22T18:03:53Z,260.56931326135555,46,100.00019836,0.11659957885710145,0.12762200601367046,0.11659957885710145,A
1.84785342,0,2023-02-22T18:03:53Z,260.56931326135555,46,100.00019836,0.11659957885710145,0.12762200601367046,0.11659957885710145,A
2.15443897,0,2023-02-22T18:03:53Z,260.56931326135555,46,100.00019836,0.11659957885710145,0.12762200601367046,0.11659957885710145,A
2.51189137,0,2023-02-22T18:03:53Z,260.56931326135555,46,100.00019836,0.11659957885710145,0.12762200601367046,0.11659957885710145,A
2.92865038,0,2023-02-22T18:03:53Z,260.56931326135555,46,100.00019836,0.11659957885710145,0.12762200601367046,0.11659957885710145,A
3.41455555,0,2023-02-22T18:03:53Z,260.56931326135555,46,100.00019836,0.11659957885710145,0.12762200601367046,0.11659957885710145,A
3.98107958,0,2023-02-22T18:03:53Z,260.56931326135555,46,100.00019836,0.11659957885710145,0.12762200601367046,0.11659957885710145,A
4.64159775,0,2023-02-22T18:03:53Z,260.56931326135555,46,100.00019836,0.11659957885710145,0.12762200601367046,0.11659957885710145,A
5.41170597,0,2023-02-22T18:03:53Z,260.56931326135555,46,100.00019836,0.11659957885710145,0.12762200601367046,0.11659957885710145,A
6.30958605,0.0318217948079,2023-02-22T18:03:53Z,260.56931326135555,46,100.00019836,0.11659957885710145,0.12762200601367046,0.11659957885710145,A
7.35643721,0.26737511158,2023-02-22T18:03:53Z,260.56931326135555,46,100.00019836,0.11659957885710145,0.12762200601367046,0.11659957885710145,A
8.57697582,0.803045809269,2023-02-22T18:03:53Z,260.56931326135555,46,100.00019836,0.11659957885710145,0.12762200601367046,0.11659957885710145,A
10.00002003,1.7214679718,2023-02-22T18:03:53Z,260.56931326135555,46,100.00019836,0.11659957885710145,0.12762200601367046,0.11659957885710145,A
11.65916729,2.96731495857,2023-02-22T18:03:53Z,260.56931326135555,46,100.00019836,0.11659957885710145,0.12762200601367046,0.11659957885710145,A
13.59359074,4.23785209656,2023-02-22T18:03:53Z,260.56931326135555,46,100.00019836,0.11659957885710145,0.12762200601367046,0.11659957885710145,A
15.84896278,4.96747589111,2023-02-22T18:03:53Z,260.56931326135555,46,100.00019836,0.11659957885710145,0.12762200601367046,0.11659957885710145,A
18.47853470,4.52584981918,2023-02-22T18:03:53Z,260.56931326135555,46,100.00019836,0.11659957885710145,0.12762200601367046,0.11659957885710145,A
21.54438972,2.64919352531,2023-02-22T18:03:53Z,260.56931326135555,46,100.00019836,0.11659957885710145,0.12762200601367046,0.11659957885710145,A
25.11891365,0.0678164064884,2023-02-22T18:03:53Z,260.56931326135555,46,100.00019836,0.11659957885710145,0.12762200601367046,0.11659957885710145,A
29.28650284,0,2023-02-22T18:03:53Z,260.56931326135555,46,100.00019836,0.11659957885710145,0.12762200601367046,0.11659957885710145,A
34.14555740,0,2023-02-22T18:03:53Z,260.56931326135555,46,100.00019836,0.11659957885710145,0.12762200601367046,0.11659957885710145,A
39.81079483,0,2023-02-22T18:03:53Z,260.56931326135555,46,100.00019836,0.11659957885710145,0.12762200601367046,0.11659957885710145,A
46.41598129,0,2023-02-22T18:03:53Z,260.56931326135555,46,100.00019836,0.11659957885710145,0.12762200601367046,0.11659957885710145,A
54.11705780,0,2023-02-22T18:03:53Z,260.56931326135555,46,100.00019836,0.11659957885710145,0.12762200601367046,0.11659957885710145,A
63.09585953,0,2023-02-22T18:03:53Z,260.56931326135555,46,100.00019836,0.11659957885710145,0.12762200601367046,0.11659957885710145,A
73.56436920,0,2023-02-22T18:03:53Z,260.56931326135555,46,100.00019836,0.11659957885710145,0.12762200601367046,0.11659957885710145,A
85.76976013,0,2023-02-22T18:03:53Z,260.56931326135555,46,100.00019836,0.11659957885710145,0.12762200601367046,0.11659957885710145,A
100.00019836,66.1008300781,2023-02-22T18:03:53Z,260.56931326135555,46,100.00019836,0.11659957885710145,0.12762200601367046,0.11659957885710145,A
116.59166718,0,2023-02-22T18:03:53Z,260.56931326135555,46,100.00019836,0.11659957885710145,0.12762200601367046,0.11659957885710145,A
135.93591309,0,2023-02-22T18:03:53Z,260.56931326135555,46,100.00019836,0.11659957885710145,0.12762200601367046,0.11659957885710145,A
158.48962402,0,2023-02-22T18:03:53Z,260.56931326135555,46,100.00019836,0.11659957885710145,0.12762200601367046,0.11659957885710145,A
184.78533936,0,2023-02-22T18:03:53Z,260.56931326135555,46,100.00019836,0.11659957885710145,0.12762200601367046,0.11659957885710145,A
215.44389343,0,2023-02-22T18:03:53Z,260.56931326135555,46,100.00019836,0.11659957885710145,0.12762200601367046,0.11659957885710145,A
251.18913269,0,2023-02-22T18:03:53Z,260.56931326135555,46,100.00019836,0.11659957885710145,0.12762200601367046,0.11659957885710145,A
292.86502075,0,2023-02-22T18:03:53Z,260.56931326135555,46,100.00019836,0.11659957885710145,0.12762200601367046,0.11659957885710145,A
341.45556641,0,2023-02-22T18:03:53Z,260.56931326135555,46,100.00019836,0.11659957885710145,0.12762200601367046,0.11659957885710145,A
398.10794067,0,2023-02-22T18:03:53Z,260.56931326135555,46,100.00019836,0.11659957885710145,0.12762200601367046,0.11659957885710145,A
464.15979004,0,2023-02-22T18:03:53Z,260.56931326135555,46,100.00019836,0.11659957885710145,0.12762200601367046,0.11659957885710145,A
541.17059326,0,2023-02-22T18:03:53Z,260.56931326135555,46,100.00019836,0.11659957885710145,0.12762200601367046,0.11659957885710145,A
630.95855713,0,2023-02-22T18:03:53Z,260.56931326135555,46,100.00019836,0.11659957885710145,0.12762200601367046,0.11659957885710145,A
735.64367676,0,2023-02-22T18:03:53Z,260.56931326135555,46,100.00019836,0.11659957885710145,0.12762200601367046,0.11659957885710145,A
857.69757080,0,2023-02-22T18:03:53Z,260.56931326135555,46,100.00019836,0.11659957885710145,0.12762200601367046,0.11659957885710145,A
1000.00195313,0,2023-02-22T18:03:53Z,260.56931326135555,46,100.00019836,0.11659957885710145,0.12762200601367046,0.11659957885710145,A
0.10000020,0,2023-02-22T18:03:54Z,242.57941797033055,46,100.00019836,0.12914643645634188,0.14560099736201487,0.12914643645634188,B
0.11659167,0,2023-02-22T18:03:54Z,242.57941797033055,46,100.00019836,0.12914643645634188,0.14560099736201487,0.12914643645634188,B
0.13593590,0,2023-02-22T18:03:54Z,242.57941797033055,46,100.00019836,0.12914643645634188,0.14560099736201487,0.12914643645634188,B
0.15848963,0,2023-02-22T18:03:54Z,242.57941797033055,46,100.00019836,0.12914643645634188,0.14560099736201487,0.12914643645634188,B
0.18478534,0,2023-02-22T18:03:54Z,242.57941797033055,46,100.00019836,0.12914643645634188,0.14560099736201487,0.12914643645634188,B
0.21544389,0,2023-02-22T18:03:54Z,242.57941797033055,46,100.00019836,0.12914643645634188,0.14560099736201487,0.12914643645634188,B
0.25118914,0,2023-02-22T18:03:54Z,242.57941797033055,46,100.00019836,0.12914643645634188,0.14560099736201487,0.12914643645634188,B
0.29286504,0,2023-02-22T18:03:54Z,242.57941797033055,46,100.00019836,0.12914643645634188,0.14560099736201487,0.12914643645634188,B
0.34145555,0,2023-02-22T18:03:54Z,242.57941797033055,46,100.00019836,0.12914643645634188,0.14560099736201487,0.12914643645634188,B
0.39810795,0,2023-02-22T18:03:54Z,242.57941797033055,46,100.00019836,0.12914643645634188,0.14560099736201487,0.12914643645634188,B
0.46415979,0,2023-02-22T18:03:54Z,242.57941797033055,46,100.00019836,0.12914643645634188,0.14560099736201487,0.12914643645634188,B
0.54117060,0,2023-02-22T18:03:54Z,242.57941797033055,46,100.00019836,0.12914643645634188,0.14560099736201487,0.12914643645634188,B
0.63095856,0,2023-02-22T18:03:54Z,242.57941797033055,46,100.00019836,0.12914643645634188,0.14560099736201487,0.12914643645634188,B
0.73564368,0,2023-02-22T18:03:54Z,242.57941797033055,46,100.00019836,0.12914643645634188,0.14560099736201487,0.12914643645634188,B
0.85769761,0,2023-02-22T18:03:54Z,242.57941797033055,46,100.00019836,0.12914643645634188,0.14560099736201487,0.12914643645634188,B
1.00000191,4.20389539297e-42,2023-02-22T18:03:54Z,242.57941797033055,46,100.00019836,0.12914643645634188,0.14560099736201487,0.12914643645634188,B
1.16591668,2.36089842121e-10,2023-02-22T18:03:54Z,242.57941797033055,46,100.00019836,0.12914643645634188,0.14560099736201487,0.12914643645634188,B
1.35935903,11.4207420349,2023-02-22T18:03:54Z,242.57941797033055,46,100.00019836,0.12914643645634188,0.14560099736201487,0.12914643645634188,B
1.58489633,1.49390161037,2023-02-22T18:03:54Z,242.57941797033055,46,100.00019836,0.12914643645634188,0.14560099736201487,0.12914643645634188,B
1.84785342,1.28097213392e-10,2023-02-22T18:03:54Z,242.57941797033055,46,100.00019836,0.12914643645634188,0.14560099736201487,0.12914643645634188,B
2.15443897,2.83999548006e-30,2023-02-22T18:03:54Z,242.57941797033055,46,100.00019836,0.12914643645634188,0.14560099736201487,0.12914643645634188,B
2.51189137,0,2023-02-22T18:03:54Z,242.57941797033055,46,100.00019836,0.12914643645634188,0.14560099736201487,0.12914643645634188,B
2.92865038,0,2023-02-22T18:03:54Z,242.57941797033055,46,100.00019836,0.12914643645634188,0.14560099736201487,0.12914643645634188,B
3.41455555,0,2023-02-22T18:03:54Z,242.57941797033055,46,100.00019836,0.12914643645634188,0.14560099736201487,0.12914643645634188,B
3.98107958,0,2023-02-22T18:03:54Z,242.57941797033055,46,100.00019836,0.12914643645634188,0.14560099736201487,0.12914643645634188,B
4.64159775,0,2023-02-22T18:03:54Z,242.57941797033055,46,100.00019836,0.12914643645634188,0.14560099736201487,0.12914643645634188,B
5.41170597,0,2023-02-22T18:03:54Z,242.57941797033055,46,100.00019836,0.12914643645634188,0.14560099736201487,0.12914643645634188,B
6.30958605,0.0973401218653,2023-02-22T18:03:54Z,242.57941797033055,46,100.00019836,0.12914643645634188,0.14560099736201487,0.12914643645634188,B
7.35643721,0.439652442932,2023-02-22T18:03:54Z,242.57941797033055,46,100.00019836,0.12914643645634188,0.14560099736201487,0.12914643645634188,B
8.57697582,1.10846352577,2023-02-22T18:03:54Z,242.57941797033055,46,100.00019836,0.12914643645634188,0.14560099736201487,0.12914643645634188,B
10.00002003,2.13804721832,2023-02-22T18:03:54Z,242.57941797033055,46,100.00019836,0.12914643645634188,0.14560099736201487,0.12914643645634188,B
11.65916729,3.3930208683,2023-02-22T18:03:54Z,242.57941797033055,46,100.00019836,0.12914643645634188,0.14560099736201487,0.12914643645634188,B
13.59359074,4.50573730469,2023-02-22T18:03:54Z,242.57941797033055,46,100.00019836,0.12914643645634188,0.14560099736201487,0.12914643645634188,B
15.84896278,4.93572854996,2023-02-22T18:03:54Z,242.57941797033055,46,100.00019836,0.12914643645634188,0.14560099736201487,0.12914643645634188,B
18.47853470,4.21105718613,2023-02-22T18:03:54Z,242.57941797033055,46,100.00019836,0.12914643645634188,0.14560099736201487,0.12914643645634188,B
21.54438972,2.2712290287,2023-02-22T18:03:54Z,242.57941797033055,46,100.00019836,0.12914643645634188,0.14560099736201487,0.12914643645634188,B
25.11891365,0,2023-02-22T18:03:54Z,242.57941797033055,46,100.00019836,0.12914643645634188,0.14560099736201487,0.12914643645634188,B
29.28650284,0,2023-02-22T18:03:54Z,242.57941797033055,46,100.00019836,0.12914643645634188,0.14560099736201487,0.12914643645634188,B
34.14555740,0,2023-02-22T18:03:54Z,242.57941797033055,46,100.00019836,0.12914643645634188,0.14560099736201487,0.12914643645634188,B
39.81079483,0,2023-02-22T18:03:54Z,242.57941797033055,46,100.00019836,0.12914643645634188,0.14560099736201487,0.12914643645634188,B
46.41598129,0,2023-02-22T18:03:54Z,242.57941797033055,46,100.00019836,0.12914643645634188,0.14560099736201487,0.12914643645634188,B
54.11705780,0,2023-02-22T18:03:54Z,242.57941797033055,46,100.00019836,0.12914643645634188,0.14560099736201487,0.12914643645634188,B
63.09585953,0,2023-02-22T18:03:54Z,242.57941797033055,46,100.00019836,0.12914643645634188,0.14560099736201487,0.12914643645634188,B
73.56436920,0,2023-02-22T18:03:54Z,242.57941797033055,46,100.00019836,0.12914643645634188,0.14560099736201487,0.12914643645634188,B
85.76976013,0,2023-02-22T18:03:54Z,242.57941797033055,46,100.00019836,0.12914643645634188,0.14560099736201487,0.12914643645634188,B
100.00019836,63.985080719,2023-02-22T18:03:54Z,242.57941797033055,46,100.00019836,0.12914643645634188,0.14560099736201487,0.12914643645634188,B
116.59166718,0,2023-02-22T18:03:54Z,242.57941797033055,46,100.00019836,0.12914643645634188,0.14560099736201487,0.12914643645634188,B
135.93591309,0,2023-02-22T18:03:54Z,242.57941797033055,46,100.00019836,0.12914643645634188,0.14560099736201487,0.12914643645634188,B
158.48962402,0,2023-02-22T18:03:54Z,242.57941797033055,46,100.00019836,0.12914643645634188,0.14560099736201487,0.12914643645634188,B
184.78533936,0,2023-02-22T18:03:54Z,242.57941797033055,46,100.00019836,0.12914643645634188,0.14560099736201487,0.12914643645634188,B
215.44389343,0,2023-02-22T18:03:54Z,242.57941797033055,46,100.00019836,0.12914643645634188,0.14560099736201487,0.12914643645634188,B
251.18913269,0,2023-02-22T18:03:54Z,242.57941797033055,46,100.00019836,0.12914643645634188,0.14560099736201487,0.12914643645634188,B
292.86502075,0,2023-02-22T18:03:54Z,242.57941797033055,46,100.00019836,0.12914643645634188,0.14560099736201487,0.12914643645634188,B
341.45556641,0,2023-02-22T18:03:54Z,242.57941797033055,46,100.00019836,0.12914643645634188,0.14560099736201487,0.12914643645634188,B
398.10794067,0,2023-02-22T18:03:54Z,242.57941797033055,46,100.00019836,0.12914643645634188,0.14560099736201487,0.12914643645634188,B
464.15979004,0,2023-02-22T18:03:54Z,242.57941797033055,46,100.00019836,0.12914643645634188,0.14560099736201487,0.12914643645634188,B
541.17059326,0,2023-02-22T18:03:54Z,242.57941797033055,46,100.00019836,0.12914643645634188,0.14560099736201487,0.12914643645634188,B
630.95855713,0,2023-02-22T18:03:54Z,242.57941797033055,46,100.00019836,0.12914643645634188,0.14560099736201487,0.12914643645634188,B
735.64367676,0,2023-02-22T18:03:54Z,242.57941797033055,46,100.00019836,0.12914643645634188,0.14560099736201487,0.12914643645634188,B
857.69757080,0,2023-02-22T18:03:54Z,242.57941797033055,46,100.00019836,0.12914643645634188,0.14560099736201487,0.12914643645634188,B
1000.00195313,0,2023-02-22T18:03:54Z,242.57941797033055,46,100.00019836,0.12914643645634188,0.14560099736201487,0.12914643645634188,B
0.10000020,0,2023-02-22T18:03:55Z,192.75787650211112,46,100.00019836,0.17295639852468386,0.18736937289532388,0.16686136975886,B
0.11659167,0,2023-02-22T18:03:55Z,192.75787650211112,46,100.00019836,0.17295639852468386,0.18736937289532388,0.16686136975886,B
0.13593590,0,2023-02-22T18:03:55Z,192.75787650211112,46,100.00019836,0.17295639852468386,0.18736937289532388,0.16686136975886,B
0.15848963,0,2023-02-22T18:03:55Z,192.75787650211112,46,100.00019836,0.17295639852468386,0.18736937289532388,0.16686136975886,B
0.18478534,0,2023-02-22T18:03:55Z,192.75787650211112,46,100.00019836,0.17295639852468386,0.18736937289532388,0.16686136975886,B
0.21544389,0,2023-02-22T18:03:55Z,192.75787650211112,46,100.00019836,0.17295639852468386,0.18736937289532388,0.16686136975886,B
0.25118914,0,2023-02-22T18:03:55Z,192.75787650211112,46,100.00019836,0.17295639852468386,0.18736937289532388,0.16686136975886,B
0.29286504,0,2023-02-22T18:03:55Z,192.75787650211112,46,100.00019836,0.17295639852468386,0.18736937289532388,0.16686136975886,B
0.34145555,0,2023-02-22T18:03:55Z,192.75787650211112,46,100.00019836,0.17295639852468386,0.18736937289532388,0.16686136975886,B
0.39810795,0,2023-02-22T18:03:55Z,192.75787650211112,46,100.00019836,0.17295639852468386,0.18736937289532388,0.16686136975886,B
0.46415979,0,2023-02-22T18:03:55Z,192.75787650211112,46,100.00019836,0.17295639852468386,0.18736937289532388,0.16686136975886,B
0.54117060,0,2023-02-22T18:03:55Z,192.75787650211112,46,100.00019836,0.17295639852468386,0.18736937289532388,0.16686136975886,B
0.63095856,0,2023-02-22T18:03:55Z,192.75787650211112,46,100.00019836,0.17295639852468386,0.18736937289532388,0.16686136975886,B
0.73564368,0,2023-02-22T18:03:55Z,192.75787650211112,46,100.00019836,0.17295639852468386,0.18736937289532388,0.16686136975886,B
0.85769761,0,2023-02-22T18:03:55Z,192.75787650211112,46,100.00019836,0.17295639852468386,0.18736937289532388,0.16686136975886,B
1.00000191,0.044939532876,2023-02-22T18:03:55Z,192.75787650211112,46,100.00019836,0.17295639852468386,0.18736937289532388,0.16686136975886,B
1.16591668,1.49956226349,2023-02-22T18:03:55Z,192.75787650211112,46,100.00019836,0.17295639852468386,0.18736937289532388,0.16686136975886,B
1.35935903,5.67681932449,2023-02-22T18:03:55Z,192.75787650211112,46,100.00019836,0.17295639852468386,0.18736937289532388,0.16686136975886,B
1.58489633,6.49670505524,2023-02-22T18:03:55Z,192.75787650211112,46,100.00019836,0.17295639852468386,0.18736937289532388,0.16686136975886,B
1.84785342,2.96811079979,2023-02-22T18:03:55Z,192.75787650211112,46,100.00019836,0.17295639852468386,0.18736937289532388,0.16686136975886,B
2.15443897,0.570261597633,2023-02-22T18:03:55Z,192.75787650211112,46,100.00019836,0.17295639852468386,0.18736937289532388,0.16686136975886,B
2.51189137,0.0387675948441,2023-02-22T18:03:55Z,192.75787650211112,46,100.00019836,0.17295639852468386,0.18736937289532388,0.16686136975886,B
2.92865038,4.73641877761e-4,2023-02-22T18:03:55Z,192.75787650211112,46,100.00019836,0.17295639852468386,0.18736937289532388,0.16686136975886,B
3.41455555,4.22275263645e-8,2023-02-22T18:03:55Z,192.75787650211112,46,100.00019836,0.17295639852468386,0.18736937289532388,0.16686136975886,B
3.98107958,0,2023-02-22T18:03:55Z,192.75787650211112,46,100.00019836,0.17295639852468386,0.18736937289532388,0.16686136975886,B
4.64159775,0,2023-02-22T18:03:55Z,192.75787650211112,46,100.00019836,0.17295639852468386,0.18736937289532388,0.16686136975886,B
5.41170597,0.013107615523,2023-02-22T18:03:55Z,192.75787650211112,46,100.00019836,0.17295639852468386,0.18736937289532388,0.16686136975886,B
6.30958605,0.102223999798,2023-02-22T18:03:55Z,192.75787650211112,46,100.00019836,0.17295639852468386,0.18736937289532388,0.16686136975886,B
7.35643721,0.371027708054,2023-02-22T18:03:55Z,192.75787650211112,46,100.00019836,0.17295639852468386,0.18736937289532388,0.16686136975886,B
8.57697582,0.954938113689,2023-02-22T18:03:55Z,192.75787650211112,46,100.00019836,0.17295639852468386,0.18736937289532388,0.16686136975886,B
10.00002003,1.97416448593,2023-02-22T18:03:55Z,192.75787650211112,46,100.00019836,0.17295639852468386,0.18736937289532388,0.16686136975886,B
11.65916729,3.43762588501,2023-02-22T18:03:55Z,192.75787650211112,46,100.00019836,0.17295639852468386,0.18736937289532388,0.16686136975886,B
13.59359074,5.1075925827,2023-02-22T18:03:55Z,192.75787650211112,46,100.00019836,0.17295639852468386,0.18736937289532388,0.16686136975886,B
15.84896278,6.40036535263,2023-02-22T18:03:55Z,192.75787650211112,46,100.00019836,0.17295639852468386,0.18736937289532388,0.16686136975886,B
18.47853470,6.50021505356,2023-02-22T18:03:55Z,192.75787650211112,46,100.00019836,0.17295639852468386,0.18736937289532388,0.16686136975886,B
21.54438972,4.85439348221,2023-02-22T18:03:55Z,192.75787650211112,46,100.00019836,0.17295639852468386,0.18736937289532388,0.16686136975886,B
25.11891365,1.99600231647,2023-02-22T18:03:55Z,192.75787650211112,46,100.00019836,0.17295639852468386,0.18736937289532388,0.16686136975886,B
29.28650284,0.0123419417068,2023-02-22T18:03:55Z,192.75787650211112,46,100.00019836,0.17295639852468386,0.18736937289532388,0.16686136975886,B
34.14555740,0,2023-02-22T18:03:55Z,192.75787650211112,46,100.00019836,0.17295639852468386,0.18736937289532388,0.16686136975886,B
39.81079483,0,2023-02-22T18:03:55Z,192.75787650211112,46,100.00019836,0.17295639852468386,0.18736937289532388,0.16686136975886,B
46.41598129,0,2023-02-22T18:03:55Z,192.75787650211112,46,100.00019836,0.17295639852468386,0.18736937289532388,0.16686136975886,B
54.11705780,0,2023-02-22T18:03:55Z,192.75787650211112,46,100.00019836,0.17295639852468386,0.18736937289532388,0.16686136975886,B
63.09585953,0,2023-02-22T18:03:55Z,192.75787650211112,46,100.00019836,0.17295639852468386,0.18736937289532388,0.16686136975886,B
73.56436920,0,2023-02-22T18:03:55Z,192.75787650211112,46,100.00019836,0.17295639852468386,0.18736937289532388,0.16686136975886,B
85.76976013,0,2023-02-22T18:03:55Z,192.75787650211112,46,100.00019836,0.17295639852468386,0.18736937289532388,0.16686136975886,B
100.00019836,50.9803695679,2023-02-22T18:03:55Z,192.75787650211112,46,100.00019836,0.17295639852468386,0.18736937289532388,0.16686136975886,B
116.59166718,0,2023-02-22T18:03:55Z,192.75787650211112,46,100.00019836,0.17295639852468386,0.18736937289532388,0.16686136975886,B
135.93591309,0,2023-02-22T18:03:55Z,192.75787650211112,46,100.00019836,0.17295639852468386,0.18736937289532388,0.16686136975886,B
158.48962402,0,2023-02-22T18:03:55Z,192.75787650211112,46,100.00019836,0.17295639852468386,0.18736937289532388,0.16686136975886,B
184.78533936,0,2023-02-22T18:03:55Z,192.75787650211112,46,100.00019836,0.17295639852468386,0.18736937289532388,0.16686136975886,B
215.44389343,0,2023-02-22T18:03:55Z,192.75787650211112,46,100.00019836,0.17295639852468386,0.18736937289532388,0.16686136975886,B
251.18913269,0,2023-02-22T18:03:55Z,192.75787650211112,46,100.00019836,0.17295639852468386,0.18736937289532388,0.16686136975886,B
292.86502075,0,2023-02-22T18:03:55Z,192.75787650211112,46,100.00019836,0.17295639852468386,0.18736937289532388,0.16686136975886,B
341.45556641,0,2023-02-22T18:03:55Z,192.75787650211112,46,100.00019836,0.17295639852468386,0.18736937289532388,0.16686136975886,B
398.10794067,0,2023-02-22T18:03:55Z,192.75787650211112,46,100.00019836,0.17295639852468386,0.18736937289532388,0.16686136975886,B
464.15979004,0,2023-02-22T18:03:55Z,192.75787650211112,46,100.00019836,0.17295639852468386,0.18736937289532388,0.16686136975886,B
541.17059326,0,2023-02-22T18:03:55Z,192.75787650211112,46,100.00019836,0.17295639852468386,0.18736937289532388,0.16686136975886,B
630.95855713,0,2023-02-22T18:03:55Z,192.75787650211112,46,100.00019836,0.17295639852468386,0.18736937289532388,0.16686136975886,B
735.64367676,0,2023-02-22T18:03:55Z,192.75787650211112,46,100.00019836,0.17295639852468386,0.18736937289532388,0.16686136975886,B
857.69757080,0,2023-02-22T18:03:55Z,192.75787650211112,46,100.00019836,0.17295639852468386,0.18736937289532388,0.16686136975886,B
1000.00195313,0,2023-02-22T18:03:55Z,192.75787650211112,46,100.00019836,0.17295639852468386,0.18736937289532388,0.16686136975886,B
0.10000020,0,2023-02-22T18:03:56Z,201.20480410258332,46,100.00019836,0.17854695082968225,0.20172349528733524,0.16970404535531,B
0.11659167,0,2023-02-22T18:03:56Z,201.20480410258332,46,100.00019836,0.17854695082968225,0.20172349528733524,0.16970404535531,B
0.13593590,0,2023-02-22T18:03:56Z,201.20480410258332,46,100.00019836,0.17854695082968225,0.20172349528733524,0.16970404535531,B
0.15848963,0,2023-02-22T18:03:56Z,201.20480410258332,46,100.00019836,0.17854695082968225,0.20172349528733524,0.16970404535531,B
0.18478534,0,2023-02-22T18:03:56Z,201.20480410258332,46,100.00019836,0.17854695082968225,0.20172349528733524,0.16970404535531,B
0.21544389,0,2023-02-22T18:03:56Z,201.20480410258332,46,100.00019836,0.17854695082968225,0.20172349528733524,0.16970404535531,B
0.25118914,0,2023-02-22T18:03:56Z,201.20480410258332,46,100.00019836,0.17854695082968225,0.20172349528733524,0.16970404535531,B
0.29286504,0,2023-02-22T18:03:56Z,201.20480410258332,46,100.00019836,0.17854695082968225,0.20172349528733524,0.16970404535531,B
0.34145555,0,2023-02-22T18:03:56Z,201.20480410258332,46,100.00019836,0.17854695082968225,0.20172349528733524,0.16970404535531,B
0.39810795,0,2023-02-22T18:03:56Z,201.20480410258332,46,100.00019836,0.17854695082968225,0.20172349528733524,0.16970404535531,B
0.46415979,0,2023-02-22T18:03:56Z,201.20480410258332,46,100.00019836,0.17854695082968225,0.20172349528733524,0.16970404535531,B
0.54117060,0,2023-02-22T18:03:56Z,201.20480410258332,46,100.00019836,0.17854695082968225,0.20172349528733524,0.16970404535531,B
0.63095856,0,2023-02-22T18:03:56Z,201.20480410258332,46,100.00019836,0.17854695082968225,0.20172349528733524,0.16970404535531,B
0.73564368,0,2023-02-22T18:03:56Z,201.20480410258332,46,100.00019836,0.17854695082968225,0.20172349528733524,0.16970404535531,B
0.85769761,0,2023-02-22T18:03:56Z,201.20480410258332,46,100.00019836,0.17854695082968225,0.20172349528733524,0.16970404535531,B
1.00000191,0.462790161371,2023-02-22T18:03:56Z,201.20480410258332,46,100.00019836,0.17854695082968225,0.20172349528733524,0.16970404535531,B
1.16591668,3.02614283562,2023-02-22T18:03:56Z,201.20480410258332,46,100.00019836,0.17854695082968225,0.20172349528733524,0.16970404535531,B
1.35935903,5.68599796295,2023-02-22T18:03:56Z,201.20480410258332,46,100.00019836,0.17854695082968225,0.20172349528733524,0.16970404535531,B
1.58489633,5.16743516922,2023-02-22T18:03:56Z,201.20480410258332,46,100.00019836,0.17854695082968225,0.20172349528733524,0.16970404535531,B
1.84785342,2.62803840637,2023-02-22T18:03:56Z,201.20480410258332,46,100.00019836,0.17854695082968225,0.20172349528733524,0.16970404535531,B
2.15443897,0.764445602894,2023-02-22T18:03:56Z,201.20480410258332,46,100.00019836,0.17854695082968225,0.20172349528733524,0.16970404535531,B
2.51189137,0.114140599966,2023-02-22T18:03:56Z,201.20480410258332,46,100.00019836,0.17854695082968225,0.20172349528733524,0.16970404535531,B
2.92865038,0.00569818727672,2023-02-22T18:03:56Z,201.20480410258332,46,100.00019836,0.17854695082968225,0.20172349528733524,0.16970404535531,B
3.41455555,6.15730050413e-6,2023-02-22T18:03:56Z,201.20480410258332,46,100.00019836,0.17854695082968225,0.20172349528733524,0.16970404535531,B
3.98107958,0,2023-02-22T18:03:56Z,201.20480410258332,46,100.00019836,0.17854695082968225,0.20172349528733524,0.16970404535531,B
4.64159775,0,2023-02-22T18:03:56Z,201.20480410258332,46,100.00019836,0.17854695082968225,0.20172349528733524,0.16970404535531,B
5.41170597,0.0346861183643,2023-02-22T18:03:56Z,201.20480410258332,46,100.00019836,0.17854695082968225,0.20172349528733524,0.16970404535531,B
6.30958605,0.221612676978,2023-02-22T18:03:56Z,201.20480410258332,46,100.00019836,0.17854695082968225,0.20172349528733524,0.16970404535531,B
7.35643721,0.652011930943,2023-02-22T18:03:56Z,201.20480410258332,46,100.00019836,0.17854695082968225,0.20172349528733524,0.16970404535531,B
8.57697582,1.40934371948,2023-02-22T18:03:56Z,201.20480410258332,46,100.00019836,0.17854695082968225,0.20172349528733524,0.16970404535531,B
10.00002003,2.50643229485,2023-02-22T18:03:56Z,201.20480410258332,46,100.00019836,0.17854695082968225,0.20172349528733524,0.16970404535531,B
11.65916729,3.81890678406,2023-02-22T18:03:56Z,201.20480410258332,46,100.00019836,0.17854695082968225,0.20172349528733524,0.16970404535531,B
13.59359074,5.03400802612,2023-02-22T18:03:56Z,201.20480410258332,46,100.00019836,0.17854695082968225,0.20172349528733524,0.16970404535531,B
15.84896278,5.67044448853,2023-02-22T18:03:56Z,201.20480410258332,46,100.00019836,0.17854695082968225,0.20172349528733524,0.16970404535531,B
18.47853470,5.23696374893,2023-02-22T18:03:56Z,201.20480410258332,46,100.00019836,0.17854695082968225,0.20172349528733524,0.16970404535531,B
21.54438972,3.53773379326,2023-02-22T18:03:56Z,201.20480410258332,46,100.00019836,0.17854695082968225,0.20172349528733524,0.16970404535531,B
25.11891365,1.06660616398,2023-02-22T18:03:56Z,201.20480410258332,46,100.00019836,0.17854695082968225,0.20172349528733524,0.16970404535531,B
29.28650284,0,2023-02-22T18:03:56Z,201.20480410258332,46,100.00019836,0.17854695082968225,0.20172349528733524,0.16970404535531,B
34.14555740,0,2023-02-22T18:03:56Z,201.20480410258332,46,100.00019836,0.17854695082968225,0.20172349528733524,0.16970404535531,B
39.81079483,0,2023-02-22T18:03:56Z,201.20480410258332,46,100.00019836,0.17854695082968225,0.20172349528733524,0.16970404535531,B
46.41598129,0,2023-02-22T18:03:56Z,201.20480410258332,46,100.00019836,0.17854695082968225,0.20172349528733524,0.16970404535531,B
54.11705780,0,2023-02-22T18:03:56Z,201.20480410258332,46,100.00019836,0.17854695082968225,0.20172349528733524,0.16970404535531,B
63.09585953,0,2023-02-22T18:03:56Z,201.20480410258332,46,100.00019836,0.17854695082968225,0.20172349528733524,0.16970404535531,B
73.56436920,0,2023-02-22T18:03:56Z,201.20480410258332,46,100.00019836,0.17854695082968225,0.20172349528733524,0.16970404535531,B
85.76976013,0,2023-02-22T18:03:56Z,201.20480410258332,46,100.00019836,0.17854695082968225,0.20172349528733524,0.16970404535531,B
100.00019836,52.9565582275,2023-02-22T18:03:56Z,201.20480410258332,46,100.00019836,0.17854695082968225,0.20172349528733524,0.16970404535531,B
116.59166718,0,2023-02-22T18:03:56Z,201.20480410258332,46,100.00019836,0.17854695082968225,0.20172349528733524,0.16970404535531,B
135.93591309,0,2023-02-22T18:03:56Z,201.20480410258332,46,100.00019836,0.17854695082968225,0.20172349528733524,0.16970404535531,B
158.48962402,0,2023-02-22T18:03:56Z,201.20480410258332,46,100.00019836,0.17854695082968225,0.20172349528733524,0.16970404535531,B
184.78533936,0,2023-02-22T18:03:56Z,201.20480410258332,46,100.00019836,0.17854695082968225,0.20172349528733524,0.16970404535531,B
215.44389343,0,2023-02-22T18:03:56Z,201.20480410258332,46,100.00019836,0.17854695082968225,0.20172349528733524,0.16970404535531,B
251.18913269,0,2023-02-22T18:03:56Z,201.20480410258332,46,100.00019836,0.17854695082968225,0.20172349528733524,0.16970404535531,B
292.86502075,0,2023-02-22T18:03:56Z,201.20480410258332,46,100.00019836,0.17854695082968225,0.20172349528733524,0.16970404535531,B
341.45556641,0,2023-02-22T18:03:56Z,201.20480410258332,46,100.00019836,0.17854695082968225,0.20172349528733524,0.16970404535531,B
398.10794067,0,2023-02-22T18:03:56Z,201.20480410258332,46,100.00019836,0.17854695082968225,0.20172349528733524,0.16970404535531,B
464.15979004,0,2023-02-22T18:03:56Z,201.20480410258332,46,100.00019836,0.17854695082968225,0.20172349528733524,0.16970404535531,B
541.17059326,0,2023-02-22T18:03:56Z,201.20480410258332,46,100.00019836,0.17854695082968225,0.20172349528733524,0.16970404535531,B
630.95855713,0,2023-02-22T18:03:56Z,201.20480410258332,46,100.00019836,0.17854695082968225,0.20172349528733524,0.16970404535531,B
735.64367676,0,2023-02-22T18:03:56Z,201.20480410258332,46,100.00019836,0.17854695082968225,0.20172349528733524,0.16970404535531,B
857.69757080,0,2023-02-22T18:03:56Z,201.20480410258332,46,100.00019836,0.17854695082968225,0.20172349528733524,0.16970404535531,B
1000.00195313,0,2023-02-22T18:03:56Z,201.20480410258332,46,100.00019836,0.17854695082968225,0.20172349528733524,0.16970404535531,B
0.10000020,0,2023-02-22T18:03:57Z,168.7980995178889,37,25.11891365,0.19552155540218938,0.22629254848586935,0.17627705454832998,B
0.11659167,0,2023-02-22T18:03:57Z,168.7980995178889,37,25.11891365,0.19552155540218938,0.22629254848586935,0.17627705454832998,B
0.13593590,0,2023-02-22T18:03:57Z,168.7980995178889,37,25.11891365,0.19552155540218938,0.22629254848586935,0.17627705454832998,B
0.15848963,0,2023-02-22T18:03:57Z,168.7980995178889,37,25.11891365,0.19552155540218938,0.22629254848586935,0.17627705454832998,B
0.18478534,0,2023-02-22T18:03:57Z,168.7980995178889,37,25.11891365,0.19552155540218938,0.22629254848586935,0.17627705454832998,B
0.21544389,0,2023-02-22T18:03:57Z,168.7980995178889,37,25.11891365,0.19552155540218938,0.22629254848586935,0.17627705454832998,B
0.25118914,0,2023-02-22T18:03:57Z,168.7980995178889,37,25.11891365,0.19552155540218938,0.22629254848586935,0.17627705454832998,B
0.29286504,0,2023-02-22T18:03:57Z,168.7980995178889,37,25.11891365,0.19552155540218938,0.22629254848586935,0.17627705454832998,B
0.34145555,0,2023-02-22T18:03:57Z,168.7980995178889,37,25.11891365,0.19552155540218938,0.22629254848586935,0.17627705454832998,B
0.39810795,0,2023-02-22T18:03:57Z,168.7980995178889,37,25.11891365,0.19552155540218938,0.22629254848586935,0.17627705454832998,B
0.46415979,0,2023-02-22T18:03:57Z,168.7980995178889,37,25.11891365,0.19552155540218938,0.22629254848586935,0.17627705454832998,B
0.54117060,0,2023-02-22T18:03:57Z,168.7980995178889,37,25.11891365,0.19552155540218938,0.22629254848586935,0.17627705454832998,B
0.63095856,0,2023-02-22T18:03:57Z,168.7980995178889,37,25.11891365,0.19552155540218938,0.22629254848586935,0.17627705454832998,B
0.73564368,0,2023-02-22T18:03:57Z,168.7980995178889,37,25.11891365,0.19552155540218938,0.22629254848586935,0.17627705454832998,B
0.85769761,0,2023-02-22T18:03:57Z,168.7980995178889,37,25.11891365,0.19552155540218938,0.22629254848586935,0.17627705454832998,B
1.00000191,0.901203989983,2023-02-22T18:03:57Z,168.7980995178889,37,25.11891365,0.19552155540218938,0.22629254848586935,0.17627705454832998,B
1.16591668,3.3978304863,2023-02-22T18:03:57Z,168.7980995178889,37,25.11891365,0.19552155540218938,0.22629254848586935,0.17627705454832998,B
1.35935903,5.22622251511,2023-02-22T18:03:57Z,168.7980995178889,37,25.11891365,0.19552155540218938,0.22629254848586935,0.17627705454832998,B
1.58489633,4.92154836655,2023-02-22T18:03:57Z,168.7980995178889,37,25.11891365,0.19552155540218938,0.22629254848586935,0.17627705454832998,B
1.84785342,3.18090009689,2023-02-22T18:03:57Z,168.7980995178889,37,25.11891365,0.19552155540218938,0.22629254848586935,0.17627705454832998,B
2.15443897,1.43965518475,2023-02-22T18:03:57Z,168.7980995178889,37,25.11891365,0.19552155540218938,0.22629254848586935,0.17627705454832998,B
2.51189137,0.423417985439,2023-02-22T18:03:57Z,168.7980995178889,37,25.11891365,0.19552155540218938,0.22629254848586935,0.17627705454832998,B
2.92865038,0.060394987464,2023-02-22T18:03:57Z,168.7980995178889,37,25.11891365,0.19552155540218938,0.22629254848586935,0.17627705454832998,B
3.41455555,9.81927732937e-4,2023-02-22T18:03:57Z,168.7980995178889,37,25.11891365,0.19552155540218938,0.22629254848586935,0.17627705454832998,B
3.98107958,0,2023-02-22T18:03:57Z,168.7980995178889,37,25.11891365,0.19552155540218938,0.22629254848586935,0.17627705454832998,B
4.64159775,0,2023-02-22T18:03:57Z,168.7980995178889,37,25.11891365,0.19552155540218938,0.22629254848586935,0.17627705454832998,B
5.41170597,0.110973462462,2023-02-22T18:03:57Z,168.7980995178889,37,25.11891365,0.19552155540218938,0.22629254848586935,0.17627705454832998,B
6.30958605,0.404125452042,2023-02-22T18:03:57Z,168.7980995178889,37,25.11891365,0.19552155540218938,0.22629254848586935,0.17627705454832998,B
7.35643721,0.910838484764,2023-02-22T18:03:57Z,168.7980995178889,37,25.11891365,0.19552155540218938,0.22629254848586935,0.17627705454832998,B
8.57697582,1.6511619091,2023-02-22T18:03:57Z,168.7980995178889,37,25.11891365,0.19552155540218938,0.22629254848586935,0.17627705454832998,B
10.00002003,2.60212826729,2023-02-22T18:03:57Z,168.7980995178889,37,25.11891365,0.19552155540218938,0.22629254848586935,0.17627705454832998,B
11.65916729,3.67436361313,2023-02-22T18:03:57Z,168.7980995178889,37,25.11891365,0.19552155540218938,0.22629254848586935,0.17627705454832998,B
13.59359074,4.69269371033,2023-02-22T18:03:57Z,168.7980995178889,37,25.11891365,0.19552155540218938,0.22629254848586935,0.17627705454832998,B
15.84896278,5.39280080795,2023-02-22T18:03:57Z,168.7980995178889,37,25.11891365,0.19552155540218938,0.22629254848586935,0.17627705454832998,B
18.47853470,5.46122598648,2023-02-22T18:03:57Z,168.7980995178889,37,25.11891365,0.19552155540218938,0.22629254848586935,0.17627705454832998,B
21.54438972,4.63566017151,2023-02-22T18:03:57Z,168.7980995178889,37,25.11891365,0.19552155540218938,0.22629254848586935,0.17627705454832998,B
25.11891365,2.88598227501,2023-02-22T18:03:57Z,168.7980995178889,37,25.11891365,0.19552155540218938,0.22629254848586935,0.17627705454832998,B
29.28650284,0.637911677361,2023-02-22T18:03:57Z,168.7980995178889,37,25.11891365,0.19552155540218938,0.22629254848586935,0.17627705454832998,B
34.14555740,0,2023-02-22T18:03:57Z,168.7980995178889,37,25.11891365,0.19552155540218938,0.22629254848586935,0.17627705454832998,B
39.81079483,0,2023-02-22T18:03:57Z,168.7980995178889,37,25.11891365,0.19552155540218938,0.22629254848586935,0.17627705454832998,B
46.41598129,0,2023-02-22T18:03:57Z,168.7980995178889,37,25.11891365,0.19552155540218938,0.22629254848586935,0.17627705454832998,B
54.11705780,0,2023-02-22T18:03:57Z,168.7980995178889,37,25.11891365,0.19552155540218938,0.22629254848586935,0.17627705454832998,B
63.09585953,0,2023-02-22T18:03:57Z,168.7980995178889,37,25.11891365,0.19552155540218938,0.22629254848586935,0.17627705454832998,B
73.56436920,0,2023-02-22T18:03:57Z,168.7980995178889,37,25.11891365,0.19552155540218938,0.22629254848586935,0.17627705454832998,B
85.76976013,0,2023-02-22T18:03:57Z,168.7980995178889,37,25.11891365,0.19552155540218938,0.22629254848586935,0.17627705454832998,B
100.00019836,47.3879776001,2023-02-22T18:03:57Z,168.7980995178889,37,25.11891365,0.19552155540218938,0.22629254848586935,0.17627705454832998,B
116.59166718,0,2023-02-22T18:03:57Z,168.7980995178889,37,25.11891365,0.19552155540218938,0.22629254848586935,0.17627705454832998,B
135.93591309,0,2023-02-22T18:03:57Z,168.7980995178889,37,25.11891365,0.19552155540218938,0.22629254848586935,0.17627705454832998,B
158.48962402,0,2023-02-22T18:03:57Z,168.7980995178889,37,25.11891365,0.19552155540218938,0.22629254848586935,0.17627705454832998,B
184.78533936,0,2023-02-22T18:03:57Z,168.7980995178889,37,25.11891365,0.19552155540218938,0.22629254848586935,0.17627705454832998,B
215.44389343,0,2023-02-22T18:03:57Z,168.7980995178889,37,25.11891365,0.19552155540218938,0.22629254848586935,0.17627705454832998,B
251.18913269,0,2023-02-22T18:03:57Z,168.7980995178889,37,25.11891365,0.19552155540218938,0.22629254848586935,0.17627705454832998,B
292.86502075,0,2023-02-22T18:03:57Z,168.7980995178889,37,25.11891365,0.19552155540218938,0.22629254848586935,0.17627705454832998,B
341.45556641,0,2023-02-22T18:03:57Z,168.7980995178889,37,25.11891365,0.19552155540218938,0.22629254848586935,0.17627705454832998,B
398.10794067,0,2023-02-22T18:03:57Z,168.7980995178889,37,25.11891365,0.19552155540218938,0.22629254848586935,0.17627705454832998,B
464.15979004,0,2023-02-22T18:03:57Z,168.7980995178889,37,25.11891365,0.19552155540218938,0.22629254848586935,0.17627705454832998,B
541.17059326,0,2023-02-22T18:03:57Z,168.7980995178889,37,25.11891365,0.19552155540218938,0.22629254848586935,0.17627705454832998,B
630.95855713,0,2023-02-22T18:03:57Z,168.7980995178889,37,25.11891365,0.19552155540218938,0.22629254848586935,0.17627705454832998,B
735.64367676,0,2023-02-22T18:03:57Z,168.7980995178889,37,25.11891365,0.19552155540218938,0.22629254848586935,0.17627705454832998,B
857.69757080,0,2023-02-22T18:03:57Z,168.7980995178889,37,25.11891365,0.19552155540218938,0.22629254848586935,0.17627705454832998,B
1000.00195313,0,2023-02-22T18:03:57Z,168.7980995178889,37,25.11891365,0.19552155540218938,0.22629254848586935,0.17627705454832998,B
0.10000020,0,2023-02-22T18:03:58Z,171.54818873938333,46,100.00019836,0.16348705398077956,0.1969610890202806,0.16299045006967028,B
0.11659167,0,2023-02-22T18:03:58Z,171.54818873938333,46,100.00019836,0.16348705398077956,0.1969610890202806,0.16299045006967028,B
0.13593590,0,2023-02-22T18:03:58Z,171.54818873938333,46,100.00019836,0.16348705398077956,0.1969610890202806,0.16299045006967028,B
0.15848963,0,2023-02-22T18:03:58Z,171.54818873938333,46,100.00019836,0.16348705398077956,0.1969610890202806,0.16299045006967028,B
0.18478534,0,2023-02-22T18:03:58Z,171.54818873938333,46,100.00019836,0.16348705398077956,0.1969610890202806,0.16299045006967028,B
0.21544389,0,2023-02-22T18:03:58Z,171.54818873938333,46,100.00019836,0.16348705398077956,0.1969610890202806,0.16299045006967028,B
0.25118914,0,2023-02-22T18:03:58Z,171.54818873938333,46,100.00019836,0.16348705398077956,0.1969610890202806,0.16299045006967028,B
0.29286504,0,2023-02-22T18:03:58Z,171.54818873938333,46,100.00019836,0.16348705398077956,0.1969610890202806,0.16299045006967028,B
0.34145555,0,2023-02-22T18:03:58Z,171.54818873938333,46,100.00019836,0.16348705398077956,0.1969610890202806,0.16299045006967028,B
0.39810795,0,2023-02-22T18:03:58Z,171.54818873938333,46,100.00019836,0.16348705398077956,0.1969610890202806,0.16299045006967028,B
0.46415979,0,2023-02-22T18:03:58Z,171.54818873938333,46,100.00019836,0.16348705398077956,0.1969610890202806,0.16299045006967028,B
0.54117060,0,2023-02-22T18:03:58Z,171.54818873938333,46,100.00019836,0.16348705398077956,0.1969610890202806,0.16299045006967028,B
0.63095856,0,2023-02-22T18:03:58Z,171.54818873938333,46,100.00019836,0.16348705398077956,0.1969610890202806,0.16299045006967028,B
0.73564368,0,2023-02-22T18:03:58Z,171.54818873938333,46,100.00019836,0.16348705398077956,0.1969610890202806,0.16299045006967028,B
0.85769761,0,2023-02-22T18:03:58Z,171.54818873938333,46,100.00019836,0.16348705398077956,0.1969610890202806,0.16299045006967028,B
1.00000191,5.27362572029e-4,2023-02-22T18:03:58Z,171.54818873938333,46,100.00019836,0.16348705398077956,0.1969610890202806,0.16299045006967028,B
1.16591668,0.489561498165,2023-02-22T18:03:58Z,171.54818873938333,46,100.00019836,0.16348705398077956,0.1969610890202806,0.16299045006967028,B
1.35935903,6.36371517181,2023-02-22T18:03:58Z,171.54818873938333,46,100.00019836,0.16348705398077956,0.1969610890202806,0.16299045006967028,B
1.58489633,7.89075708389,2023-02-22T18:03:58Z,171.54818873938333,46,100.00019836,0.16348705398077956,0.1969610890202806,0.16299045006967028,B
1.84785342,1.55448389053,2023-02-22T18:03:58Z,171.54818873938333,46,100.00019836,0.16348705398077956,0.1969610890202806,0.16299045006967028,B
2.15443897,0.0495184734464,2023-02-22T18:03:58Z,171.54818873938333,46,100.00019836,0.16348705398077956,0.1969610890202806,0.16299045006967028,B
2.51189137,1.41914715641e-4,2023-02-22T18:03:58Z,171.54818873938333,46,100.00019836,0.16348705398077956,0.1969610890202806,0.16299045006967028,B
2.92865038,2.94888735652e-9,2023-02-22T18:03:58Z,171.54818873938333,46,100.00019836,0.16348705398077956,0.1969610890202806,0.16299045006967028,B
3.41455555,0,2023-02-22T18:03:58Z,171.54818873938333,46,100.00019836,0.16348705398077956,0.1969610890202806,0.16299045006967028,B
3.98107958,0,2023-02-22T18:03:58Z,171.54818873938333,46,100.00019836,0.16348705398077956,0.1969610890202806,0.16299045006967028,B
4.64159775,0,2023-02-22T18:03:58Z,171.54818873938333,46,100.00019836,0.16348705398077956,0.1969610890202806,0.16299045006967028,B
5.41170597,0.0991924181581,2023-02-22T18:03:58Z,171.54818873938333,46,100.00019836,0.16348705398077956,0.1969610890202806,0.16299045006967028,B
6.30958605,0.407311975956,2023-02-22T18:03:58Z,171.54818873938333,46,100.00019836,0.16348705398077956,0.1969610890202806,0.16299045006967028,B
7.35643721,0.982278227806,2023-02-22T18:03:58Z,171.54818873938333,46,100.00019836,0.16348705398077956,0.1969610890202806,0.16299045006967028,B
8.57697582,1.85862088203,2023-02-22T18:03:58Z,171.54818873938333,46,100.00019836,0.16348705398077956,0.1969610890202806,0.16299045006967028,B
10.00002003,2.99822688103,2023-02-22T18:03:58Z,171.54818873938333,46,100.00019836,0.16348705398077956,0.1969610890202806,0.16299045006967028,B
11.65916729,4.25148391724,2023-02-22T18:03:58Z,171.54818873938333,46,100.00019836,0.16348705398077956,0.1969610890202806,0.16299045006967028,B
13.59359074,5.32933616638,2023-02-22T18:03:58Z,171.54818873938333,46,100.00019836,0.16348705398077956,0.1969610890202806,0.16299045006967028,B
15.84896278,5.82060050964,2023-02-22T18:03:58Z,171.54818873938333,46,100.00019836,0.16348705398077956,0.1969610890202806,0.16299045006967028,B
18.47853470,5.30020713806,2023-02-22T18:03:58Z,171.54818873938333,46,100.00019836,0.16348705398077956,0.1969610890202806,0.16299045006967028,B
21.54438972,3.55127501488,2023-02-22T18:03:58Z,171.54818873938333,46,100.00019836,0.16348705398077956,0.1969610890202806,0.16299045006967028,B
25.11891365,0.930698513985,2023-02-22T18:03:58Z,171.54818873938333,46,100.00019836,0.16348705398077956,0.1969610890202806,0.16299045006967028,B
29.28650284,0,2023-02-22T18:03:58Z,171.54818873938333,46,100.00019836,0.16348705398077956,0.1969610890202806,0.16299045006967028,B
34.14555740,0,2023-02-22T18:03:58Z,171.54818873938333,46,100.00019836,0.16348705398077956,0.1969610890202806,0.16299045006967028,B
39.81079483,0,2023-02-22T18:03:58Z,171.54818873938333,46,100.00019836,0.16348705398077956,0.1969610890202806,0.16299045006967028,B
46.41598129,0,2023-02-22T18:03:58Z,171.54818873938333,46,100.00019836,0.16348705398077956,0.1969610890202806,0.16299045006967028,B
54.11705780,0,2023-02-22T18:03:58Z,171.54818873938333,46,100.00019836,0.16348705398077956,0.1969610890202806,0.16299045006967028,B
63.09585953,0,2023-02-22T18:03:58Z,171.54818873938333,46,100.00019836,0.16348705398077956,0.1969610890202806,0.16299045006967028,B
73.56436920,0,2023-02-22T18:03:58Z,171.54818873938333,46,100.00019836,0.16348705398077956,0.1969610890202806,0.16299045006967028,B
85.76976013,0,2023-02-22T18:03:58Z,171.54818873938333,46,100.00019836,0.16348705398077956,0.1969610890202806,0.16299045006967028,B
100.00019836,52.1220626831,2023-02-22T18:03:58Z,171.54818873938333,46,100.00019836,0.16348705398077956,0.1969610890202806,0.16299045006967028,B
116.59166718,0,2023-02-22T18:03:58Z,171.54818873938333,46,100.00019836,0.16348705398077956,0.1969610890202806,0.16299045006967028,B
135.93591309,0,2023-02-22T18:03:58Z,171.54818873938333,46,100.00019836,0.16348705398077956,0.1969610890202806,0.16299045006967028,B
158.48962402,0,2023-02-22T18:03:58Z,171.54818873938333,46,100.00019836,0.16348705398077956,0.1969610890202806,0.16299045006967028,B
184.78533936,0,2023-02-22T18:03:58Z,171.54818873938333,46,100.00019836,0.16348705398077956,0.1969610890202806,0.16299045006967028,B
215.44389343,0,2023-02-22T18:03:58Z,171.54818873938333,46,100.00019836,0.16348705398077956,0.1969610890202806,0.16299045006967028,B
251.18913269,0,2023-02-22T18:03:58Z,171.54818873938333,46,100.00019836,0.16348705398077956,0.1969610890202806,0.16299045006967028,B
292.86502075,0,2023-02-22T18:03:58Z,171.54818873938333,46,100.00019836,0.16348705398077956,0.1969610890202806,0.16299045006967028,B
341.45556641,0,2023-02-22T18:03:58Z,171.54818873938333,46,100.00019836,0.16348705398077956,0.1969610890202806,0.16299045006967028,B
398.10794067,0,2023-02-22T18:03:58Z,171.54818873938333,46,100.00019836,0.16348705398077956,0.1969610890202806,0.16299045006967028,B
464.15979004,0,2023-02-22T18:03:58Z,171.54818873938333,46,100.00019836,0.16348705398077956,0.1969610890202806,0.16299045006967028,B
541.17059326,0,2023-02-22T18:03:58Z,171.54818873938333,46,100.00019836,0.16348705398077956,0.1969610890202806,0.16299045006967028,B
630.95855713,0,2023-02-22T18:03:58Z,171.54818873938333,46,100.00019836,0.16348705398077956,0.1969610890202806,0.16299045006967028,B
735.64367676,0,2023-02-22T18:03:58Z,171.54818873938333,46,100.00019836,0.16348705398077956,0.1969610890202806,0.16299045006967028,B
857.69757080,0,2023-02-22T18:03:58Z,171.54818873938333,46,100.00019836,0.16348705398077956,0.1969610890202806,0.16299045006967028,B
1000.00195313,0,2023-02-22T18:03:58Z,171.54818873938333,46,100.00019836,0.16348705398077956,0.1969610890202806,0.16299045006967028,B
0.10000020,0,2023-02-22T18:03:59Z,157.135167015925,46,100.00019836,0.12518026510031197,0.16633188450481196,0.125180109608862,B
0.11659167,0,2023-02-22T18:03:59Z,157.135167015925,46,100.00019836,0.12518026510031197,0.16633188450481196,0.125180109608862,B
0.13593590,0,2023-02-22T18:03:59Z,157.135167015925,46,100.00019836,0.12518026510031197,0.16633188450481196,0.125180109608862,B
0.15848963,0,2023-02-22T18:03:59Z,157.135167015925,46,100.00019836,0.12518026510031197,0.16633188450481196,0.125180109608862,B
0.18478534,0,2023-02-22T18:03:59Z,157.135167015925,46,100.00019836,0.12518026510031197,0.16633188450481196,0.125180109608862,B
0.21544389,0,2023-02-22T18:03:59Z,157.135167015925,46,100.00019836,0.12518026510031197,0.16633188450481196,0.125180109608862,B
0.25118914,0,2023-02-22T18:03:59Z,157.135167015925,46,100.00019836,0.12518026510031197,0.16633188450481196,0.125180109608862,B
0.29286504,0,2023-02-22T18:03:59Z,157.135167015925,46,100.00019836,0.12518026510031197,0.16633188450481196,0.125180109608862,B
0.34145555,0,2023-02-22T18:03:59Z,157.135167015925,46,100.00019836,0.12518026510031197,0.16633188450481196,0.125180109608862,B
0.39810795,0,2023-02-22T18:03:59Z,157.135167015925,46,100.00019836,0.12518026510031197,0.16633188450481196,0.125180109608862,B
0.46415979,0,2023-02-22T18:03:59Z,157.135167015925,46,100.00019836,0.12518026510031197,0.16633188450481196,0.125180109608862,B
0.54117060,0,2023-02-22T18:03:59Z,157.135167015925,46,100.00019836,0.12518026510031197,0.16633188450481196,0.125180109608862,B
0.63095856,0,2023-02-22T18:03:59Z,157.135167015925,46,100.00019836,0.12518026510031197,0.16633188450481196,0.125180109608862,B
0.73564368,0,2023-02-22T18:03:59Z,157.135167015925,46,100.00019836,0.12518026510031197,0.16633188450481196,0.125180109608862,B
0.85769761,0,2023-02-22T18:03:59Z,157.135167015925,46,100.00019836,0.12518026510031197,0.16633188450481196,0.125180109608862,B
1.00000191,0.0308930147439,2023-02-22T18:03:59Z,157.135167015925,46,100.00019836,0.12518026510031197,0.16633188450481196,0.125180109608862,B
1.16591668,4.5413775444,2023-02-22T18:03:59Z,157.135167015925,46,100.00019836,0.12518026510031197,0.16633188450481196,0.125180109608862,B
1.35935903,7.13084554672,2023-02-22T18:03:59Z,157.135167015925,46,100.00019836,0.12518026510031197,0.16633188450481196,0.125180109608862,B
1.58489633,0.804327726364,2023-02-22T18:03:59Z,157.135167015925,46,100.00019836,0.12518026510031197,0.16633188450481196,0.125180109608862,B
1.84785342,0.0105671286583,2023-02-22T18:03:59Z,157.135167015925,46,100.00019836,0.12518026510031197,0.16633188450481196,0.125180109608862,B
2.15443897,1.55479247042e-5,2023-02-22T18:03:59Z,157.135167015925,46,100.00019836,0.12518026510031197,0.16633188450481196,0.125180109608862,B
2.51189137,1.22029186755e-9,2023-02-22T18:03:59Z,157.135167015925,46,100.00019836,0.12518026510031197,0.16633188450481196,0.125180109608862,B
2.92865038,1.69468978721e-16,2023-02-22T18:03:59Z,157.135167015925,46,100.00019836,0.12518026510031197,0.16633188450481196,0.125180109608862,B
3.41455555,0,2023-02-22T18:03:59Z,157.135167015925,46,100.00019836,0.12518026510031197,0.16633188450481196,0.125180109608862,B
3.98107958,0,2023-02-22T18:03:59Z,157.135167015925,46,100.00019836,0.12518026510031197,0.16633188450481196,0.125180109608862,B
4.64159775,0,2023-02-22T18:03:59Z,157.135167015925,46,100.00019836,0.12518026510031197,0.16633188450481196,0.125180109608862,B
5.41170597,0.14471398294,2023-02-22T18:03:59Z,157.135167015925,46,100.00019836,0.12518026510031197,0.16633188450481196,0.125180109608862,B
6.30958605,0.56634169817,2023-02-22T18:03:59Z,157.135167015925,46,100.00019836,0.12518026510031197,0.16633188450481196,0.125180109608862,B
7.35643721,1.24441182613,2023-02-22T18:03:59Z,157.135167015925,46,100.00019836,0.12518026510031197,0.16633188450481196,0.125180109608862,B
8.57697582,2.15969443321,2023-02-22T18:03:59Z,157.135167015925,46,100.00019836,0.12518026510031197,0.16633188450481196,0.125180109608862,B
10.00002003,3.21796751022,2023-02-22T18:03:59Z,157.135167015925,46,100.00019836,0.12518026510031197,0.16633188450481196,0.125180109608862,B
11.65916729,4.23592090607,2023-02-22T18:03:59Z,157.135167015925,46,100.00019836,0.12518026510031197,0.16633188450481196,0.125180109608862,B
13.59359074,4.94472503662,2023-02-22T18:03:59Z,157.135167015925,46,100.00019836,0.12518026510031197,0.16633188450481196,0.125180109608862,B
15.84896278,5.03694438934,2023-02-22T18:03:59Z,157.135167015925,46,100.00019836,0.12518026510031197,0.16633188450481196,0.125180109608862,B
18.47853470,4.26868247986,2023-02-22T18:03:59Z,157.135167015925,46,100.00019836,0.12518026510031197,0.16633188450481196,0.125180109608862,B
21.54438972,2.59552383423,2023-02-22T18:03:59Z,157.135167015925,46,100.00019836,0.12518026510031197,0.16633188450481196,0.125180109608862,B
25.11891365,0.312535047531,2023-02-22T18:03:59Z,157.135167015925,46,100.00019836,0.12518026510031197,0.16633188450481196,0.125180109608862,B
29.28650284,0,2023-02-22T18:03:59Z,157.135167015925,46,100.00019836,0.12518026510031197,0.16633188450481196,0.125180109608862,B
34.14555740,0,2023-02-22T18:03:59Z,157.135167015925,46,100.00019836,0.12518026510031197,0.16633188450481196,0.125180109608862,B
39.81079483,0,2023-02-22T18:03:59Z,157.135167015925,46,100.00019836,0.12518026510031197,0.16633188450481196,0.125180109608862,B
46.41598129,0,2023-02-22T18:03:59Z,157.135167015925,46,100.00019836,0.12518026510031197,0.16633188450481196,0.125180109608862,B
54.11705780,0,2023-02-22T18:03:59Z,157.135167015925,46,100.00019836,0.12518026510031197,0.16633188450481196,0.125180109608862,B
63.09585953,0,2023-02-22T18:03:59Z,157.135167015925,46,100.00019836,0.12518026510031197,0.16633188450481196,0.125180109608862,B
73.56436920,0,2023-02-22T18:03:59Z,157.135167015925,46,100.00019836,0.12518026510031197,0.16633188450481196,0.125180109608862,B
85.76976013,0,2023-02-22T18:03:59Z,157.135167015925,46,100.00019836,0.12518026510031197,0.16633188450481196,0.125180109608862,B
100.00019836,58.7545166016,2023-02-22T18:03:59Z,157.135167015925,46,100.00019836,0.12518026510031197,0.16633188450481196,0.125180109608862,B
116.59166718,0,2023-02-22T18:03:59Z,157.135167015925,46,100.00019836,0.12518026510031197,0.16633188450481196,0.125180109608862,B
135.93591309,0,2023-02-22T18:03:59Z,157.135167015925,46,100.00019836,0.12518026510031197,0.16633188450481196,0.125180109608862,B
158.48962402,0,2023-02-22T18:03:59Z,157.135167015925,46,100.00019836,0.12518026510031197,0.16633188450481196,0.125180109608862,B
184.78533936,0,2023-02-22T18:03:59Z,157.135167015925,46,100.00019836,0.12518026510031197,0.16633188450481196,0.125180109608862,B
215.44389343,0,2023-02-22T18:03:59Z,157.135167015925,46,100.00019836,0.12518026510031197,0.16633188450481196,0.125180109608862,B
251.18913269,0,2023-02-22T18:03:59Z,157.135167015925,46,100.00019836,0.12518026510031197,0.16633188450481196,0.125180109608862,B
292.86502075,0,2023-02-22T18:03:59Z,157.135167015925,46,100.00019836,0.12518026510031197,0.16633188450481196,0.125180109608862,B
341.45556641,0,2023-02-22T18:03:59Z,157.135167015925,46,100.00019836,0.12518026510031197,0.16633188450481196,0.125180109608862,B
398.10794067,0,2023-02-22T18:03:59Z,157.135167015925,46,100.00019836,0.12518026510031197,0.16633188450481196,0.125180109608862,B
464.15979004,0,2023-02-22T18:03:59Z,157.135167015925,46,100.00019836,0.12518026510031197,0.16633188450481196,0.125180109608862,B
541.17059326,0,2023-02-22T18:03:59Z,157.135167015925,46,100.00019836,0.12518026510031197,0.16633188450481196,0.125180109608862,B
630.95855713,0,2023-02-22T18:03:59Z,157.135167015925,46,100.00019836,0.12518026510031197,0.16633188450481196,0.125180109608862,B
735.64367676,0,2023-02-22T18:03:59Z,157.135167015925,46,100.00019836,0.12518026510031197,0.16633188450481196,0.125180109608862,B
857.69757080,0,2023-02-22T18:03:59Z,157.135167015925,46,100.00019836,0.12518026510031197,0.16633188450481196,0.125180109608862,B
1000.00195313,0,2023-02-22T18:03:59Z,157.135167015925,46,100.00019836,0.12518026510031197,0.16633188450481196,0.125180109608862,B
0.10000020,0,2023-02-22T18:04:00Z,76.65887493556112,37,25.11891365,0.13538890466788767,0.19645209655855767,0.13516200910082954,C
0.11659167,0,2023-02-22T18:04:00Z,76.65887493556112,37,25.11891365,0.13538890466788767,0.19645209655855767,0.13516200910082954,C
0.13593590,0,2023-02-22T18:04:00Z,76.65887493556112,37,25.11891365,0.13538890466788767,0.19645209655855767,0.13516200910082954,C
0.15848963,0,2023-02-22T18:04:00Z,76.65887493556112,37,25.11891365,0.13538890466788767,0.19645209655855767,0.13516200910082954,C
0.18478534,0,2023-02-22T18:04:00Z,76.65887493556112,37,25.11891365,0.13538890466788767,0.19645209655855767,0.13516200910082954,C
0.21544389,0,2023-02-22T18:04:00Z,76.65887493556112,37,25.11891365,0.13538890466788767,0.19645209655855767,0.13516200910082954,C
0.25118914,0,2023-02-22T18:04:00Z,76.65887493556112,37,25.11891365,0.13538890466788767,0.19645209655855767,0.13516200910082954,C
0.29286504,0,2023-02-22T18:04:00Z,76.65887493556112,37,25.11891365,0.13538890466788767,0.19645209655855767,0.13516200910082954,C
0.34145555,0,2023-02-22T18:04:00Z,76.65887493556112,37,25.11891365,0.13538890466788767,0.19645209655855767,0.13516200910082954,C
0.39810795,0,2023-02-22T18:04:00Z,76.65887493556112,37,25.11891365,0.13538890466788767,0.19645209655855767,0.13516200910082954,C
0.46415979,0,2023-02-22T18:04:00Z,76.65887493556112,37,25.11891365,0.13538890466788767,0.19645209655855767,0.13516200910082954,C
0.54117060,0,2023-02-22T18:04:00Z,76.65887493556112,37,25.11891365,0.13538890466788767,0.19645209655855767,0.13516200910082954,C
0.63095856,0,2023-02-22T18:04:00Z,76.65887493556112,37,25.11891365,0.13538890466788767,0.19645209655855767,0.13516200910082954,C
0.73564368,0,2023-02-22T18:04:00Z,76.65887493556112,37,25.11891365,0.13538890466788767,0.19645209655855767,0.13516200910082954,C
0.85769761,0,2023-02-22T18:04:00Z,76.65887493556112,37,25.11891365,0.13538890466788767,0.19645209655855767,0.13516200910082954,C
1.00000191,4.77531099319,2023-02-22T18:04:00Z,76.65887493556112,37,25.11891365,0.13538890466788767,0.19645209655855767,0.13516200910082954,C
1.16591668,8.55396270752,2023-02-22T18:04:00Z,76.65887493556112,37,25.11891365,0.13538890466788767,0.19645209655855767,0.13516200910082954,C
1.35935903,0.186594575644,2023-02-22T18:04:00Z,76.65887493556112,37,25.11891365,0.13538890466788767,0.19645209655855767,0.13516200910082954,C
1.58489633,3.32553172484e-4,2023-02-22T18:04:00Z,76.65887493556112,37,25.11891365,0.13538890466788767,0.19645209655855767,0.13516200910082954,C
1.84785342,8.05564681627e-8,2023-02-22T18:04:00Z,76.65887493556112,37,25.11891365,0.13538890466788767,0.19645209655855767,0.13516200910082954,C
2.15443897,2.81433600383e-12,2023-02-22T18:04:00Z,76.65887493556112,37,25.11891365,0.13538890466788767,0.19645209655855767,0.13516200910082954,C
2.51189137,9.79620404151e-18,2023-02-22T18:04:00Z,76.65887493556112,37,25.11891365,0.13538890466788767,0.19645209655855767,0.13516200910082954,C
2.92865038,9.27328378015e-25,2023-02-22T18:04:00Z,76.65887493556112,37,25.11891365,0.13538890466788767,0.19645209655855767,0.13516200910082954,C
3.41455555,1.02881979036e-35,2023-02-22T18:04:00Z,76.65887493556112,37,25.11891365,0.13538890466788767,0.19645209655855767,0.13516200910082954,C
3.98107958,0,2023-02-22T18:04:00Z,76.65887493556112,37,25.11891365,0.13538890466788767,0.19645209655855767,0.13516200910082954,C
4.64159775,0.022689556703,2023-02-22T18:04:00Z,76.65887493556112,37,25.11891365,0.13538890466788767,0.19645209655855767,0.13516200910082954,C
5.41170597,0.355561494827,2023-02-22T18:04:00Z,76.65887493556112,37,25.11891365,0.13538890466788767,0.19645209655855767,0.13516200910082954,C
6.30958605,0.97377383709,2023-02-22T18:04:00Z,76.65887493556112,37,25.11891365,0.13538890466788767,0.19645209655855767,0.13516200910082954,C
7.35643721,1.85357558727,2023-02-22T18:04:00Z,76.65887493556112,37,25.11891365,0.13538890466788767,0.19645209655855767,0.13516200910082954,C
8.57697582,2.92340826988,2023-02-22T18:04:00Z,76.65887493556112,37,25.11891365,0.13538890466788767,0.19645209655855767,0.13516200910082954,C
10.00002003,4.0549287796,2023-02-22T18:04:00Z,76.65887493556112,37,25.11891365,0.13538890466788767,0.19645209655855767,0.13516200910082954,C
11.65916729,5.06238126755,2023-02-22T18:04:00Z,76.65887493556112,37,25.11891365,0.13538890466788767,0.19645209655855767,0.13516200910082954,C
13.59359074,5.71387958527,2023-02-22T18:04:00Z,76.65887493556112,37,25.11891365,0.13538890466788767,0.19645209655855767,0.13516200910082954,C
15.84896278,5.77348327637,2023-02-22T18:04:00Z,76.65887493556112,37,25.11891365,0.13538890466788767,0.19645209655855767,0.13516200910082954,C
18.47853470,5.07779979706,2023-02-22T18:04:00Z,76.65887493556112,37,25.11891365,0.13538890466788767,0.19645209655855767,0.13516200910082954,C
21.54438972,3.62485837936,2023-02-22T18:04:00Z,76.65887493556112,37,25.11891365,0.13538890466788767,0.19645209655855767,0.13516200910082954,C
25.11891365,1.65577793121,2023-02-22T18:04:00Z,76.65887493556112,37,25.11891365,0.13538890466788767,0.19645209655855767,0.13516200910082954,C
29.28650284,0,2023-02-22T18:04:00Z,76.65887493556112,37,25.11891365,0.13538890466788767,0.19645209655855767,0.13516200910082954,C
34.14555740,0,2023-02-22T18:04:00Z,76.65887493556112,37,25.11891365,0.13538890466788767,0.19645209655855767,0.13516200910082954,C
39.81079483,0,2023-02-22T18:04:00Z,76.65887493556112,37,25.11891365,0.13538890466788767,0.19645209655855767,0.13516200910082954,C
46.41598129,0,2023-02-22T18:04:00Z,76.65887493556112,37,25.11891365,0.13538890466788767,0.19645209655855767,0.13516200910082954,C
54.11705780,0,2023-02-22T18:04:00Z,76.65887493556112,37,25.11891365,0.13538890466788767,0.19645209655855767,0.13516200910082954,C
63.09585953,0,2023-02-22T18:04:00Z,76.65887493556112,37,25.11891365,0.13538890466788767,0.19645209655855767,0.13516200910082954,C
73.56436920,0,2023-02-22T18:04:00Z,76.65887493556112,37,25.11891365,0.13538890466788767,0.19645209655855767,0.13516200910082954,C
85.76976013,0,2023-02-22T18:04:00Z,76.65887493556112,37,25.11891365,0.13538890466788767,0.19645209655855767,0.13516200910082954,C
100.00019836,49.3916816711,2023-02-22T18:04:00Z,76.65887493556112,37,25.11891365,0.13538890466788767,0.19645209655855767,0.13516200910082954,C
116.59166718,0,2023-02-22T18:04:00Z,76.65887493556112,37,25.11891365,0.13538890466788767,0.19645209655855767,0.13516200910082954,C
135.93591309,0,2023-02-22T18:04:00Z,76.65887493556112,37,25.11891365,0.13538890466788767,0.19645209655855767,0.13516200910082954,C
158.48962402,0,2023-02-22T18:04:00Z,76.65887493556112,37,25.11891365,0.13538890466788767,0.19645209655855767,0.13516200910082954,C
184.78533936,0,2023-02-22T18:04:00Z,76.65887493556112,37,25.11891365,0.13538890466788767,0.19645209655855767,0.13516200910082954,C
215.44389343,0,2023-02-22T18:04:00Z,76.65887493556112,37,25.11891365,0.13538890466788767,0.19645209655855767,0.13516200910082954,C
251.18913269,0,2023-02-22T18:04:00Z,76.65887493556112,37,25.11891365,0.13538890466788767,0.19645209655855767,0.13516200910082954,C
292.86502075,0,2023-02-22T18:04:00Z,76.65887493556112,37,25.11891365,0.13538890466788767,0.19645209655855767,0.13516200910082954,C
341.45556641,0,2023-02-22T18:04:00Z,76.65887493556112,37,25.11891365,0.13538890466788767,0.19645209655855767,0.13516200910082954,C
398.10794067,0,2023-02-22T18:04:00Z,76.65887493556112,37,25.11891365,0.13538890466788767,0.19645209655855767,0.13516200910082954,C
464.15979004,0,2023-02-22T18:04:00Z,76.65887493556112,37,25.11891365,0.13538890466788767,0.19645209655855767,0.13516200910082954,C
541.17059326,0,2023-02-22T18:04:00Z,76.65887493556112,37,25.11891365,0.13538890466788767,0.19645209655855767,0.13516200910082954,C
630.95855713,0,2023-02-22T18:04:00Z,76.65887493556112,37,25.11891365,0.13538890466788767,0.19645209655855767,0.13516200910082954,C
735.64367676,0,2023-02-22T18:04:00Z,76.65887493556112,37,25.11891365,0.13538890466788767,0.19645209655855767,0.13516200910082954,C
857.69757080,0,2023-02-22T18:04:00Z,76.65887493556112,37,25.11891365,0.13538890466788767,0.19645209655855767,0.13516200910082954,C
1000.00195313,0,2023-02-22T18:04:00Z,76.65887493556112,37,25.11891365,0.13538890466788767,0.19645209655855767,0.13516200910082954,C
0.10000020,0,2023-02-22T18:04:01Z,111.10837152269167,46,100.00019836,0.11330381148246337,0.1639487842165944,0.11330381148246337,C
0.11659167,0,2023-02-22T18:04:01Z,111.10837152269167,46,100.00019836,0.11330381148246337,0.1639487842165944,0.11330381148246337,C
0.13593590,0,2023-02-22T18:04:01Z,111.10837152269167,46,100.00019836,0.11330381148246337,0.1639487842165944,0.11330381148246337,C
0.15848963,0,2023-02-22T18:04:01Z,111.10837152269167,46,100.00019836,0.11330381148246337,0.1639487842165944,0.11330381148246337,C
0.18478534,0,2023-02-22T18:04:01Z,111.10837152269167,46,100.00019836,0.11330381148246337,0.1639487842165944,0.11330381148246337,C
0.21544389,0,2023-02-22T18:04:01Z,111.10837152269167,46,100.00019836,0.11330381148246337,0.1639487842165944,0.11330381148246337,C
0.25118914,0,2023-02-22T18:04:01Z,111.10837152269167,46,100.00019836,0.11330381148246337,0.1639487842165944,0.11330381148246337,C
0.29286504,0,2023-02-22T18:04:01Z,111.10837152269167,46,100.00019836,0.11330381148246337,0.1639487842165944,0.11330381148246337,C
0.34145555,0,2023-02-22T18:04:01Z,111.10837152269167,46,100.00019836,0.11330381148246337,0.1639487842165944,0.11330381148246337,C
0.39810795,0,2023-02-22T18:04:01Z,111.10837152269167,46,100.00019836,0.11330381148246337,0.1639487842165944,0.11330381148246337,C
0.46415979,0,2023-02-22T18:04:01Z,111.10837152269167,46,100.00019836,0.11330381148246337,0.1639487842165944,0.11330381148246337,C
0.54117060,0,2023-02-22T18:04:01Z,111.10837152269167,46,100.00019836,0.11330381148246337,0.1639487842165944,0.11330381148246337,C
0.63095856,0,2023-02-22T18:04:01Z,111.10837152269167,46,100.00019836,0.11330381148246337,0.1639487842165944,0.11330381148246337,C
0.73564368,0,2023-02-22T18:04:01Z,111.10837152269167,46,100.00019836,0.11330381148246337,0.1639487842165944,0.11330381148246337,C
0.85769761,0,2023-02-22T18:04:01Z,111.10837152269167,46,100.00019836,0.11330381148246337,0.1639487842165944,0.11330381148246337,C
1.00000191,2.1830192054e-6,2023-02-22T18:04:01Z,111.10837152269167,46,100.00019836,0.11330381148246337,0.1639487842165944,0.11330381148246337,C
1.16591668,9.44047451019,2023-02-22T18:04:01Z,111.10837152269167,46,100.00019836,0.11330381148246337,0.1639487842165944,0.11330381148246337,C
1.35935903,1.88987445831,2023-02-22T18:04:01Z,111.10837152269167,46,100.00019836,0.11330381148246337,0.1639487842165944,0.11330381148246337,C
1.58489633,2.99967268802e-5,2023-02-22T18:04:01Z,111.10837152269167,46,100.00019836,0.11330381148246337,0.1639487842165944,0.11330381148246337,C
1.84785342,2.50339327176e-13,2023-02-22T18:04:01Z,111.10837152269167,46,100.00019836,0.11330381148246337,0.1639487842165944,0.11330381148246337,C
2.15443897,9.61081172352e-25,2023-02-22T18:04:01Z,111.10837152269167,46,100.00019836,0.11330381148246337,0.1639487842165944,0.11330381148246337,C
2.51189137,1.01313878971e-40,2023-02-22T18:04:01Z,111.10837152269167,46,100.00019836,0.11330381148246337,0.1639487842165944,0.11330381148246337,C
2.92865038,0,2023-02-22T18:04:01Z,111.10837152269167,46,100.00019836,0.11330381148246337,0.1639487842165944,0.11330381148246337,C
3.41455555,0,2023-02-22T18:04:01Z,111.10837152269167,46,100.00019836,0.11330381148246337,0.1639487842165944,0.11330381148246337,C
3.98107958,0,2023-02-22T18:04:01Z,111.10837152269167,46,100.00019836,0.11330381148246337,0.1639487842165944,0.11330381148246337,C
4.64159775,0,2023-02-22T18:04:01Z,111.10837152269167,46,100.00019836,0.11330381148246337,0.1639487842165944,0.11330381148246337,C
5.41170597,0.0576355271041,2023-02-22T18:04:01Z,111.10837152269167,46,100.00019836,0.11330381148246337,0.1639487842165944,0.11330381148246337,C
6.30958605,0.684002459049,2023-02-22T18:04:01Z,111.10837152269167,46,100.00019836,0.11330381148246337,0.1639487842165944,0.11330381148246337,C
7.35643721,1.6111664772,2023-02-22T18:04:01Z,111.10837152269167,46,100.00019836,0.11330381148246337,0.1639487842165944,0.11330381148246337,C
8.57697582,2.71169281006,2023-02-22T18:04:01Z,111.10837152269167,46,100.00019836,0.11330381148246337,0.1639487842165944,0.11330381148246337,C
10.00002003,3.76754021645,2023-02-22T18:04:01Z,111.10837152269167,46,100.00019836,0.11330381148246337,0.1639487842165944,0.11330381148246337,C
11.65916729,4.50959777832,2023-02-22T18:04:01Z,111.10837152269167,46,100.00019836,0.11330381148246337,0.1639487842165944,0.11330381148246337,C
13.59359074,4.68313121796,2023-02-22T18:04:01Z,111.10837152269167,46,100.00019836,0.11330381148246337,0.1639487842165944,0.11330381148246337,C
15.84896278,4.14513349533,2023-02-22T18:04:01Z,111.10837152269167,46,100.00019836,0.11330381148246337,0.1639487842165944,0.11330381148246337,C
18.47853470,2.95400881767,2023-02-22T18:04:01Z,111.10837152269167,46,100.00019836,0.11330381148246337,0.1639487842165944,0.11330381148246337,C
21.54438972,1.39192700386,2023-02-22T18:04:01Z,111.10837152269167,46,100.00019836,0.11330381148246337,0.1639487842165944,0.11330381148246337,C
25.11891365,0,2023-02-22T18:04:01Z,111.10837152269167,46,100.00019836,0.11330381148246337,0.1639487842165944,0.11330381148246337,C
29.28650284,0,2023-02-22T18:04:01Z,111.10837152269167,46,100.00019836,0.11330381148246337,0.1639487842165944,0.11330381148246337,C
34.14555740,0,2023-02-22T18:04:01Z,111.10837152269167,46,100.00019836,0.11330381148246337,0.1639487842165944,0.11330381148246337,C
39.81079483,0,2023-02-22T18:04:01Z,111.10837152269167,46,100.00019836,0.11330381148246337,0.1639487842165944,0.11330381148246337,C
46.41598129,0,2023-02-22T18:04:01Z,111.10837152269167,46,100.00019836,0.11330381148246337,0.1639487842165944,0.11330381148246337,C
54.11705780,0,2023-02-22T18:04:01Z,111.10837152269167,46,100.00019836,0.11330381148246337,0.1639487842165944,0.11330381148246337,C
63.09585953,0,2023-02-22T18:04:01Z,111.10837152269167,46,100.00019836,0.11330381148246337,0.1639487842165944,0.11330381148246337,C
73.56436920,0,2023-02-22T18:04:01Z,111.10837152269167,46,100.00019836,0.11330381148246337,0.1639487842165944,0.11330381148246337,C
85.76976013,0,2023-02-22T18:04:01Z,111.10837152269167,46,100.00019836,0.11330381148246337,0.1639487842165944,0.11330381148246337,C
100.00019836,62.1537857056,2023-02-22T18:04:01Z,111.10837152269167,46,100.00019836,0.11330381148246337,0.1639487842165944,0.11330381148246337,C
116.59166718,0,2023-02-22T18:04:01Z,111.10837152269167,46,100.00019836,0.11330381148246337,0.1639487842165944,0.11330381148246337,C
135.93591309,0,2023-02-22T18:04:01Z,111.10837152269167,46,100.00019836,0.11330381148246337,0.1639487842165944,0.11330381148246337,C
158.48962402,0,2023-02-22T18:04:01Z,111.10837152269167,46,100.00019836,0.11330381148246337,0.1639487842165944,0.11330381148246337,C
184.78533936,0,2023-02-22T18:04:01Z,111.10837152269167,46,100.00019836,0.11330381148246337,0.1639487842165944,0.11330381148246337,C
215.44389343,0,2023-02-22T18:04:01Z,111.10837152269167,46,100.00019836,0.11330381148246337,0.1639487842165944,0.11330381148246337,C
251.18913269,0,2023-02-22T18:04:01Z,111.10837152269167,46,100.00019836,0.11330381148246337,0.1639487842165944,0.11330381148246337,C
292.86502075,0,2023-02-22T18:04:01Z,111.10837152269167,46,100.00019836,0.11330381148246337,0.1639487842165944,0.11330381148246337,C
341.45556641,0,2023-02-22T18:04:01Z,111.10837152269167,46,100.00019836,0.11330381148246337,0.1639487842165944,0.11330381148246337,C
398.10794067,0,2023-02-22T18:04:01Z,111.10837152269167,46,100.00019836,0.11330381148246337,0.1639487842165944,0.11330381148246337,C
464.15979004,0,2023-02-22T18:04:01Z,111.10837152269167,46,100.00019836,0.11330381148246337,0.1639487842165944,0.11330381148246337,C
541.17059326,0,2023-02-22T18:04:01Z,111.10837152269167,46,100.00019836,0.11330381148246337,0.1639487842165944,0.11330381148246337,C
630.95855713,0,2023-02-22T18:04:01Z,111.10837152269167,46,100.00019836,0.11330381148246337,0.1639487842165944,0.11330381148246337,C
735.64367676,0,2023-02-22T18:04:01Z,111.10837152269167,46,100.00019836,0.11330381148246337,0.1639487842165944,0.11330381148246337,C
857.69757080,0,2023-02-22T18:04:01Z,111.10837152269167,46,100.00019836,0.11330381148246337,0.1639487842165944,0.11330381148246337,C
1000.00195313,0,2023-02-22T18:04:01Z,111.10837152269167,46,100.00019836,0.11330381148246337,0.1639487842165944,0.11330381148246337,C
0.10000020,0,2023-02-22T18:04:02Z,131.36715984341112,46,100.00019836,0.11600650187469358,0.15232669528458356,0.11600650187469358,C
0.11659167,0,2023-02-22T18:04:02Z,131.36715984341112,46,100.00019836,0.11600650187469358,0.15232669528458356,0.11600650187469358,C
0.13593590,0,2023-02-22T18:04:02Z,131.36715984341112,46,100.00019836,0.11600650187469358,0.15232669528458356,0.11600650187469358,C
0.15848963,0,2023-02-22T18:04:02Z,131.36715984341112,46,100.00019836,0.11600650187469358,0.15232669528458356,0.11600650187469358,C
0.18478534,0,2023-02-22T18:04:02Z,131.36715984341112,46,100.00019836,0.11600650187469358,0.15232669528458356,0.11600650187469358,C
0.21544389,0,2023-02-22T18:04:02Z,131.36715984341112,46,100.00019836,0.11600650187469358,0.15232669528458356,0.11600650187469358,C
0.25118914,0,2023-02-22T18:04:02Z,131.36715984341112,46,100.00019836,0.11600650187469358,0.15232669528458356,0.11600650187469358,C
0.29286504,0,2023-02-22T18:04:02Z,131.36715984341112,46,100.00019836,0.11600650187469358,0.15232669528458356,0.11600650187469358,C
0.34145555,0,2023-02-22T18:04:02Z,131.36715984341112,46,100.00019836,0.11600650187469358,0.15232669528458356,0.11600650187469358,C
0.39810795,0,2023-02-22T18:04:02Z,131.36715984341112,46,100.00019836,0.11600650187469358,0.15232669528458356,0.11600650187469358,C
0.46415979,0,2023-02-22T18:04:02Z,131.36715984341112,46,100.00019836,0.11600650187469358,0.15232669528458356,0.11600650187469358,C
0.54117060,0,2023-02-22T18:04:02Z,131.36715984341112,46,100.00019836,0.11600650187469358,0.15232669528458356,0.11600650187469358,C
0.63095856,0,2023-02-22T18:04:02Z,131.36715984341112,46,100.00019836,0.11600650187469358,0.15232669528458356,0.11600650187469358,C
0.73564368,0,2023-02-22T18:04:02Z,131.36715984341112,46,100.00019836,0.11600650187469358,0.15232669528458356,0.11600650187469358,C
0.85769761,0,2023-02-22T18:04:02Z,131.36715984341112,46,100.00019836,0.11600650187469358,0.15232669528458356,0.11600650187469358,C
1.00000191,2.16922764196e-8,2023-02-22T18:04:02Z,131.36715984341112,46,100.00019836,0.11600650187469358,0.15232669528458356,0.11600650187469358,C
1.16591668,8.20055675507,2023-02-22T18:04:02Z,131.36715984341112,46,100.00019836,0.11600650187469358,0.15232669528458356,0.11600650187469358,C
1.35935903,3.40008020401,2023-02-22T18:04:02Z,131.36715984341112,46,100.00019836,0.11600650187469358,0.15232669528458356,0.11600650187469358,C
1.58489633,1.32066970764e-5,2023-02-22T18:04:02Z,131.36715984341112,46,100.00019836,0.11600650187469358,0.15232669528458356,0.11600650187469358,C
1.84785342,4.68468850951e-15,2023-02-22T18:04:02Z,131.36715984341112,46,100.00019836,0.11600650187469358,0.15232669528458356,0.11600650187469358,C
2.15443897,1.15835887062e-28,2023-02-22T18:04:02Z,131.36715984341112,46,100.00019836,0.11600650187469358,0.15232669528458356,0.11600650187469358,C
2.51189137,0,2023-02-22T18:04:02Z,131.36715984341112,46,100.00019836,0.11600650187469358,0.15232669528458356,0.11600650187469358,C
2.92865038,0,2023-02-22T18:04:02Z,131.36715984341112,46,100.00019836,0.11600650187469358,0.15232669528458356,0.11600650187469358,C
3.41455555,0,2023-02-22T18:04:02Z,131.36715984341112,46,100.00019836,0.11600650187469358,0.15232669528458356,0.11600650187469358,C
3.98107958,0,2023-02-22T18:04:02Z,131.36715984341112,46,100.00019836,0.11600650187469358,0.15232669528458356,0.11600650187469358,C
4.64159775,0,2023-02-22T18:04:02Z,131.36715984341112,46,100.00019836,0.11600650187469358,0.15232669528458356,0.11600650187469358,C
5.41170597,0,2023-02-22T18:04:02Z,131.36715984341112,46,100.00019836,0.11600650187469358,0.15232669528458356,0.11600650187469358,C
6.30958605,0.361069023609,2023-02-22T18:04:02Z,131.36715984341112,46,100.00019836,0.11600650187469358,0.15232669528458356,0.11600650187469358,C
7.35643721,1.11875653267,2023-02-22T18:04:02Z,131.36715984341112,46,100.00019836,0.11600650187469358,0.15232669528458356,0.11600650187469358,C
8.57697582,2.15219378471,2023-02-22T18:04:02Z,131.36715984341112,46,100.00019836,0.11600650187469358,0.15232669528458356,0.11600650187469358,C
10.00002003,3.2979991436,2023-02-22T18:04:02Z,131.36715984341112,46,100.00019836,0.11600650187469358,0.15232669528458356,0.11600650187469358,C
11.65916729,4.28527164459,2023-02-22T18:04:02Z,131.36715984341112,46,100.00019836,0.11600650187469358,0.15232669528458356,0.11600650187469358,C
13.59359074,4.78745746613,2023-02-22T18:04:02Z,131.36715984341112,46,100.00019836,0.11600650187469358,0.15232669528458356,0.11600650187469358,C
15.84896278,4.5354309082,2023-02-22T18:04:02Z,131.36715984341112,46,100.00019836,0.11600650187469358,0.15232669528458356,0.11600650187469358,C
18.47853470,3.45970773697,2023-02-22T18:04:02Z,131.36715984341112,46,100.00019836,0.11600650187469358,0.15232669528458356,0.11600650187469358,C
21.54438972,1.78202819824,2023-02-22T18:04:02Z,131.36715984341112,46,100.00019836,0.11600650187469358,0.15232669528458356,0.11600650187469358,C
25.11891365,0,2023-02-22T18:04:02Z,131.36715984341112,46,100.00019836,0.11600650187469358,0.15232669528458356,0.11600650187469358,C
29.28650284,0,2023-02-22T18:04:02Z,131.36715984341112,46,100.00019836,0.11600650187469358,0.15232669528458356,0.11600650187469358,C
34.14555740,0,2023-02-22T18:04:02Z,131.36715984341112,46,100.00019836,0.11600650187469358,0.15232669528458356,0.11600650187469358,C
39.81079483,0,2023-02-22T18:04:02Z,131.36715984341112,46,100.00019836,0.11600650187469358,0.15232669528458356,0.11600650187469358,C
46.41598129,0,2023-02-22T18:04:02Z,131.36715984341112,46,100.00019836,0.11600650187469358,0.15232669528458356,0.11600650187469358,C
54.11705780,0,2023-02-22T18:04:02Z,131.36715984341112,46,100.00019836,0.11600650187469358,0.15232669528458356,0.11600650187469358,C
63.09585953,0,2023-02-22T18:04:02Z,131.36715984341112,46,100.00019836,0.11600650187469358,0.15232669528458356,0.11600650187469358,C
73.56436920,0,2023-02-22T18:04:02Z,131.36715984341112,46,100.00019836,0.11600650187469358,0.15232669528458356,0.11600650187469358,C
85.76976013,0,2023-02-22T18:04:02Z,131.36715984341112,46,100.00019836,0.11600650187469358,0.15232669528458356,0.11600650187469358,C
100.00019836,62.6194343567,2023-02-22T18:04:02Z,131.36715984341112,46,100.00019836,0.11600650187469358,0.15232669528458356,0.11600650187469358,C
116.59166718,0,2023-02-22T18:04:02Z,131.36715984341112,46,100.00019836,0.11600650187469358,0.15232669528458356,0.11600650187469358,C
135.93591309,0,2023-02-22T18:04:02Z,131.36715984341112,46,100.00019836,0.11600650187469358,0.15232669528458356,0.11600650187469358,C
158.48962402,0,2023-02-22T18:04:02Z,131.36715984341112,46,100.00019836,0.11600650187469358,0.15232669528458356,0.11600650187469358,C
184.78533936,0,2023-02-22T18:04:02Z,131.36715984341112,46,100.00019836,0.11600650187469358,0.15232669528458356,0.11600650187469358,C
215.44389343,0,2023-02-22T18:04:02Z,131.36715984341112,46,100.00019836,0.11600650187469358,0.15232669528458356,0.11600650187469358,C
251.18913269,0,2023-02-22T18:04:02Z,131.36715984341112,46,100.00019836,0.11600650187469358,0.15232669528458356,0.11600650187469358,C
292.86502075,0,2023-02-22T18:04:02Z,131.36715984341112,46,100.00019836,0.11600650187469358,0.15232669528458356,0.11600650187469358,C
341.45556641,0,2023-02-22T18:04:02Z,131.36715984341112,46,100.00019836,0.11600650187469358,0.15232669528458356,0.11600650187469358,C
398.10794067,0,2023-02-22T18:04:02Z,131.36715984341112,46,100.00019836,0.11600650187469358,0.15232669528458356,0.11600650187469358,C
464.15979004,0,2023-02-22T18:04:02Z,131.36715984341112,46,100.00019836,0.11600650187469358,0.15232669528458356,0.11600650187469358,C
541.17059326,0,2023-02-22T18:04:02Z,131.36715984341112,46,100.00019836,0.11600650187469358,0.15232669528458356,0.11600650187469358,C
630.95855713,0,2023-02-22T18:04:02Z,131.36715984341112,46,100.00019836,0.11600650187469358,0.15232669528458356,0.11600650187469358,C
735.64367676,0,2023-02-22T18:04:02Z,131.36715984341112,46,100.00019836,0.11600650187469358,0.15232669528458356,0.11600650187469358,C
857.69757080,0,2023-02-22T18:04:02Z,131.36715984341112,46,100.00019836,0.11600650187469358,0.15232669528458356,0.11600650187469358,C
1000.00195313,0,2023-02-22T18:04:02Z,131.36715984341112,46,100.00019836,0.11600650187469358,0.15232669528458356,0.11600650187469358,C
0.10000020,0,2023-02-22T18:04:03Z,137.18147161269445,46,100.00019836,0.12355051888605383,0.14354556946538383,0.123549905363559,C
0.11659167,0,2023-02-22T18:04:03Z,137.18147161269445,46,100.00019836,0.12355051888605383,0.14354556946538383,0.123549905363559,C
0.13593590,0,2023-02-22T18:04:03Z,137.18147161269445,46,100.00019836,0.12355051888605383,0.14354556946538383,0.123549905363559,C
0.15848963,0,2023-02-22T18:04:03Z,137.18147161269445,46,100.00019836,0.12355051888605383,0.14354556946538383,0.123549905363559,C
0.18478534,0,2023-02-22T18:04:03Z,137.18147161269445,46,100.00019836,0.12355051888605383,0.14354556946538383,0.123549905363559,C
0.21544389,0,2023-02-22T18:04:03Z,137.18147161269445,46,100.00019836,0.12355051888605383,0.14354556946538383,0.123549905363559,C
0.25118914,0,2023-02-22T18:04:03Z,137.18147161269445,46,100.00019836,0.12355051888605383,0.14354556946538383,0.123549905363559,C
0.29286504,0,2023-02-22T18:04:03Z,137.18147161269445,46,100.00019836,0.12355051888605383,0.14354556946538383,0.123549905363559,C
0.34145555,0,2023-02-22T18:04:03Z,137.18147161269445,46,100.00019836,0.12355051888605383,0.14354556946538383,0.123549905363559,C
0.39810795,0,2023-02-22T18:04:03Z,137.18147161269445,46,100.00019836,0.12355051888605383,0.14354556946538383,0.123549905363559,C
0.46415979,0,2023-02-22T18:04:03Z,137.18147161269445,46,100.00019836,0.12355051888605383,0.14354556946538383,0.123549905363559,C
0.54117060,0,2023-02-22T18:04:03Z,137.18147161269445,46,100.00019836,0.12355051888605383,0.14354556946538383,0.123549905363559,C
0.63095856,0,2023-02-22T18:04:03Z,137.18147161269445,46,100.00019836,0.12355051888605383,0.14354556946538383,0.123549905363559,C
0.73564368,0,2023-02-22T18:04:03Z,137.18147161269445,46,100.00019836,0.12355051888605383,0.14354556946538383,0.123549905363559,C
0.85769761,0,2023-02-22T18:04:03Z,137.18147161269445,46,100.00019836,0.12355051888605383,0.14354556946538383,0.123549905363559,C
1.00000191,0.0227336511016,2023-02-22T18:04:03Z,137.18147161269445,46,100.00019836,0.12355051888605383,0.14354556946538383,0.123549905363559,C
1.16591668,3.73325133324,2023-02-22T18:04:03Z,137.18147161269445,46,100.00019836,0.12355051888605383,0.14354556946538383,0.123549905363559,C
1.35935903,7.39088726044,2023-02-22T18:04:03Z,137.18147161269445,46,100.00019836,0.12355051888605383,0.14354556946538383,0.123549905363559,C
1.58489633,1.18349182606,2023-02-22T18:04:03Z,137.18147161269445,46,100.00019836,0.12355051888605383,0.14354556946538383,0.123549905363559,C
1.84785342,0.0246264655143,2023-02-22T18:04:03Z,137.18147161269445,46,100.00019836,0.12355051888605383,0.14354556946538383,0.123549905363559,C
2.15443897,6.1345177528e-5,2023-02-22T18:04:03Z,137.18147161269445,46,100.00019836,0.12355051888605383,0.14354556946538383,0.123549905363559,C
2.51189137,7.07195324523e-9,2023-02-22T18:04:03Z,137.18147161269445,46,100.00019836,0.12355051888605383,0.14354556946538383,0.123549905363559,C
2.92865038,1.662937169e-16,2023-02-22T18:04:03Z,137.18147161269445,46,100.00019836,0.12355051888605383,0.14354556946538383,0.123549905363559,C
3.41455555,0,2023-02-22T18:04:03Z,137.18147161269445,46,100.00019836,0.12355051888605383,0.14354556946538383,0.123549905363559,C
3.98107958,0,2023-02-22T18:04:03Z,137.18147161269445,46,100.00019836,0.12355051888605383,0.14354556946538383,0.123549905363559,C
4.64159775,0,2023-02-22T18:04:03Z,137.18147161269445,46,100.00019836,0.12355051888605383,0.14354556946538383,0.123549905363559,C
5.41170597,0,2023-02-22T18:04:03Z,137.18147161269445,46,100.00019836,0.12355051888605383,0.14354556946538383,0.123549905363559,C
6.30958605,0.143701627851,2023-02-22T18:04:03Z,137.18147161269445,46,100.00019836,0.12355051888605383,0.14354556946538383,0.123549905363559,C
7.35643721,0.570729076862,2023-02-22T18:04:03Z,137.18147161269445,46,100.00019836,0.12355051888605383,0.14354556946538383,0.123549905363559,C
8.57697582,1.28507435322,2023-02-22T18:04:03Z,137.18147161269445,46,100.00019836,0.12355051888605383,0.14354556946538383,0.123549905363559,C
10.00002003,2.2764737606,2023-02-22T18:04:03Z,137.18147161269445,46,100.00019836,0.12355051888605383,0.14354556946538383,0.123549905363559,C
11.65916729,3.41734695435,2023-02-22T18:04:03Z,137.18147161269445,46,100.00019836,0.12355051888605383,0.14354556946538383,0.123549905363559,C
13.59359074,4.42736673355,2023-02-22T18:04:03Z,137.18147161269445,46,100.00019836,0.12355051888605383,0.14354556946538383,0.123549905363559,C
15.84896278,4.8974776268,2023-02-22T18:04:03Z,137.18147161269445,46,100.00019836,0.12355051888605383,0.14354556946538383,0.123549905363559,C
18.47853470,4.41439056396,2023-02-22T18:04:03Z,137.18147161269445,46,100.00019836,0.12355051888605383,0.14354556946538383,0.123549905363559,C
21.54438972,2.77387046814,2023-02-22T18:04:03Z,137.18147161269445,46,100.00019836,0.12355051888605383,0.14354556946538383,0.123549905363559,C
25.11891365,0.23012137413,2023-02-22T18:04:03Z,137.18147161269445,46,100.00019836,0.12355051888605383,0.14354556946538383,0.123549905363559,C
29.28650284,0,2023-02-22T18:04:03Z,137.18147161269445,46,100.00019836,0.12355051888605383,0.14354556946538383,0.123549905363559,C
34.14555740,0,2023-02-22T18:04:03Z,137.18147161269445,46,100.00019836,0.12355051888605383,0.14354556946538383,0.123549905363559,C
39.81079483,0,2023-02-22T18:04:03Z,137.18147161269445,46,100.00019836,0.12355051888605383,0.14354556946538383,0.123549905363559,C
46.41598129,0,2023-02-22T18:04:03Z,137.18147161269445,46,100.00019836,0.12355051888605383,0.14354556946538383,0.123549905363559,C
54.11705780,0,2023-02-22T18:04:03Z,137.18147161269445,46,100.00019836,0.12355051888605383,0.14354556946538383,0.123549905363559,C
63.09585953,0,2023-02-22T18:04:03Z,137.18147161269445,46,100.00019836,0.12355051888605383,0.14354556946538383,0.123549905363559,C
73.56436920,0,2023-02-22T18:04:03Z,137.18147161269445,46,100.00019836,0.12355051888605383,0.14354556946538383,0.123549905363559,C
85.76976013,0,2023-02-22T18:04:03Z,137.18147161269445,46,100.00019836,0.12355051888605383,0.14354556946538383,0.123549905363559,C
100.00019836,63.2083969116,2023-02-22T18:04:03Z,137.18147161269445,46,100.00019836,0.12355051888605383,0.14354556946538383,0.123549905363559,C
116.59166718,0,2023-02-22T18:04:03Z,137.18147161269445,46,100.00019836,0.12355051888605383,0.14354556946538383,0.123549905363559,C
135.93591309,0,2023-02-22T18:04:03Z,137.18147161269445,46,100.00019836,0.12355051888605383,0.14354556946538383,0.123549905363559,C
158.48962402,0,2023-02-22T18:04:03Z,137.18147161269445,46,100.00019836,0.12355051888605383,0.14354556946538383,0.123549905363559,C
184.78533936,0,2023-02-22T18:04:03Z,137.18147161269445,46,100.00019836,0.12355051888605383,0.14354556946538383,0.123549905363559,C
215.44389343,0,2023-02-22T18:04:03Z,137.18147161269445,46,100.00019836,0.12355051888605383,0.14354556946538383,0.123549905363559,C
251.18913269,0,2023-02-22T18:04:03Z,137.18147161269445,46,100.00019836,0.12355051888605383,0.14354556946538383,0.123549905363559,C
292.86502075,0,2023-02-22T18:04:03Z,137.18147161269445,46,100.00019836,0.12355051888605383,0.14354556946538383,0.123549905363559,C
341.45556641,0,2023-02-22T18:04:03Z,137.18147161269445,46,100.00019836,0.12355051888605383,0.14354556946538383,0.123549905363559,C
398.10794067,0,2023-02-22T18:04:03Z,137.18147161269445,46,100.00019836,0.12355051888605383,0.14354556946538383,0.123549905363559,C
464.15979004,0,2023-02-22T18:04:03Z,137.18147161269445,46,100.00019836,0.12355051888605383,0.14354556946538383,0.123549905363559,C
541.17059326,0,2023-02-22T18:04:03Z,137.18147161269445,46,100.00019836,0.12355051888605383,0.14354556946538383,0.123549905363559,C
630.95855713,0,2023-02-22T18:04:03Z,137.18147161269445,46,100.00019836,0.12355051888605383,0.14354556946538383,0.123549905363559,C
735.64367676,0,2023-02-22T18:04:03Z,137.18147161269445,46,100.00019836,0.12355051888605383,0.14354556946538383,0.123549905363559,C
857.69757080,0,2023-02-22T18:04:03Z,137.18147161269445,46,100.00019836,0.12355051888605383,0.14354556946538383,0.123549905363559,C
1000.00195313,0,2023-02-22T18:04:03Z,137.18147161269445,46,100.00019836,0.12355051888605383,0.14354556946538383,0.123549905363559,C
0.10000020,0,2023-02-22T18:04:04Z,173.45544560747777,37,25.11891365,0.1764279968726965,0.19030142025720148,0.16882429242139999,B
0.11659167,0,2023-02-22T18:04:04Z,173.45544560747777,37,25.11891365,0.1764279968726965,0.19030142025720148,0.16882429242139999,B
0.13593590,0,2023-02-22T18:04:04Z,173.45544560747777,37,25.11891365,0.1764279968726965,0.19030142025720148,0.16882429242139999,B
0.15848963,0,2023-02-22T18:04:04Z,173.45544560747777,37,25.11891365,0.1764279968726965,0.19030142025720148,0.16882429242139999,B
0.18478534,0,2023-02-22T18:04:04Z,173.45544560747777,37,25.11891365,0.1764279968726965,0.19030142025720148,0.16882429242139999,B
0.21544389,0,2023-02-22T18:04:04Z,173.45544560747777,37,25.11891365,0.1764279968726965,0.19030142025720148,0.16882429242139999,B
0.25118914,0,2023-02-22T18:04:04Z,173.45544560747777,37,25.11891365,0.1764279968726965,0.19030142025720148,0.16882429242139999,B
0.29286504,0,2023-02-22T18:04:04Z,173.45544560747777,37,25.11891365,0.1764279968726965,0.19030142025720148,0.16882429242139999,B
0.34145555,0,2023-02-22T18:04:04Z,173.45544560747777,37,25.11891365,0.1764279968726965,0.19030142025720148,0.16882429242139999,B
0.39810795,0,2023-02-22T18:04:04Z,173.45544560747777,37,25.11891365,0.1764279968726965,0.19030142025720148,0.16882429242139999,B
0.46415979,0,2023-02-22T18:04:04Z,173.45544560747777,37,25.11891365,0.1764279968726965,0.19030142025720148,0.16882429242139999,B
0.54117060,0,2023-02-22T18:04:04Z,173.45544560747777,37,25.11891365,0.1764279968726965,0.19030142025720148,0.16882429242139999,B
0.63095856,0,2023-02-22T18:04:04Z,173.45544560747777,37,25.11891365,0.1764279968726965,0.19030142025720148,0.16882429242139999,B
0.73564368,0,2023-02-22T18:04:04Z,173.45544560747777,37,25.11891365,0.1764279968726965,0.19030142025720148,0.16882429242139999,B
0.85769761,0,2023-02-22T18:04:04Z,173.45544560747777,37,25.11891365,0.1764279968726965,0.19030142025720148,0.16882429242139999,B
1.00000191,0.1413179636,2023-02-22T18:04:04Z,173.45544560747777,37,25.11891365,0.1764279968726965,0.19030142025720148,0.16882429242139999,B
1.16591668,2.13628959656,2023-02-22T18:04:04Z,173.45544560747777,37,25.11891365,0.1764279968726965,0.19030142025720148,0.16882429242139999,B
1.35935903,5.75600099564,2023-02-22T18:04:04Z,173.45544560747777,37,25.11891365,0.1764279968726965,0.19030142025720148,0.16882429242139999,B
1.58489633,5.94239521027,2023-02-22T18:04:04Z,173.45544560747777,37,25.11891365,0.1764279968726965,0.19030142025720148,0.16882429242139999,B
1.84785342,2.90642547607,2023-02-22T18:04:04Z,173.45544560747777,37,25.11891365,0.1764279968726965,0.19030142025720148,0.16882429242139999,B
2.15443897,0.692043602467,2023-02-22T18:04:04Z,173.45544560747777,37,25.11891365,0.1764279968726965,0.19030142025720148,0.16882429242139999,B
2.51189137,0.0670619755983,2023-02-22T18:04:04Z,173.45544560747777,37,25.11891365,0.1764279968726965,0.19030142025720148,0.16882429242139999,B
2.92865038,0.00126486225054,2023-02-22T18:04:04Z,173.45544560747777,37,25.11891365,0.1764279968726965,0.19030142025720148,0.16882429242139999,B
3.41455555,4.8138106834e-9,2023-02-22T18:04:04Z,173.45544560747777,37,25.11891365,0.1764279968726965,0.19030142025720148,0.16882429242139999,B
3.98107958,0,2023-02-22T18:04:04Z,173.45544560747777,37,25.11891365,0.1764279968726965,0.19030142025720148,0.16882429242139999,B
4.64159775,0,2023-02-22T18:04:04Z,173.45544560747777,37,25.11891365,0.1764279968726965,0.19030142025720148,0.16882429242139999,B
5.41170597,0.0121298329905,2023-02-22T18:04:04Z,173.45544560747777,37,25.11891365,0.1764279968726965,0.19030142025720148,0.16882429242139999,B
6.30958605,0.106454119086,2023-02-22T18:04:04Z,173.45544560747777,37,25.11891365,0.1764279968726965,0.19030142025720148,0.16882429242139999,B
7.35643721,0.36821320653,2023-02-22T18:04:04Z,173.45544560747777,37,25.11891365,0.1764279968726965,0.19030142025720148,0.16882429242139999,B
8.57697582,0.900545179844,2023-02-22T18:04:04Z,173.45544560747777,37,25.11891365,0.1764279968726965,0.19030142025720148,0.16882429242139999,B
10.00002003,1.79341566563,2023-02-22T18:04:04Z,173.45544560747777,37,25.11891365,0.1764279968726965,0.19030142025720148,0.16882429242139999,B
11.65916729,3.06221175194,2023-02-22T18:04:04Z,173.45544560747777,37,25.11891365,0.1764279968726965,0.19030142025720148,0.16882429242139999,B
13.59359074,4.56061601639,2023-02-22T18:04:04Z,173.45544560747777,37,25.11891365,0.1764279968726965,0.19030142025720148,0.16882429242139999,B
15.84896278,5.89824104309,2023-02-22T18:04:04Z,173.45544560747777,37,25.11891365,0.1764279968726965,0.19030142025720148,0.16882429242139999,B
18.47853470,6.46414232254,2023-02-22T18:04:04Z,173.45544560747777,37,25.11891365,0.1764279968726965,0.19030142025720148,0.16882429242139999,B
21.54438972,5.6781334877,2023-02-22T18:04:04Z,173.45544560747777,37,25.11891365,0.1764279968726965,0.19030142025720148,0.16882429242139999,B
25.11891365,3.52770280838,2023-02-22T18:04:04Z,173.45544560747777,37,25.11891365,0.1764279968726965,0.19030142025720148,0.16882429242139999,B
29.28650284,1.06735646725,2023-02-22T18:04:04Z,173.45544560747777,37,25.11891365,0.1764279968726965,0.19030142025720148,0.16882429242139999,B
34.14555740,0,2023-02-22T18:04:04Z,173.45544560747777,37,25.11891365,0.1764279968726965,0.19030142025720148,0.16882429242139999,B
39.81079483,0,2023-02-22T18:04:04Z,173.45544560747777,37,25.11891365,0.1764279968726965,0.19030142025720148,0.16882429242139999,B
46.41598129,0,2023-02-22T18:04:04Z,173.45544560747777,37,25.11891365,0.1764279968726965,0.19030142025720148,0.16882429242139999,B
54.11705780,0,2023-02-22T18:04:04Z,173.45544560747777,37,25.11891365,0.1764279968726965,0.19030142025720148,0.16882429242139999,B
63.09585953,0,2023-02-22T18:04:04Z,173.45544560747777,37,25.11891365,0.1764279968726965,0.19030142025720148,0.16882429242139999,B
73.56436920,0,2023-02-22T18:04:04Z,173.45544560747777,37,25.11891365,0.1764279968726965,0.19030142025720148,0.16882429242139999,B
85.76976013,0,2023-02-22T18:04:04Z,173.45544560747777,37,25.11891365,0.1764279968726965,0.19030142025720148,0.16882429242139999,B
100.00019836,48.9180374146,2023-02-22T18:04:04Z,173.45544560747777,37,25.11891365,0.1764279968726965,0.19030142025720148,0.16882429242139999,B
116.59166718,0,2023-02-22T18:04:04Z,173.45544560747777,37,25.11891365,0.1764279968726965,0.19030142025720148,0.16882429242139999,B
135.93591309,0,2023-02-22T18:04:04Z,173.45544560747777,37,25.11891365,0.1764279968726965,0.19030142025720148,0.16882429242139999,B
158.48962402,0,2023-02-22T18:04:04Z,173.45544560747777,37,25.11891365,0.1764279968726965,0.19030142025720148,0.16882429242139999,B
184.78533936,0,2023-02-22T18:04:04Z,173.45544560747777,37,25.11891365,0.1764279968726965,0.19030142025720148,0.16882429242139999,B
215.44389343,0,2023-02-22T18:04:04Z,173.45544560747777,37,25.11891365,0.1764279968726965,0.19030142025720148,0.16882429242139999,B
251.18913269,0,2023-02-22T18:04:04Z,173.45544560747777,37,25.11891365,0.1764279968726965,0.19030142025720148,0.16882429242139999,B
292.86502075,0,2023-02-22T18:04:04Z,173.45544560747777,37,25.11891365,0.1764279968726965,0.19030142025720148,0.16882429242139999,B
341.45556641,0,2023-02-22T18:04:04Z,173.45544560747777,37,25.11891365,0.1764279968726965,0.19030142025720148,0.16882429242139999,B
398.10794067,0,2023-02-22T18:04:04Z,173.45544560747777,37,25.11891365,0.1764279968726965,0.19030142025720148,0.16882429242139999,B
464.15979004,0,2023-02-22T18:04:04Z,173.45544560747777,37,25.11891365,0.1764279968726965,0.19030142025720148,0.16882429242139999,B
541.17059326,0,2023-02-22T18:04:04Z,173.45544560747777,37,25.11891365,0.1764279968726965,0.19030142025720148,0.16882429242139999,B
630.95855713,0,2023-02-22T18:04:04Z,173.45544560747777,37,25.11891365,0.1764279968726965,0.19030142025720148,0.16882429242139999,B
735.64367676,0,2023-02-22T18:04:04Z,173.45544560747777,37,25.11891365,0.1764279968726965,0.19030142025720148,0.16882429242139999,B
857.69757080,0,2023-02-22T18:04:04Z,173.45544560747777,37,25.11891365,0.1764279968726965,0.19030142025720148,0.16882429242139999,B
1000.00195313,0,2023-02-22T18:04:04Z,173.45544560747777,37,25.11891365,0.1764279968726965,0.19030142025720148,0.16882429242139999,B
0.10000020,0,2023-02-22T18:04:05Z,210.69478840298612,46,100.00019836,0.14544690513819625,0.15408061175675766,0.1453398158383429,B
0.11659167,0,2023-02-22T18:04:05Z,210.69478840298612,46,100.00019836,0.14544690513819625,0.15408061175675766,0.1453398158383429,B
0.13593590,0,2023-02-22T18:04:05Z,210.69478840298612,46,100.00019836,0.14544690513819625,0.15408061175675766,0.1453398158383429,B
0.15848963,0,2023-02-22T18:04:05Z,210.69478840298612,46,100.00019836,0.14544690513819625,0.15408061175675766,0.1453398158383429,B
0.18478534,0,2023-02-22T18:04:05Z,210.69478840298612,46,100.00019836,0.14544690513819625,0.15408061175675766,0.1453398158383429,B
0.21544389,0,2023-02-22T18:04:05Z,210.69478840298612,46,100.00019836,0.14544690513819625,0.15408061175675766,0.1453398158383429,B
0.25118914,0,2023-02-22T18:04:05Z,210.69478840298612,46,100.00019836,0.14544690513819625,0.15408061175675766,0.1453398158383429,B
0.29286504,0,2023-02-22T18:04:05Z,210.69478840298612,46,100.00019836,0.14544690513819625,0.15408061175675766,0.1453398158383429,B
0.34145555,0,2023-02-22T18:04:05Z,210.69478840298612,46,100.00019836,0.14544690513819625,0.15408061175675766,0.1453398158383429,B
0.39810795,0,2023-02-22T18:04:05Z,210.69478840298612,46,100.00019836,0.14544690513819625,0.15408061175675766,0.1453398158383429,B
0.46415979,0,2023-02-22T18:04:05Z,210.69478840298612,46,100.00019836,0.14544690513819625,0.15408061175675766,0.1453398158383429,B
0.54117060,0,2023-02-22T18:04:05Z,210.69478840298612,46,100.00019836,0.14544690513819625,0.15408061175675766,0.1453398158383429,B
0.63095856,0,2023-02-22T18:04:05Z,210.69478840298612,46,100.00019836,0.14544690513819625,0.15408061175675766,0.1453398158383429,B
0.73564368,0,2023-02-22T18:04:05Z,210.69478840298612,46,100.00019836,0.14544690513819625,0.15408061175675766,0.1453398158383429,B
0.85769761,0,2023-02-22T18:04:05Z,210.69478840298612,46,100.00019836,0.14544690513819625,0.15408061175675766,0.1453398158383429,B
1.00000191,1.3297033729e-4,2023-02-22T18:04:05Z,210.69478840298612,46,100.00019836,0.14544690513819625,0.15408061175675766,0.1453398158383429,B
1.16591668,0.390486091375,2023-02-22T18:04:05Z,210.69478840298612,46,100.00019836,0.14544690513819625,0.15408061175675766,0.1453398158383429,B
1.35935903,6.62216854095,2023-02-22T18:04:05Z,210.69478840298612,46,100.00019836,0.14544690513819625,0.15408061175675766,0.1453398158383429,B
1.58489633,6.74245452881,2023-02-22T18:04:05Z,210.69478840298612,46,100.00019836,0.14544690513819625,0.15408061175675766,0.1453398158383429,B
1.84785342,0.778739452362,2023-02-22T18:04:05Z,210.69478840298612,46,100.00019836,0.14544690513819625,0.15408061175675766,0.1453398158383429,B
2.15443897,0.0106998775154,2023-02-22T18:04:05Z,210.69478840298612,46,100.00019836,0.14544690513819625,0.15408061175675766,0.1453398158383429,B
2.51189137,9.05244269234e-6,2023-02-22T18:04:05Z,210.69478840298612,46,100.00019836,0.14544690513819625,0.15408061175675766,0.1453398158383429,B
2.92865038,2.72446128158e-11,2023-02-22T18:04:05Z,210.69478840298612,46,100.00019836,0.14544690513819625,0.15408061175675766,0.1453398158383429,B
3.41455555,0,2023-02-22T18:04:05Z,210.69478840298612,46,100.00019836,0.14544690513819625,0.15408061175675766,0.1453398158383429,B
3.98107958,0,2023-02-22T18:04:05Z,210.69478840298612,46,100.00019836,0.14544690513819625,0.15408061175675766,0.1453398158383429,B
4.64159775,0,2023-02-22T18:04:05Z,210.69478840298612,46,100.00019836,0.14544690513819625,0.15408061175675766,0.1453398158383429,B
5.41170597,0.00123983365484,2023-02-22T18:04:05Z,210.69478840298612,46,100.00019836,0.14544690513819625,0.15408061175675766,0.1453398158383429,B
6.30958605,0.0380325838923,2023-02-22T18:04:05Z,210.69478840298612,46,100.00019836,0.14544690513819625,0.15408061175675766,0.1453398158383429,B
7.35643721,0.197751238942,2023-02-22T18:04:05Z,210.69478840298612,46,100.00019836,0.14544690513819625,0.15408061175675766,0.1453398158383429,B
8.57697582,0.626347005367,2023-02-22T18:04:05Z,210.69478840298612,46,100.00019836,0.14544690513819625,0.15408061175675766,0.1453398158383429,B
10.00002003,1.50376319885,2023-02-22T18:04:05Z,210.69478840298612,46,100.00019836,0.14544690513819625,0.15408061175675766,0.1453398158383429,B
11.65916729,2.9436070919,2023-02-22T18:04:05Z,210.69478840298612,46,100.00019836,0.14544690513819625,0.15408061175675766,0.1453398158383429,B
13.59359074,4.80169534683,2023-02-22T18:04:05Z,210.69478840298612,46,100.00019836,0.14544690513819625,0.15408061175675766,0.1453398158383429,B
15.84896278,6.47295713425,2023-02-22T18:04:05Z,210.69478840298612,46,100.00019836,0.14544690513819625,0.15408061175675766,0.1453398158383429,B
18.47853470,6.93998098373,2023-02-22T18:04:05Z,210.69478840298612,46,100.00019836,0.14544690513819625,0.15408061175675766,0.1453398158383429,B
21.54438972,5.38775920868,2023-02-22T18:04:05Z,210.69478840298612,46,100.00019836,0.14544690513819625,0.15408061175675766,0.1453398158383429,B
25.11891365,2.33775758743,2023-02-22T18:04:05Z,210.69478840298612,46,100.00019836,0.14544690513819625,0.15408061175675766,0.1453398158383429,B
29.28650284,0.110532902181,2023-02-22T18:04:05Z,210.69478840298612,46,100.00019836,0.14544690513819625,0.15408061175675766,0.1453398158383429,B
34.14555740,0,2023-02-22T18:04:05Z,210.69478840298612,46,100.00019836,0.14544690513819625,0.15408061175675766,0.1453398158383429,B
39.81079483,0,2023-02-22T18:04:05Z,210.69478840298612,46,100.00019836,0.14544690513819625,0.15408061175675766,0.1453398158383429,B
46.41598129,0,2023-02-22T18:04:05Z,210.69478840298612,46,100.00019836,0.14544690513819625,0.15408061175675766,0.1453398158383429,B
54.11705780,0,2023-02-22T18:04:05Z,210.69478840298612,46,100.00019836,0.14544690513819625,0.15408061175675766,0.1453398158383429,B
63.09585953,0,2023-02-22T18:04:05Z,210.69478840298612,46,100.00019836,0.14544690513819625,0.15408061175675766,0.1453398158383429,B
73.56436920,0,2023-02-22T18:04:05Z,210.69478840298612,46,100.00019836,0.14544690513819625,0.15408061175675766,0.1453398158383429,B
85.76976013,0,2023-02-22T18:04:05Z,210.69478840298612,46,100.00019836,0.14544690513819625,0.15408061175675766,0.1453398158383429,B
100.00019836,54.0938873291,2023-02-22T18:04:05Z,210.69478840298612,46,100.00019836,0.14544690513819625,0.15408061175675766,0.1453398158383429,B
116.59166718,0,2023-02-22T18:04:05Z,210.69478840298612,46,100.00019836,0.14544690513819625,0.15408061175675766,0.1453398158383429,B
135.93591309,0,2023-02-22T18:04:05Z,210.69478840298612,46,100.00019836,0.14544690513819625,0.15408061175675766,0.1453398158383429,B
158.48962402,0,2023-02-22T18:04:05Z,210.69478840298612,46,100.00019836,0.14544690513819625,0.15408061175675766,0.1453398158383429,B
184.78533936,0,2023-02-22T18:04:05Z,210.69478840298612,46,100.00019836,0.14544690513819625,0.15408061175675766,0.1453398158383429,B
215.44389343,0,2023-02-22T18:04:05Z,210.69478840298612,46,100.00019836,0.14544690513819625,0.15408061175675766,0.1453398158383429,B
251.18913269,0,2023-02-22T18:04:05Z,210.69478840298612,46,100.00019836,0.14544690513819625,0.15408061175675766,0.1453398158383429,B
292.86502075,0,2023-02-22T18:04:05Z,210.69478840298612,46,100.00019836,0.14544690513819625,0.15408061175675766,0.1453398158383429,B
341.45556641,0,2023-02-22T18:04:05Z,210.69478840298612,46,100.00019836,0.14544690513819625,0.15408061175675766,0.1453398158383429,B
398.10794067,0,2023-02-22T18:04:05Z,210.69478840298612,46,100.00019836,0.14544690513819625,0.15408061175675766,0.1453398158383429,B
464.15979004,0,2023-02-22T18:04:05Z,210.69478840298612,46,100.00019836,0.14544690513819625,0.15408061175675766,0.1453398158383429,B
541.17059326,0,2023-02-22T18:04:05Z,210.69478840298612,46,100.00019836,0.14544690513819625,0.15408061175675766,0.1453398158383429,B
630.95855713,0,2023-02-22T18:04:05Z,210.69478840298612,46,100.00019836,0.14544690513819625,0.15408061175675766,0.1453398158383429,B
735.64367676,0,2023-02-22T18:04:05Z,210.69478840298612,46,100.00019836,0.14544690513819625,0.15408061175675766,0.1453398158383429,B
857.69757080,0,2023-02-22T18:04:05Z,210.69478840298612,46,100.00019836,0.14544690513819625,0.15408061175675766,0.1453398158383429,B
1000.00195313,0,2023-02-22T18:04:05Z,210.69478840298612,46,100.00019836,0.14544690513819625,0.15408061175675766,0.1453398158383429,B
0.10000020,0,2023-02-22T18:04:06Z,208.08235295625,46,100.00019836,0.116598997116,0.14109848320473,0.116598997116,B
0.11659167,0,2023-02-22T18:04:06Z,208.08235295625,46,100.00019836,0.116598997116,0.14109848320473,0.116598997116,B
0.13593590,0,2023-02-22T18:04:06Z,208.08235295625,46,100.00019836,0.116598997116,0.14109848320473,0.116598997116,B
0.15848963,0,2023-02-22T18:04:06Z,208.08235295625,46,100.00019836,0.116598997116,0.14109848320473,0.116598997116,B
0.18478534,0,2023-02-22T18:04:06Z,208.08235295625,46,100.00019836,0.116598997116,0.14109848320473,0.116598997116,B
0.21544389,0,2023-02-22T18:04:06Z,208.08235295625,46,100.00019836,0.116598997116,0.14109848320473,0.116598997116,B
0.25118914,0,2023-02-22T18:04:06Z,208.08235295625,46,100.00019836,0.116598997116,0.14109848320473,0.116598997116,B
0.29286504,0,2023-02-22T18:04:06Z,208.08235295625,46,100.00019836,0.116598997116,0.14109848320473,0.116598997116,B
0.34145555,0,2023-02-22T18:04:06Z,208.08235295625,46,100.00019836,0.116598997116,0.14109848320473,0.116598997116,B
0.39810795,0,2023-02-22T18:04:06Z,208.08235295625,46,100.00019836,0.116598997116,0.14109848320473,0.116598997116,B
0.46415979,0,2023-02-22T18:04:06Z,208.08235295625,46,100.00019836,0.116598997116,0.14109848320473,0.116598997116,B
0.54117060,0,2023-02-22T18:04:06Z,208.08235295625,46,100.00019836,0.116598997116,0.14109848320473,0.116598997116,B
0.63095856,0,2023-02-22T18:04:06Z,208.08235295625,46,100.00019836,0.116598997116,0.14109848320473,0.116598997116,B
0.73564368,0,2023-02-22T18:04:06Z,208.08235295625,46,100.00019836,0.116598997116,0.14109848320473,0.116598997116,B
0.85769761,0,2023-02-22T18:04:06Z,208.08235295625,46,100.00019836,0.116598997116,0.14109848320473,0.116598997116,B
1.00000191,0,2023-02-22T18:04:06Z,208.08235295625,46,100.00019836,0.116598997116,0.14109848320473,0.116598997116,B
1.16591668,0,2023-02-22T18:04:06Z,208.08235295625,46,100.00019836,0.116598997116,0.14109848320473,0.116598997116,B
1.35935903,11.6598997116,2023-02-22T18:04:06Z,208.08235295625,46,100.00019836,0.116598997116,0.14109848320473,0.116598997116,B
1.58489633,0,2023-02-22T18:04:06Z,208.08235295625,46,100.00019836,0.116598997116,0.14109848320473,0.116598997116,B
1.84785342,0,2023-02-22T18:04:06Z,208.08235295625,46,100.00019836,0.116598997116,0.14109848320473,0.116598997116,B
2.15443897,0,2023-02-22T18:04:06Z,208.08235295625,46,100.00019836,0.116598997116,0.14109848320473,0.116598997116,B
2.51189137,0,2023-02-22T18:04:06Z,208.08235295625,46,100.00019836,0.116598997116,0.14109848320473,0.116598997116,B
2.92865038,0,2023-02-22T18:04:06Z,208.08235295625,46,100.00019836,0.116598997116,0.14109848320473,0.116598997116,B
3.41455555,0,2023-02-22T18:04:06Z,208.08235295625,46,100.00019836,0.116598997116,0.14109848320473,0.116598997116,B
3.98107958,0,2023-02-22T18:04:06Z,208.08235295625,46,100.00019836,0.116598997116,0.14109848320473,0.116598997116,B
4.64159775,0,2023-02-22T18:04:06Z,208.08235295625,46,100.00019836,0.116598997116,0.14109848320473,0.116598997116,B
5.41170597,0,2023-02-22T18:04:06Z,208.08235295625,46,100.00019836,0.116598997116,0.14109848320473,0.116598997116,B
6.30958605,0.126674056053,2023-02-22T18:04:06Z,208.08235295625,46,100.00019836,0.116598997116,0.14109848320473,0.116598997116,B
7.35643721,0.67435413599,2023-02-22T18:04:06Z,208.08235295625,46,100.00019836,0.116598997116,0.14109848320473,0.116598997116,B
8.57697582,1.64892041683,2023-02-22T18:04:06Z,208.08235295625,46,100.00019836,0.116598997116,0.14109848320473,0.116598997116,B
10.00002003,2.90173220634,2023-02-22T18:04:06Z,208.08235295625,46,100.00019836,0.116598997116,0.14109848320473,0.116598997116,B
11.65916729,4.00965595245,2023-02-22T18:04:06Z,208.08235295625,46,100.00019836,0.116598997116,0.14109848320473,0.116598997116,B
13.59359074,4.42497014999,2023-02-22T18:04:06Z,208.08235295625,46,100.00019836,0.116598997116,0.14109848320473,0.116598997116,B
15.84896278,3.81140375137,2023-02-22T18:04:06Z,208.08235295625,46,100.00019836,0.116598997116,0.14109848320473,0.116598997116,B
18.47853470,2.33989858627,2023-02-22T18:04:06Z,208.08235295625,46,100.00019836,0.116598997116,0.14109848320473,0.116598997116,B
21.54438972,0.650854706764,2023-02-22T18:04:06Z,208.08235295625,46,100.00019836,0.116598997116,0.14109848320473,0.116598997116,B
25.11891365,0,2023-02-22T18:04:06Z,208.08235295625,46,100.00019836,0.116598997116,0.14109848320473,0.116598997116,B
29.28650284,0,2023-02-22T18:04:06Z,208.08235295625,46,100.00019836,0.116598997116,0.14109848320473,0.116598997116,B
34.14555740,0,2023-02-22T18:04:06Z,208.08235295625,46,100.00019836,0.116598997116,0.14109848320473,0.116598997116,B
39.81079483,0,2023-02-22T18:04:06Z,208.08235295625,46,100.00019836,0.116598997116,0.14109848320473,0.116598997116,B
46.41598129,0,2023-02-22T18:04:06Z,208.08235295625,46,100.00019836,0.116598997116,0.14109848320473,0.116598997116,B
54.11705780,0,2023-02-22T18:04:06Z,208.08235295625,46,100.00019836,0.116598997116,0.14109848320473,0.116598997116,B
63.09585953,0,2023-02-22T18:04:06Z,208.08235295625,46,100.00019836,0.116598997116,0.14109848320473,0.116598997116,B
73.56436920,0,2023-02-22T18:04:06Z,208.08235295625,46,100.00019836,0.116598997116,0.14109848320473,0.116598997116,B
85.76976013,0,2023-02-22T18:04:06Z,208.08235295625,46,100.00019836,0.116598997116,0.14109848320473,0.116598997116,B
100.00019836,67.7516326904,2023-02-22T18:04:06Z,208.08235295625,46,100.00019836,0.116598997116,0.14109848320473,0.116598997116,B
116.59166718,0,2023-02-22T18:04:06Z,208.08235295625,46,100.00019836,0.116598997116,0.14109848320473,0.116598997116,B
135.93591309,0,2023-02-22T18:04:06Z,208.08235295625,46,100.00019836,0.116598997116,0.14109848320473,0.116598997116,B
158.48962402,0,2023-02-22T18:04:06Z,208.08235295625,46,100.00019836,0.116598997116,0.14109848320473,0.116598997116,B
184.78533936,0,2023-02-22T18:04:06Z,208.08235295625,46,100.00019836,0.116598997116,0.14109848320473,0.116598997116,B
215.44389343,0,2023-02-22T18:04:06Z,208.08235295625,46,100.00019836,0.116598997116,0.14109848320473,0.116598997116,B
251.18913269,0,2023-02-22T18:04:06Z,208.08235295625,46,100.00019836,0.116598997116,0.14109848320473,0.116598997116,B
292.86502075,0,2023-02-22T18:04:06Z,208.08235295625,46,100.00019836,0.116598997116,0.14109848320473,0.116598997116,B
341.45556641,0,2023-02-22T18:04:06Z,208.08235295625,46,100.00019836,0.116598997116,0.14109848320473,0.116598997116,B
398.10794067,0,2023-02-22T18:04:06Z,208.08235295625,46,100.00019836,0.116598997116,0.14109848320473,0.116598997116,B
464.15979004,0,2023-02-22T18:04:06Z,208.08235295625,46,100.00019836,0.116598997116,0.14109848320473,0.116598997116,B
541.17059326,0,2023-02-22T18:04:06Z,208.08235295625,46,100.00019836,0.116598997116,0.14109848320473,0.116598997116,B
630.95855713,0,2023-02-22T18:04:06Z,208.08235295625,46,100.00019836,0.116598997116,0.14109848320473,0.116598997116,B
735.64367676,0,2023-02-22T18:04:06Z,208.08235295625,46,100.00019836,0.116598997116,0.14109848320473,0.116598997116,B
857.69757080,0,2023-02-22T18:04:06Z,208.08235295625,46,100.00019836,0.116598997116,0.14109848320473,0.116598997116,B
1000.00195313,0,2023-02-22T18:04:06Z,208.08235295625,46,100.00019836,0.116598997116,0.14109848320473,0.116598997116,B
0.10000020,0,2023-02-22T18:04:07Z,180.218126720725,46,100.00019836,0.13554682370021603,0.141340490595692,0.13554544179848402,B
0.11659167,0,2023-02-22T18:04:07Z,180.218126720725,46,100.00019836,0.13554682370021603,0.141340490595692,0.13554544179848402,B
0.13593590,0,2023-02-22T18:04:07Z,180.218126720725,46,100.00019836,0.13554682370021603,0.141340490595692,0.13554544179848402,B
0.15848963,0,2023-02-22T18:04:07Z,180.218126720725,46,100.00019836,0.13554682370021603,0.141340490595692,0.13554544179848402,B
0.18478534,0,2023-02-22T18:04:07Z,180.218126720725,46,100.00019836,0.13554682370021603,0.141340490595692,0.13554544179848402,B
0.21544389,0,2023-02-22T18:04:07Z,180.218126720725,46,100.00019836,0.13554682370021603,0.141340490595692,0.13554544179848402,B
0.25118914,0,2023-02-22T18:04:07Z,180.218126720725,46,100.00019836,0.13554682370021603,0.141340490595692,0.13554544179848402,B
0.29286504,0,2023-02-22T18:04:07Z,180.218126720725,46,100.00019836,0.13554682370021603,0.141340490595692,0.13554544179848402,B
0.34145555,0,2023-02-22T18:04:07Z,180.218126720725,46,100.00019836,0.13554682370021603,0.141340490595692,0.13554544179848402,B
0.39810795,0,2023-02-22T18:04:07Z,180.218126720725,46,100.00019836,0.13554682370021603,0.141340490595692,0.13554544179848402,B
0.46415979,0,2023-02-22T18:04:07Z,180.218126720725,46,100.00019836,0.13554682370021603,0.141340490595692,0.13554544179848402,B
0.54117060,0,2023-02-22T18:04:07Z,180.218126720725,46,100.00019836,0.13554682370021603,0.141340490595692,0.13554544179848402,B
0.63095856,0,2023-02-22T18:04:07Z,180.218126720725,46,100.00019836,0.13554682370021603,0.141340490595692,0.13554544179848402,B
0.73564368,0,2023-02-22T18:04:07Z,180.218126720725,46,100.00019836,0.13554682370021603,0.141340490595692,0.13554544179848402,B
0.85769761,0,2023-02-22T18:04:07Z,180.218126720725,46,100.00019836,0.13554682370021603,0.141340490595692,0.13554544179848402,B
1.00000191,2.57711440099e-6,2023-02-22T18:04:07Z,180.218126720725,46,100.00019836,0.13554682370021603,0.141340490595692,0.13554544179848402,B
1.16591668,0.172527104616,2023-02-22T18:04:07Z,180.218126720725,46,100.00019836,0.13554682370021603,0.141340490595692,0.13554544179848402,B
1.35935903,7.76657009125,2023-02-22T18:04:07Z,180.218126720725,46,100.00019836,0.13554682370021603,0.141340490595692,0.13554544179848402,B
1.58489633,5.47423696518,2023-02-22T18:04:07Z,180.218126720725,46,100.00019836,0.13554682370021603,0.141340490595692,0.13554544179848402,B
1.84785342,0.141207441688,2023-02-22T18:04:07Z,180.218126720725,46,100.00019836,0.13554682370021603,0.141340490595692,0.13554544179848402,B
2.15443897,1.38188232086e-4,2023-02-22T18:04:07Z,180.218126720725,46,100.00019836,0.13554682370021603,0.141340490595692,0.13554544179848402,B
2.51189137,1.94111504648e-9,2023-02-22T18:04:07Z,180.218126720725,46,100.00019836,0.13554682370021603,0.141340490595692,0.13554544179848402,B
2.92865038,4.86978928275e-18,2023-02-22T18:04:07Z,180.218126720725,46,100.00019836,0.13554682370021603,0.141340490595692,0.13554544179848402,B
3.41455555,0,2023-02-22T18:04:07Z,180.218126720725,46,100.00019836,0.13554682370021603,0.141340490595692,0.13554544179848402,B
3.98107958,0,2023-02-22T18:04:07Z,180.218126720725,46,100.00019836,0.13554682370021603,0.141340490595692,0.13554544179848402,B
4.64159775,0,2023-02-22T18:04:07Z,180.218126720725,46,100.00019836,0.13554682370021603,0.141340490595692,0.13554544179848402,B
5.41170597,0,2023-02-22T18:04:07Z,180.218126720725,46,100.00019836,0.13554682370021603,0.141340490595692,0.13554544179848402,B
6.30958605,0.0127648022026,2023-02-22T18:04:07Z,180.218126720725,46,100.00019836,0.13554682370021603,0.141340490595692,0.13554544179848402,B
7.35643721,0.118169173598,2023-02-22T18:04:07Z,180.218126720725,46,100.00019836,0.13554682370021603,0.141340490595692,0.13554544179848402,B
8.57697582,0.448432713747,2023-02-22T18:04:07Z,180.218126720725,46,100.00019836,0.13554682370021603,0.141340490595692,0.13554544179848402,B
10.00002003,1.18505644798,2023-02-22T18:04:07Z,180.218126720725,46,100.00019836,0.13554682370021603,0.141340490595692,0.13554544179848402,B
11.65916729,2.46146392822,2023-02-22T18:04:07Z,180.218126720725,46,100.00019836,0.13554682370021603,0.141340490595692,0.13554544179848402,B
13.59359074,4.15720367432,2023-02-22T18:04:07Z,180.218126720725,46,100.00019836,0.13554682370021603,0.141340490595692,0.13554544179848402,B
15.84896278,5.66903734207,2023-02-22T18:04:07Z,180.218126720725,46,100.00019836,0.13554682370021603,0.141340490595692,0.13554544179848402,B
18.47853470,5.94949960709,2023-02-22T18:04:07Z,180.218126720725,46,100.00019836,0.13554682370021603,0.141340490595692,0.13554544179848402,B
21.54438972,4.17197799683,2023-02-22T18:04:07Z,180.218126720725,46,100.00019836,0.13554682370021603,0.141340490595692,0.13554544179848402,B
25.11891365,1.05863106251,2023-02-22T18:04:07Z,180.218126720725,46,100.00019836,0.13554682370021603,0.141340490595692,0.13554544179848402,B
29.28650284,0,2023-02-22T18:04:07Z,180.218126720725,46,100.00019836,0.13554682370021603,0.141340490595692,0.13554544179848402,B
34.14555740,0,2023-02-22T18:04:07Z,180.218126720725,46,100.00019836,0.13554682370021603,0.141340490595692,0.13554544179848402,B
39.81079483,0,2023-02-22T18:04:07Z,180.218126720725,46,100.00019836,0.13554682370021603,0.141340490595692,0.13554544179848402,B
46.41598129,0,2023-02-22T18:04:07Z,180.218126720725,46,100.00019836,0.13554682370021603,0.141340490595692,0.13554544179848402,B
54.11705780,0,2023-02-22T18:04:07Z,180.218126720725,46,100.00019836,0.13554682370021603,0.141340490595692,0.13554544179848402,B
63.09585953,0,2023-02-22T18:04:07Z,180.218126720725,46,100.00019836,0.13554682370021603,0.141340490595692,0.13554544179848402,B
73.56436920,0,2023-02-22T18:04:07Z,180.218126720725,46,100.00019836,0.13554682370021603,0.141340490595692,0.13554544179848402,B
85.76976013,0,2023-02-22T18:04:07Z,180.218126720725,46,100.00019836,0.13554682370021603,0.141340490595692,0.13554544179848402,B
100.00019836,61.2130813599,2023-02-22T18:04:07Z,180.218126720725,46,100.00019836,0.13554682370021603,0.141340490595692,0.13554544179848402,B
116.59166718,0,2023-02-22T18:04:07Z,180.218126720725,46,100.00019836,0.13554682370021603,0.141340490595692,0.13554544179848402,B
135.93591309,0,2023-02-22T18:04:07Z,180.218126720725,46,100.00019836,0.13554682370021603,0.141340490595692,0.13554544179848402,B
158.48962402,0,2023-02-22T18:04:07Z,180.218126720725,46,100.00019836,0.13554682370021603,0.141340490595692,0.13554544179848402,B
184.78533936,0,2023-02-22T18:04:07Z,180.218126720725,46,100.00019836,0.13554682370021603,0.141340490595692,0.13554544179848402,B
215.44389343,0,2023-02-22T18:04:07Z,180.218126720725,46,100.00019836,0.13554682370021603,0.141340490595692,0.13554544179848402,B
251.18913269,0,2023-02-22T18:04:07Z,180.218126720725,46,100.00019836,0.13554682370021603,0.141340490595692,0.13554544179848402,B
292.86502075,0,2023-02-22T18:04:07Z,180.218126720725,46,100.00019836,0.13554682370021603,0.141340490595692,0.13554544179848402,B
341.45556641,0,2023-02-22T18:04:07Z,180.218126720725,46,100.00019836,0.13554682370021603,0.141340490595692,0.13554544179848402,B
398.10794067,0,2023-02-22T18:04:07Z,180.218126720725,46,100.00019836,0.13554682370021603,0.141340490595692,0.13554544179848402,B
464.15979004,0,2023-02-22T18:04:07Z,180.218126720725,46,100.00019836,0.13554682370021603,0.141340490595692,0.13554544179848402,B
541.17059326,0,2023-02-22T18:04:07Z,180.218126720725,46,100.00019836,0.13554682370021603,0.141340490595692,0.13554544179848402,B
630.95855713,0,2023-02-22T18:04:07Z,180.218126720725,46,100.00019836,0.13554682370021603,0.141340490595692,0.13554544179848402,B
735.64367676,0,2023-02-22T18:04:07Z,180.218126720725,46,100.00019836,0.13554682370021603,0.141340490595692,0.13554544179848402,B
857.69757080,0,2023-02-22T18:04:07Z,180.218126720725,46,100.00019836,0.13554682370021603,0.141340490595692,0.13554544179848402,B
1000.00195313,0,2023-02-22T18:04:07Z,180.218126720725,46,100.00019836,0.13554682370021603,0.141340490595692,0.13554544179848402,B
0.10000020,0,2023-02-22T18:04:08Z,152.02234225806387,46,100.00019836,0.13408460721420426,0.15952123321640724,0.1340665800124593,B
0.11659167,0,2023-02-22T18:04:08Z,152.02234225806387,46,100.00019836,0.13408460721420426,0.15952123321640724,0.1340665800124593,B
0.13593590,0,2023-02-22T18:04:08Z,152.02234225806387,46,100.00019836,0.13408460721420426,0.15952123321640724,0.1340665800124593,B
0.15848963,0,2023-02-22T18:04:08Z,152.02234225806387,46,100.00019836,0.13408460721420426,0.15952123321640724,0.1340665800124593,B
0.18478534,0,2023-02-22T18:04:08Z,152.02234225806387,46,100.00019836,0.13408460721420426,0.15952123321640724,0.1340665800124593,B
0.21544389,0,2023-02-22T18:04:08Z,152.02234225806387,46,100.00019836,0.13408460721420426,0.15952123321640724,0.1340665800124593,B
0.25118914,0,2023-02-22T18:04:08Z,152.02234225806387,46,100.00019836,0.13408460721420426,0.15952123321640724,0.1340665800124593,B
0.29286504,0,2023-02-22T18:04:08Z,152.02234225806387,46,100.00019836,0.13408460721420426,0.15952123321640724,0.1340665800124593,B
0.34145555,0,2023-02-22T18:04:08Z,152.02234225806387,46,100.00019836,0.13408460721420426,0.15952123321640724,0.1340665800124593,B
0.39810795,0,2023-02-22T18:04:08Z,152.02234225806387,46,100.00019836,0.13408460721420426,0.15952123321640724,0.1340665800124593,B
0.46415979,0,2023-02-22T18:04:08Z,152.02234225806387,46,100.00019836,0.13408460721420426,0.15952123321640724,0.1340665800124593,B
0.54117060,0,2023-02-22T18:04:08Z,152.02234225806387,46,100.00019836,0.13408460721420426,0.15952123321640724,0.1340665800124593,B
0.63095856,0,2023-02-22T18:04:08Z,152.02234225806387,46,100.00019836,0.13408460721420426,0.15952123321640724,0.1340665800124593,B
0.73564368,0,2023-02-22T18:04:08Z,152.02234225806387,46,100.00019836,0.13408460721420426,0.15952123321640724,0.1340665800124593,B
0.85769761,0,2023-02-22T18:04:08Z,152.02234225806387,46,100.00019836,0.13408460721420426,0.15952123321640724,0.1340665800124593,B
1.00000191,0.00202388316393,2023-02-22T18:04:08Z,152.02234225806387,46,100.00019836,0.13408460721420426,0.15952123321640724,0.1340665800124593,B
1.16591668,1.21277844906,2023-02-22T18:04:08Z,152.02234225806387,46,100.00019836,0.13408460721420426,0.15952123321640724,0.1340665800124593,B
1.35935903,7.99544239044,2023-02-22T18:04:08Z,152.02234225806387,46,100.00019836,0.13408460721420426,0.15952123321640724,0.1340665800124593,B
1.58489633,3.95435357094,2023-02-22T18:04:08Z,152.02234225806387,46,100.00019836,0.13408460721420426,0.15952123321640724,0.1340665800124593,B
1.84785342,0.242059707642,2023-02-22T18:04:08Z,152.02234225806387,46,100.00019836,0.13408460721420426,0.15952123321640724,0.1340665800124593,B
2.15443897,0.00180192326661,2023-02-22T18:04:08Z,152.02234225806387,46,100.00019836,0.13408460721420426,0.15952123321640724,0.1340665800124593,B
2.51189137,7.96907158929e-7,2023-02-22T18:04:08Z,152.02234225806387,46,100.00019836,0.13408460721420426,0.15952123321640724,0.1340665800124593,B
2.92865038,7.25667789747e-13,2023-02-22T18:04:08Z,152.02234225806387,46,100.00019836,0.13408460721420426,0.15952123321640724,0.1340665800124593,B
3.41455555,0,2023-02-22T18:04:08Z,152.02234225806387,46,100.00019836,0.13408460721420426,0.15952123321640724,0.1340665800124593,B
3.98107958,0,2023-02-22T18:04:08Z,152.02234225806387,46,100.00019836,0.13408460721420426,0.15952123321640724,0.1340665800124593,B
4.64159775,0,2023-02-22T18:04:08Z,152.02234225806387,46,100.00019836,0.13408460721420426,0.15952123321640724,0.1340665800124593,B
5.41170597,0.0441880449653,2023-02-22T18:04:08Z,152.02234225806387,46,100.00019836,0.13408460721420426,0.15952123321640724,0.1340665800124593,B
6.30958605,0.280801206827,2023-02-22T18:04:08Z,152.02234225806387,46,100.00019836,0.13408460721420426,0.15952123321640724,0.1340665800124593,B
7.35643721,0.742308616638,2023-02-22T18:04:08Z,152.02234225806387,46,100.00019836,0.13408460721420426,0.15952123321640724,0.1340665800124593,B
8.57697582,1.47636473179,2023-02-22T18:04:08Z,152.02234225806387,46,100.00019836,0.13408460721420426,0.15952123321640724,0.1340665800124593,B
10.00002003,2.47479772568,2023-02-22T18:04:08Z,152.02234225806387,46,100.00019836,0.13408460721420426,0.15952123321640724,0.1340665800124593,B
11.65916729,3.62994599342,2023-02-22T18:04:08Z,152.02234225806387,46,100.00019836,0.13408460721420426,0.15952123321640724,0.1340665800124593,B
13.59359074,4.69634437561,2023-02-22T18:04:08Z,152.02234225806387,46,100.00019836,0.13408460721420426,0.15952123321640724,0.1340665800124593,B
15.84896278,5.29228639603,2023-02-22T18:04:08Z,152.02234225806387,46,100.00019836,0.13408460721420426,0.15952123321640724,0.1340665800124593,B
18.47853470,4.9872546196,2023-02-22T18:04:08Z,152.02234225806387,46,100.00019836,0.13408460721420426,0.15952123321640724,0.1340665800124593,B
21.54438972,3.4944269657100002,2023-02-22T18:04:08Z,152.02234225806387,46,100.00019836,0.13408460721420426,0.15952123321640724,0.1340665800124593,B
25.11891365,0.977694630623,2023-02-22T18:04:08Z,152.02234225806387,46,100.00019836,0.13408460721420426,0.15952123321640724,0.1340665800124593,B
29.28650284,0,2023-02-22T18:04:08Z,152.02234225806387,46,100.00019836,0.13408460721420426,0.15952123321640724,0.1340665800124593,B
34.14555740,0,2023-02-22T18:04:08Z,152.02234225806387,46,100.00019836,0.13408460721420426,0.15952123321640724,0.1340665800124593,B
39.81079483,0,2023-02-22T18:04:08Z,152.02234225806387,46,100.00019836,0.13408460721420426,0.15952123321640724,0.1340665800124593,B
46.41598129,0,2023-02-22T18:04:08Z,152.02234225806387,46,100.00019836,0.13408460721420426,0.15952123321640724,0.1340665800124593,B
54.11705780,0,2023-02-22T18:04:08Z,152.02234225806387,46,100.00019836,0.13408460721420426,0.15952123321640724,0.1340665800124593,B
63.09585953,0,2023-02-22T18:04:08Z,152.02234225806387,46,100.00019836,0.13408460721420426,0.15952123321640724,0.1340665800124593,B
73.56436920,0,2023-02-22T18:04:08Z,152.02234225806387,46,100.00019836,0.13408460721420426,0.15952123321640724,0.1340665800124593,B
85.76976013,0,2023-02-22T18:04:08Z,152.02234225806387,46,100.00019836,0.13408460721420426,0.15952123321640724,0.1340665800124593,B
100.00019836,58.4951286316,2023-02-22T18:04:08Z,152.02234225806387,46,100.00019836,0.13408460721420426,0.15952123321640724,0.1340665800124593,B
116.59166718,0,2023-02-22T18:04:08Z,152.02234225806387,46,100.00019836,0.13408460721420426,0.15952123321640724,0.1340665800124593,B
135.93591309,0,2023-02-22T18:04:08Z,152.02234225806387,46,100.00019836,0.13408460721420426,0.15952123321640724,0.1340665800124593,B
158.48962402,0,2023-02-22T18:04:08Z,152.02234225806387,46,100.00019836,0.13408460721420426,0.15952123321640724,0.1340665800124593,B
184.78533936,0,2023-02-22T18:04:08Z,152.02234225806387,46,100.00019836,0.13408460721420426,0.15952123321640724,0.1340665800124593,B
215.44389343,0,2023-02-22T18:04:08Z,152.02234225806387,46,100.00019836,0.13408460721420426,0.15952123321640724,0.1340665800124593,B
251.18913269,0,2023-02-22T18:04:08Z,152.02234225806387,46,100.00019836,0.13408460721420426,0.15952123321640724,0.1340665800124593,B
292.86502075,0,2023-02-22T18:04:08Z,152.02234225806387,46,100.00019836,0.13408460721420426,0.15952123321640724,0.1340665800124593,B
341.45556641,0,2023-02-22T18:04:08Z,152.02234225806387,46,100.00019836,0.13408460721420426,0.15952123321640724,0.1340665800124593,B
398.10794067,0,2023-02-22T18:04:08Z,152.02234225806387,46,100.00019836,0.13408460721420426,0.15952123321640724,0.1340665800124593,B
464.15979004,0,2023-02-22T18:04:08Z,152.02234225806387,46,100.00019836,0.13408460721420426,0.15952123321640724,0.1340665800124593,B
541.17059326,0,2023-02-22T18:04:08Z,152.02234225806387,46,100.00019836,0.13408460721420426,0.15952123321640724,0.1340665800124593,B
630.95855713,0,2023-02-22T18:04:08Z,152.02234225806387,46,100.00019836,0.13408460721420426,0.15952123321640724,0.1340665800124593,B
735.64367676,0,2023-02-22T18:04:08Z,152.02234225806387,46,100.00019836,0.13408460721420426,0.15952123321640724,0.1340665800124593,B
857.69757080,0,2023-02-22T18:04:08Z,152.02234225806387,46,100.00019836,0.13408460721420426,0.15952123321640724,0.1340665800124593,B
1000.00195313,0,2023-02-22T18:04:08Z,152.02234225806387,46,100.00019836,0.13408460721420426,0.15952123321640724,0.1340665800124593,B
0.10000020,0,2023-02-22T18:04:09Z,179.08435800352777,46,100.00019836,0.13775315989767234,0.15109450456713133,0.13772796476133448,B
0.11659167,0,2023-02-22T18:04:09Z,179.08435800352777,46,100.00019836,0.13775315989767234,0.15109450456713133,0.13772796476133448,B
0.13593590,0,2023-02-22T18:04:09Z,179.08435800352777,46,100.00019836,0.13775315989767234,0.15109450456713133,0.13772796476133448,B
0.15848963,0,2023-02-22T18:04:09Z,179.08435800352777,46,100.00019836,0.13775315989767234,0.15109450456713133,0.13772796476133448,B
0.18478534,0,2023-02-22T18:04:09Z,179.08435800352777,46,100.00019836,0.13775315989767234,0.15109450456713133,0.13772796476133448,B
0.21544389,0,2023-02-22T18:04:09Z,179.08435800352777,46,100.00019836,0.13775315989767234,0.15109450456713133,0.13772796476133448,B
0.25118914,0,2023-02-22T18:04:09Z,179.08435800352777,46,100.00019836,0.13775315989767234,0.15109450456713133,0.13772796476133448,B
0.29286504,0,2023-02-22T18:04:09Z,179.08435800352777,46,100.00019836,0.13775315989767234,0.15109450456713133,0.13772796476133448,B
0.34145555,0,2023-02-22T18:04:09Z,179.08435800352777,46,100.00019836,0.13775315989767234,0.15109450456713133,0.13772796476133448,B
0.39810795,0,2023-02-22T18:04:09Z,179.08435800352777,46,100.00019836,0.13775315989767234,0.15109450456713133,0.13772796476133448,B
0.46415979,0,2023-02-22T18:04:09Z,179.08435800352777,46,100.00019836,0.13775315989767234,0.15109450456713133,0.13772796476133448,B
0.54117060,0,2023-02-22T18:04:09Z,179.08435800352777,46,100.00019836,0.13775315989767234,0.15109450456713133,0.13772796476133448,B
0.63095856,0,2023-02-22T18:04:09Z,179.08435800352777,46,100.00019836,0.13775315989767234,0.15109450456713133,0.13772796476133448,B
0.73564368,0,2023-02-22T18:04:09Z,179.08435800352777,46,100.00019836,0.13775315989767234,0.15109450456713133,0.13772796476133448,B
0.85769761,0,2023-02-22T18:04:09Z,179.08435800352777,46,100.00019836,0.13775315989767234,0.15109450456713133,0.13772796476133448,B
1.00000191,0.00187378551345,2023-02-22T18:04:09Z,179.08435800352777,46,100.00019836,0.13775315989767234,0.15109450456713133,0.13772796476133448,B
1.16591668,1.1583083868,2023-02-22T18:04:09Z,179.08435800352777,46,100.00019836,0.13775315989767234,0.15109450456713133,0.13772796476133448,B
1.35935903,8.03677463531,2023-02-22T18:04:09Z,179.08435800352777,46,100.00019836,0.13775315989767234,0.15109450456713133,0.13772796476133448,B
1.58489633,4.28437232971,2023-02-22T18:04:09Z,179.08435800352777,46,100.00019836,0.13775315989767234,0.15109450456713133,0.13772796476133448,B
1.84785342,0.2914673388,2023-02-22T18:04:09Z,179.08435800352777,46,100.00019836,0.13775315989767234,0.15109450456713133,0.13772796476133448,B
2.15443897,0.00251811300404,2023-02-22T18:04:09Z,179.08435800352777,46,100.00019836,0.13775315989767234,0.15109450456713133,0.13772796476133448,B
2.51189137,1.40062763876e-6,2023-02-22T18:04:09Z,179.08435800352777,46,100.00019836,0.13775315989767234,0.15109450456713133,0.13772796476133448,B
2.92865038,2.10378090816e-12,2023-02-22T18:04:09Z,179.08435800352777,46,100.00019836,0.13775315989767234,0.15109450456713133,0.13772796476133448,B
3.41455555,0,2023-02-22T18:04:09Z,179.08435800352777,46,100.00019836,0.13775315989767234,0.15109450456713133,0.13772796476133448,B
3.98107958,0,2023-02-22T18:04:09Z,179.08435800352777,46,100.00019836,0.13775315989767234,0.15109450456713133,0.13772796476133448,B
4.64159775,0,2023-02-22T18:04:09Z,179.08435800352777,46,100.00019836,0.13775315989767234,0.15109450456713133,0.13772796476133448,B
5.41170597,0,2023-02-22T18:04:09Z,179.08435800352777,46,100.00019836,0.13775315989767234,0.15109450456713133,0.13772796476133448,B
6.30958605,0.0765013769269,2023-02-22T18:04:09Z,179.08435800352777,46,100.00019836,0.13775315989767234,0.15109450456713133,0.13772796476133448,B
7.35643721,0.340955018997,2023-02-22T18:04:09Z,179.08435800352777,46,100.00019836,0.13775315989767234,0.15109450456713133,0.13772796476133448,B
8.57697582,0.916678071022,2023-02-22T18:04:09Z,179.08435800352777,46,100.00019836,0.13775315989767234,0.15109450456713133,0.13772796476133448,B
10.00002003,1.8978151083,2023-02-22T18:04:09Z,179.08435800352777,46,100.00019836,0.13775315989767234,0.15109450456713133,0.13772796476133448,B
11.65916729,3.24542784691,2023-02-22T18:04:09Z,179.08435800352777,46,100.00019836,0.13775315989767234,0.15109450456713133,0.13772796476133448,B
13.59359074,4.66771697998,2023-02-22T18:04:09Z,179.08435800352777,46,100.00019836,0.13775315989767234,0.15109450456713133,0.13772796476133448,B
15.84896278,5.57536649704,2023-02-22T18:04:09Z,179.08435800352777,46,100.00019836,0.13775315989767234,0.15109450456713133,0.13772796476133448,B
18.47853470,5.2612195015,2023-02-22T18:04:09Z,179.08435800352777,46,100.00019836,0.13775315989767234,0.15109450456713133,0.13772796476133448,B
21.54438972,3.38381576538,2023-02-22T18:04:09Z,179.08435800352777,46,100.00019836,0.13775315989767234,0.15109450456713133,0.13772796476133448,B
25.11891365,0.683155119419,2023-02-22T18:04:09Z,179.08435800352777,46,100.00019836,0.13775315989767234,0.15109450456713133,0.13772796476133448,B
29.28650284,0,2023-02-22T18:04:09Z,179.08435800352777,46,100.00019836,0.13775315989767234,0.15109450456713133,0.13772796476133448,B
34.14555740,0,2023-02-22T18:04:09Z,179.08435800352777,46,100.00019836,0.13775315989767234,0.15109450456713133,0.13772796476133448,B
39.81079483,0,2023-02-22T18:04:09Z,179.08435800352777,46,100.00019836,0.13775315989767234,0.15109450456713133,0.13772796476133448,B
46.41598129,0,2023-02-22T18:04:09Z,179.08435800352777,46,100.00019836,0.13775315989767234,0.15109450456713133,0.13772796476133448,B
54.11705780,0,2023-02-22T18:04:09Z,179.08435800352777,46,100.00019836,0.13775315989767234,0.15109450456713133,0.13772796476133448,B
63.09585953,0,2023-02-22T18:04:09Z,179.08435800352777,46,100.00019836,0.13775315989767234,0.15109450456713133,0.13772796476133448,B
73.56436920,0,2023-02-22T18:04:09Z,179.08435800352777,46,100.00019836,0.13775315989767234,0.15109450456713133,0.13772796476133448,B
85.76976013,0,2023-02-22T18:04:09Z,179.08435800352777,46,100.00019836,0.13775315989767234,0.15109450456713133,0.13772796476133448,B
100.00019836,60.17603302,2023-02-22T18:04:09Z,179.08435800352777,46,100.00019836,0.13775315989767234,0.15109450456713133,0.13772796476133448,B
116.59166718,0,2023-02-22T18:04:09Z,179.08435800352777,46,100.00019836,0.13775315989767234,0.15109450456713133,0.13772796476133448,B
135.93591309,0,2023-02-22T18:04:09Z,179.08435800352777,46,100.00019836,0.13775315989767234,0.15109450456713133,0.13772796476133448,B
158.48962402,0,2023-02-22T18:04:09Z,179.08435800352777,46,100.00019836,0.13775315989767234,0.15109450456713133,0.13772796476133448,B
184.78533936,0,2023-02-22T18:04:09Z,179.08435800352777,46,100.00019836,0.13775315989767234,0.15109450456713133,0.13772796476133448,B
215.44389343,0,2023-02-22T18:04:09Z,179.08435800352777,46,100.00019836,0.13775315989767234,0.15109450456713133,0.13772796476133448,B
251.18913269,0,2023-02-22T18:04:09Z,179.08435800352777,46,100.00019836,0.13775315989767234,0.15109450456713133,0.13772796476133448,B
292.86502075,0,2023-02-22T18:04:09Z,179.08435800352777,46,100.00019836,0.13775315989767234,0.15109450456713133,0.13772796476133448,B
341.45556641,0,2023-02-22T18:04:09Z,179.08435800352777,46,100.00019836,0.13775315989767234,0.15109450456713133,0.13772796476133448,B
398.10794067,0,2023-02-22T18:04:09Z,179.08435800352777,46,100.00019836,0.13775315989767234,0.15109450456713133,0.13772796476133448,B
464.15979004,0,2023-02-22T18:04:09Z,179.08435800352777,46,100.00019836,0.13775315989767234,0.15109450456713133,0.13772796476133448,B
541.17059326,0,2023-02-22T18:04:09Z,179.08435800352777,46,100.00019836,0.13775315989767234,0.15109450456713133,0.13772796476133448,B
630.95855713,0,2023-02-22T18:04:09Z,179.08435800352777,46,100.00019836,0.13775315989767234,0.15109450456713133,0.13772796476133448,B
735.64367676,0,2023-02-22T18:04:09Z,179.08435800352777,46,100.00019836,0.13775315989767234,0.15109450456713133,0.13772796476133448,B
857.69757080,0,2023-02-22T18:04:09Z,179.08435800352777,46,100.00019836,0.13775315989767234,0.15109450456713133,0.13772796476133448,B
1000.00195313,0,2023-02-22T18:04:09Z,179.08435800352777,46,100.00019836,0.13775315989767234,0.15109450456713133,0.13772796476133448,B
0.10000020,0,2023-02-22T18:04:10Z,231.48288197005,46,100.00019836,0.13453888956137555,0.13743827402636388,0.1345388883486445,B
0.11659167,0,2023-02-22T18:04:10Z,231.48288197005,46,100.00019836,0.13453888956137555,0.13743827402636388,0.1345388883486445,B
0.13593590,0,2023-02-22T18:04:10Z,231.48288197005,46,100.00019836,0.13453888956137555,0.13743827402636388,0.1345388883486445,B
0.15848963,0,2023-02-22T18:04:10Z,231.48288197005,46,100.00019836,0.13453888956137555,0.13743827402636388,0.1345388883486445,B
0.18478534,0,2023-02-22T18:04:10Z,231.48288197005,46,100.00019836,0.13453888956137555,0.13743827402636388,0.1345388883486445,B
0.21544389,0,2023-02-22T18:04:10Z,231.48288197005,46,100.00019836,0.13453888956137555,0.13743827402636388,0.1345388883486445,B
0.25118914,0,2023-02-22T18:04:10Z,231.48288197005,46,100.00019836,0.13453888956137555,0.13743827402636388,0.1345388883486445,B
0.29286504,0,2023-02-22T18:04:10Z,231.48288197005,46,100.00019836,0.13453888956137555,0.13743827402636388,0.1345388883486445,B
0.34145555,0,2023-02-22T18:04:10Z,231.48288197005,46,100.00019836,0.13453888956137555,0.13743827402636388,0.1345388883486445,B
0.39810795,0,2023-02-22T18:04:10Z,231.48288197005,46,100.00019836,0.13453888956137555,0.13743827402636388,0.1345388883486445,B
0.46415979,0,2023-02-22T18:04:10Z,231.48288197005,46,100.00019836,0.13453888956137555,0.13743827402636388,0.1345388883486445,B
0.54117060,0,2023-02-22T18:04:10Z,231.48288197005,46,100.00019836,0.13453888956137555,0.13743827402636388,0.1345388883486445,B
0.63095856,0,2023-02-22T18:04:10Z,231.48288197005,46,100.00019836,0.13453888956137555,0.13743827402636388,0.1345388883486445,B
0.73564368,0,2023-02-22T18:04:10Z,231.48288197005,46,100.00019836,0.13453888956137555,0.13743827402636388,0.1345388883486445,B
0.85769761,0,2023-02-22T18:04:10Z,231.48288197005,46,100.00019836,0.13453888956137555,0.13743827402636388,0.1345388883486445,B
1.00000191,4.17950701825e-10,2023-02-22T18:04:10Z,231.48288197005,46,100.00019836,0.13453888956137555,0.13743827402636388,0.1345388883486445,B
1.16591668,0.0292717572302,2023-02-22T18:04:10Z,231.48288197005,46,100.00019836,0.13453888956137555,0.13743827402636388,0.1345388883486445,B
1.35935903,9.48899555206,2023-02-22T18:04:10Z,231.48288197005,46,100.00019836,0.13453888956137555,0.13743827402636388,0.1345388883486445,B
1.58489633,3.92641472816,2023-02-22T18:04:10Z,231.48288197005,46,100.00019836,0.13453888956137555,0.13743827402636388,0.1345388883486445,B
1.84785342,0.0092067969963,2023-02-22T18:04:10Z,231.48288197005,46,100.00019836,0.13453888956137555,0.13743827402636388,0.1345388883486445,B
2.15443897,1.21273103559e-7,2023-02-22T18:04:10Z,231.48288197005,46,100.00019836,0.13453888956137555,0.13743827402636388,0.1345388883486445,B
2.51189137,1.19719022666e-15,2023-02-22T18:04:10Z,231.48288197005,46,100.00019836,0.13453888956137555,0.13743827402636388,0.1345388883486445,B
2.92865038,4.57578150196e-31,2023-02-22T18:04:10Z,231.48288197005,46,100.00019836,0.13453888956137555,0.13743827402636388,0.1345388883486445,B
3.41455555,0,2023-02-22T18:04:10Z,231.48288197005,46,100.00019836,0.13453888956137555,0.13743827402636388,0.1345388883486445,B
3.98107958,0,2023-02-22T18:04:10Z,231.48288197005,46,100.00019836,0.13453888956137555,0.13743827402636388,0.1345388883486445,B
4.64159775,0,2023-02-22T18:04:10Z,231.48288197005,46,100.00019836,0.13453888956137555,0.13743827402636388,0.1345388883486445,B
5.41170597,0,2023-02-22T18:04:10Z,231.48288197005,46,100.00019836,0.13453888956137555,0.13743827402636388,0.1345388883486445,B
6.30958605,1.42756771311e-5,2023-02-22T18:04:10Z,231.48288197005,46,100.00019836,0.13453888956137555,0.13743827402636388,0.1345388883486445,B
7.35643721,0.0383445881307,2023-02-22T18:04:10Z,231.48288197005,46,100.00019836,0.13453888956137555,0.13743827402636388,0.1345388883486445,B
8.57697582,0.251579582691,2023-02-22T18:04:10Z,231.48288197005,46,100.00019836,0.13453888956137555,0.13743827402636388,0.1345388883486445,B
10.00002003,0.895115852356,2023-02-22T18:04:10Z,231.48288197005,46,100.00019836,0.13453888956137555,0.13743827402636388,0.1345388883486445,B
11.65916729,2.22955346107,2023-02-22T18:04:10Z,231.48288197005,46,100.00019836,0.13453888956137555,0.13743827402636388,0.1345388883486445,B
13.59359074,4.14084482193,2023-02-22T18:04:10Z,231.48288197005,46,100.00019836,0.13453888956137555,0.13743827402636388,0.1345388883486445,B
15.84896278,5.72016477585,2023-02-22T18:04:10Z,231.48288197005,46,100.00019836,0.13453888956137555,0.13743827402636388,0.1345388883486445,B
18.47853470,5.52071237564,2023-02-22T18:04:10Z,231.48288197005,46,100.00019836,0.13453888956137555,0.13743827402636388,0.1345388883486445,B
21.54438972,2.98545455933,2023-02-22T18:04:10Z,231.48288197005,46,100.00019836,0.13453888956137555,0.13743827402636388,0.1345388883486445,B
25.11891365,0.137172907591,2023-02-22T18:04:10Z,231.48288197005,46,100.00019836,0.13453888956137555,0.13743827402636388,0.1345388883486445,B
29.28650284,0,2023-02-22T18:04:10Z,231.48288197005,46,100.00019836,0.13453888956137555,0.13743827402636388,0.1345388883486445,B
34.14555740,0,2023-02-22T18:04:10Z,231.48288197005,46,100.00019836,0.13453888956137555,0.13743827402636388,0.1345388883486445,B
39.81079483,0,2023-02-22T18:04:10Z,231.48288197005,46,100.00019836,0.13453888956137555,0.13743827402636388,0.1345388883486445,B
46.41598129,0,2023-02-22T18:04:10Z,231.48288197005,46,100.00019836,0.13453888956137555,0.13743827402636388,0.1345388883486445,B
54.11705780,0,2023-02-22T18:04:10Z,231.48288197005,46,100.00019836,0.13453888956137555,0.13743827402636388,0.1345388883486445,B
63.09585953,0,2023-02-22T18:04:10Z,231.48288197005,46,100.00019836,0.13453888956137555,0.13743827402636388,0.1345388883486445,B
73.56436920,0,2023-02-22T18:04:10Z,231.48288197005,46,100.00019836,0.13453888956137555,0.13743827402636388,0.1345388883486445,B
85.76976013,0,2023-02-22T18:04:10Z,231.48288197005,46,100.00019836,0.13453888956137555,0.13743827402636388,0.1345388883486445,B
100.00019836,64.6271514893,2023-02-22T18:04:10Z,231.48288197005,46,100.00019836,0.13453888956137555,0.13743827402636388,0.1345388883486445,B
116.59166718,0,2023-02-22T18:04:10Z,231.48288197005,46,100.00019836,0.13453888956137555,0.13743827402636388,0.1345388883486445,B
135.93591309,0,2023-02-22T18:04:10Z,231.48288197005,46,100.00019836,0.13453888956137555,0.13743827402636388,0.1345388883486445,B
158.48962402,0,2023-02-22T18:04:10Z,231.48288197005,46,100.00019836,0.13453888956137555,0.13743827402636388,0.1345388883486445,B
184.78533936,0,2023-02-22T18:04:10Z,231.48288197005,46,100.00019836,0.13453888956137555,0.13743827402636388,0.1345388883486445,B
215.44389343,0,2023-02-22T18:04:10Z,231.48288197005,46,100.00019836,0.13453888956137555,0.13743827402636388,0.1345388883486445,B
251.18913269,0,2023-02-22T18:04:10Z,231.48288197005,46,100.00019836,0.13453888956137555,0.13743827402636388,0.1345388883486445,B
292.86502075,0,2023-02-22T18:04:10Z,231.48288197005,46,100.00019836,0.13453888956137555,0.13743827402636388,0.1345388883486445,B
341.45556641,0,2023-02-22T18:04:10Z,231.48288197005,46,100.00019836,0.13453888956137555,0.13743827402636388,0.1345388883486445,B
398.10794067,0,2023-02-22T18:04:10Z,231.48288197005,46,100.00019836,0.13453888956137555,0.13743827402636388,0.1345388883486445,B
464.15979004,0,2023-02-22T18:04:10Z,231.48288197005,46,100.00019836,0.13453888956137555,0.13743827402636388,0.1345388883486445,B
541.17059326,0,2023-02-22T18:04:10Z,231.48288197005,46,100.00019836,0.13453888956137555,0.13743827402636388,0.1345388883486445,B
630.95855713,0,2023-02-22T18:04:10Z,231.48288197005,46,100.00019836,0.13453888956137555,0.13743827402636388,0.1345388883486445,B
735.64367676,0,2023-02-22T18:04:10Z,231.48288197005,46,100.00019836,0.13453888956137555,0.13743827402636388,0.1345388883486445,B
857.69757080,0,2023-02-22T18:04:10Z,231.48288197005,46,100.00019836,0.13453888956137555,0.13743827402636388,0.1345388883486445,B
1000.00195313,0,2023-02-22T18:04:10Z,231.48288197005,46,100.00019836,0.13453888956137555,0.13743827402636388,0.1345388883486445,B
0.10000020,0,2023-02-22T18:04:11Z,139.48434321081666,38,29.28650284,0.1520915772828431,0.2066249524864531,0.151467546401572,C
0.11659167,0,2023-02-22T18:04:11Z,139.48434321081666,38,29.28650284,0.1520915772828431,0.2066249524864531,0.151467546401572,C
0.13593590,0,2023-02-22T18:04:11Z,139.48434321081666,38,29.28650284,0.1520915772828431,0.2066249524864531,0.151467546401572,C
0.15848963,0,2023-02-22T18:04:11Z,139.48434321081666,38,29.28650284,0.1520915772828431,0.2066249524864531,0.151467546401572,C
0.18478534,0,2023-02-22T18:04:11Z,139.48434321081666,38,29.28650284,0.1520915772828431,0.2066249524864531,0.151467546401572,C
0.21544389,0,2023-02-22T18:04:11Z,139.48434321081666,38,29.28650284,0.1520915772828431,0.2066249524864531,0.151467546401572,C
0.25118914,0,2023-02-22T18:04:11Z,139.48434321081666,38,29.28650284,0.1520915772828431,0.2066249524864531,0.151467546401572,C
0.29286504,0,2023-02-22T18:04:11Z,139.48434321081666,38,29.28650284,0.1520915772828431,0.2066249524864531,0.151467546401572,C
0.34145555,0,2023-02-22T18:04:11Z,139.48434321081666,38,29.28650284,0.1520915772828431,0.2066249524864531,0.151467546401572,C
0.39810795,0,2023-02-22T18:04:11Z,139.48434321081666,38,29.28650284,0.1520915772828431,0.2066249524864531,0.151467546401572,C
0.46415979,0,2023-02-22T18:04:11Z,139.48434321081666,38,29.28650284,0.1520915772828431,0.2066249524864531,0.151467546401572,C
0.54117060,0,2023-02-22T18:04:11Z,139.48434321081666,38,29.28650284,0.1520915772828431,0.2066249524864531,0.151467546401572,C
0.63095856,0,2023-02-22T18:04:11Z,139.48434321081666,38,29.28650284,0.1520915772828431,0.2066249524864531,0.151467546401572,C
0.73564368,0,2023-02-22T18:04:11Z,139.48434321081666,38,29.28650284,0.1520915772828431,0.2066249524864531,0.151467546401572,C
0.85769761,0,2023-02-22T18:04:11Z,139.48434321081666,38,29.28650284,0.1520915772828431,0.2066249524864531,0.151467546401572,C
1.00000191,0.0109433708712,2023-02-22T18:04:11Z,139.48434321081666,38,29.28650284,0.1520915772828431,0.2066249524864531,0.151467546401572,C
1.16591668,1.95574855804,2023-02-22T18:04:11Z,139.48434321081666,38,29.28650284,0.1520915772828431,0.2066249524864531,0.151467546401572,C
1.35935903,8.3052520752,2023-02-22T18:04:11Z,139.48434321081666,38,29.28650284,0.1520915772828431,0.2066249524864531,0.151467546401572,C
1.58489633,4.41330957413,2023-02-22T18:04:11Z,139.48434321081666,38,29.28650284,0.1520915772828431,0.2066249524864531,0.151467546401572,C
1.84785342,0.461501061916,2023-02-22T18:04:11Z,139.48434321081666,38,29.28650284,0.1520915772828431,0.2066249524864531,0.151467546401572,C
2.15443897,0.00996690709144,2023-02-22T18:04:11Z,139.48434321081666,38,29.28650284,0.1520915772828431,0.2066249524864531,0.151467546401572,C
2.51189137,2.97482129099e-5,2023-02-22T18:04:11Z,139.48434321081666,38,29.28650284,0.1520915772828431,0.2066249524864531,0.151467546401572,C
2.92865038,2.57835863771e-9,2023-02-22T18:04:11Z,139.48434321081666,38,29.28650284,0.1520915772828431,0.2066249524864531,0.151467546401572,C
3.41455555,2.89694935634e-19,2023-02-22T18:04:11Z,139.48434321081666,38,29.28650284,0.1520915772828431,0.2066249524864531,0.151467546401572,C
3.98107958,0,2023-02-22T18:04:11Z,139.48434321081666,38,29.28650284,0.1520915772828431,0.2066249524864531,0.151467546401572,C
4.64159775,0.0524064302444,2023-02-22T18:04:11Z,139.48434321081666,38,29.28650284,0.1520915772828431,0.2066249524864531,0.151467546401572,C
5.41170597,0.356344670057,2023-02-22T18:04:11Z,139.48434321081666,38,29.28650284,0.1520915772828431,0.2066249524864531,0.151467546401572,C
6.30958605,0.903304576874,2023-02-22T18:04:11Z,139.48434321081666,38,29.28650284,0.1520915772828431,0.2066249524864531,0.151467546401572,C
7.35643721,1.65450298786,2023-02-22T18:04:11Z,139.48434321081666,38,29.28650284,0.1520915772828431,0.2066249524864531,0.151467546401572,C
8.57697582,2.53918528557,2023-02-22T18:04:11Z,139.48434321081666,38,29.28650284,0.1520915772828431,0.2066249524864531,0.151467546401572,C
10.00002003,3.4600481987,2023-02-22T18:04:11Z,139.48434321081666,38,29.28650284,0.1520915772828431,0.2066249524864531,0.151467546401572,C
11.65916729,4.29000329971,2023-02-22T18:04:11Z,139.48434321081666,38,29.28650284,0.1520915772828431,0.2066249524864531,0.151467546401572,C
13.59359074,4.87752437592,2023-02-22T18:04:11Z,139.48434321081666,38,29.28650284,0.1520915772828431,0.2066249524864531,0.151467546401572,C
15.84896278,5.06146717072,2023-02-22T18:04:11Z,139.48434321081666,38,29.28650284,0.1520915772828431,0.2066249524864531,0.151467546401572,C
18.47853470,4.71440315247,2023-02-22T18:04:11Z,139.48434321081666,38,29.28650284,0.1520915772828431,0.2066249524864531,0.151467546401572,C
21.54438972,3.81016516685,2023-02-22T18:04:11Z,139.48434321081666,38,29.28650284,0.1520915772828431,0.2066249524864531,0.151467546401572,C
25.11891365,2.50646066666,2023-02-22T18:04:11Z,139.48434321081666,38,29.28650284,0.1520915772828431,0.2066249524864531,0.151467546401572,C
29.28650284,1.18396866322,2023-02-22T18:04:11Z,139.48434321081666,38,29.28650284,0.1520915772828431,0.2066249524864531,0.151467546401572,C
34.14555740,0.346362948418,2023-02-22T18:04:11Z,139.48434321081666,38,29.28650284,0.1520915772828431,0.2066249524864531,0.151467546401572,C
39.81079483,0.348295003176,2023-02-22T18:04:11Z,139.48434321081666,38,29.28650284,0.1520915772828431,0.2066249524864531,0.151467546401572,C
46.41598129,1.62283146381,2023-02-22T18:04:11Z,139.48434321081666,38,29.28650284,0.1520915772828431,0.2066249524864531,0.151467546401572,C
54.11705780,4.64137649536,2023-02-22T18:04:11Z,139.48434321081666,38,29.28650284,0.1520915772828431,0.2066249524864531,0.151467546401572,C
63.09585953,8.89388370514,2023-02-22T18:04:11Z,139.48434321081666,38,29.28650284,0.1520915772828431,0.2066249524864531,0.151467546401572,C
73.56436920,12.5436544418,2023-02-22T18:04:11Z,139.48434321081666,38,29.28650284,0.1520915772828431,0.2066249524864531,0.151467546401572,C
85.76976013,12.9240837097,2023-02-22T18:04:11Z,139.48434321081666,38,29.28650284,0.1520915772828431,0.2066249524864531,0.151467546401572,C
100.00019836,8.11297798157,2023-02-22T18:04:11Z,139.48434321081666,38,29.28650284,0.1520915772828431,0.2066249524864531,0.151467546401572,C
116.59166718,0,2023-02-22T18:04:11Z,139.48434321081666,38,29.28650284,0.1520915772828431,0.2066249524864531,0.151467546401572,C
135.93591309,0,2023-02-22T18:04:11Z,139.48434321081666,38,29.28650284,0.1520915772828431,0.2066249524864531,0.151467546401572,C
158.48962402,0,2023-02-22T18:04:11Z,139.48434321081666,38,29.28650284,0.1520915772828431,0.2066249524864531,0.151467546401572,C
184.78533936,0,2023-02-22T18:04:11Z,139.48434321081666,38,29.28650284,0.1520915772828431,0.2066249524864531,0.151467546401572,C
215.44389343,0,2023-02-22T18:04:11Z,139.48434321081666,38,29.28650284,0.1520915772828431,0.2066249524864531,0.151467546401572,C
251.18913269,0,2023-02-22T18:04:11Z,139.48434321081666,38,29.28650284,0.1520915772828431,0.2066249524864531,0.151467546401572,C
292.86502075,0,2023-02-22T18:04:11Z,139.48434321081666,38,29.28650284,0.1520915772828431,0.2066249524864531,0.151467546401572,C
341.45556641,0,2023-02-22T18:04:11Z,139.48434321081666,38,29.28650284,0.1520915772828431,0.2066249524864531,0.151467546401572,C
398.10794067,0,2023-02-22T18:04:11Z,139.48434321081666,38,29.28650284,0.1520915772828431,0.2066249524864531,0.151467546401572,C
464.15979004,0,2023-02-22T18:04:11Z,139.48434321081666,38,29.28650284,0.1520915772828431,0.2066249524864531,0.151467546401572,C
541.17059326,0,2023-02-22T18:04:11Z,139.48434321081666,38,29.28650284,0.1520915772828431,0.2066249524864531,0.151467546401572,C
630.95855713,0,2023-02-22T18:04:11Z,139.48434321081666,38,29.28650284,0.1520915772828431,0.2066249524864531,0.151467546401572,C
735.64367676,0,2023-02-22T18:04:11Z,139.48434321081666,38,29.28650284,0.1520915772828431,0.2066249524864531,0.151467546401572,C
857.69757080,0,2023-02-22T18:04:11Z,139.48434321081666,38,29.28650284,0.1520915772828431,0.2066249524864531,0.151467546401572,C
1000.00195313,0,2023-02-22T18:04:11Z,139.48434321081666,38,29.28650284,0.1520915772828431,0.2066249524864531,0.151467546401572,C
0.10000020,0,2023-02-22T18:04:12Z,118.26761870910278,37,25.11891365,0.16164179372033638,0.20693644391736632,0.16088894993074,C
0.11659167,0,2023-02-22T18:04:12Z,118.26761870910278,37,25.11891365,0.16164179372033638,0.20693644391736632,0.16088894993074,C
0.13593590,0,2023-02-22T18:04:12Z,118.26761870910278,37,25.11891365,0.16164179372033638,0.20693644391736632,0.16088894993074,C
0.15848963,0,2023-02-22T18:04:12Z,118.26761870910278,37,25.11891365,0.16164179372033638,0.20693644391736632,0.16088894993074,C
0.18478534,0,2023-02-22T18:04:12Z,118.26761870910278,37,25.11891365,0.16164179372033638,0.20693644391736632,0.16088894993074,C
0.21544389,0,2023-02-22T18:04:12Z,118.26761870910278,37,25.11891365,0.16164179372033638,0.20693644391736632,0.16088894993074,C
0.25118914,0,2023-02-22T18:04:12Z,118.26761870910278,37,25.11891365,0.16164179372033638,0.20693644391736632,0.16088894993074,C
0.29286504,0,2023-02-22T18:04:12Z,118.26761870910278,37,25.11891365,0.16164179372033638,0.20693644391736632,0.16088894993074,C
0.34145555,0,2023-02-22T18:04:12Z,118.26761870910278,37,25.11891365,0.16164179372033638,0.20693644391736632,0.16088894993074,C
0.39810795,0,2023-02-22T18:04:12Z,118.26761870910278,37,25.11891365,0.16164179372033638,0.20693644391736632,0.16088894993074,C
0.46415979,0,2023-02-22T18:04:12Z,118.26761870910278,37,25.11891365,0.16164179372033638,0.20693644391736632,0.16088894993074,C
0.54117060,0,2023-02-22T18:04:12Z,118.26761870910278,37,25.11891365,0.16164179372033638,0.20693644391736632,0.16088894993074,C
0.63095856,0,2023-02-22T18:04:12Z,118.26761870910278,37,25.11891365,0.16164179372033638,0.20693644391736632,0.16088894993074,C
0.73564368,0,2023-02-22T18:04:12Z,118.26761870910278,37,25.11891365,0.16164179372033638,0.20693644391736632,0.16088894993074,C
0.85769761,0,2023-02-22T18:04:12Z,118.26761870910278,37,25.11891365,0.16164179372033638,0.20693644391736632,0.16088894993074,C
1.00000191,0.230102211237,2023-02-22T18:04:12Z,118.26761870910278,37,25.11891365,0.16164179372033638,0.20693644391736632,0.16088894993074,C
1.16591668,3.74561953545,2023-02-22T18:04:12Z,118.26761870910278,37,25.11891365,0.16164179372033638,0.20693644391736632,0.16088894993074,C
1.35935903,7.16678953171,2023-02-22T18:04:12Z,118.26761870910278,37,25.11891365,0.16164179372033638,0.20693644391736632,0.16088894993074,C
1.58489633,4.06742334366,2023-02-22T18:04:12Z,118.26761870910278,37,25.11891365,0.16164179372033638,0.20693644391736632,0.16088894993074,C
1.84785342,0.878960371017,2023-02-22T18:04:12Z,118.26761870910278,37,25.11891365,0.16164179372033638,0.20693644391736632,0.16088894993074,C
2.15443897,0.073468208313,2023-02-22T18:04:12Z,118.26761870910278,37,25.11891365,0.16164179372033638,0.20693644391736632,0.16088894993074,C
2.51189137,0.00181198026985,2023-02-22T18:04:12Z,118.26761870910278,37,25.11891365,0.16164179372033638,0.20693644391736632,0.16088894993074,C
2.92865038,4.19037678512e-6,2023-02-22T18:04:12Z,118.26761870910278,37,25.11891365,0.16164179372033638,0.20693644391736632,0.16088894993074,C
3.41455555,0,2023-02-22T18:04:12Z,118.26761870910278,37,25.11891365,0.16164179372033638,0.20693644391736632,0.16088894993074,C
3.98107958,0,2023-02-22T18:04:12Z,118.26761870910278,37,25.11891365,0.16164179372033638,0.20693644391736632,0.16088894993074,C
4.64159775,0,2023-02-22T18:04:12Z,118.26761870910278,37,25.11891365,0.16164179372033638,0.20693644391736632,0.16088894993074,C
5.41170597,0.188891112804,2023-02-22T18:04:12Z,118.26761870910278,37,25.11891365,0.16164179372033638,0.20693644391736632,0.16088894993074,C
6.30958605,0.677912473679,2023-02-22T18:04:12Z,118.26761870910278,37,25.11891365,0.16164179372033638,0.20693644391736632,0.16088894993074,C
7.35643721,1.39155590534,2023-02-22T18:04:12Z,118.26761870910278,37,25.11891365,0.16164179372033638,0.20693644391736632,0.16088894993074,C
8.57697582,2.27110552788,2023-02-22T18:04:12Z,118.26761870910278,37,25.11891365,0.16164179372033638,0.20693644391736632,0.16088894993074,C
10.00002003,3.23275780678,2023-02-22T18:04:12Z,118.26761870910278,37,25.11891365,0.16164179372033638,0.20693644391736632,0.16088894993074,C
11.65916729,4.15523576736,2023-02-22T18:04:12Z,118.26761870910278,37,25.11891365,0.16164179372033638,0.20693644391736632,0.16088894993074,C
13.59359074,4.87971305847,2023-02-22T18:04:12Z,118.26761870910278,37,25.11891365,0.16164179372033638,0.20693644391736632,0.16088894993074,C
15.84896278,5.2200756073,2023-02-22T18:04:12Z,118.26761870910278,37,25.11891365,0.16164179372033638,0.20693644391736632,0.16088894993074,C
18.47853470,5.00929927826,2023-02-22T18:04:12Z,118.26761870910278,37,25.11891365,0.16164179372033638,0.20693644391736632,0.16088894993074,C
21.54438972,4.17824888229,2023-02-22T18:04:12Z,118.26761870910278,37,25.11891365,0.16164179372033638,0.20693644391736632,0.16088894993074,C
25.11891365,2.8559179306,2023-02-22T18:04:12Z,118.26761870910278,37,25.11891365,0.16164179372033638,0.20693644391736632,0.16088894993074,C
29.28650284,1.42639875412,2023-02-22T18:04:12Z,118.26761870910278,37,25.11891365,0.16164179372033638,0.20693644391736632,0.16088894993074,C
34.14555740,0.438968747854,2023-02-22T18:04:12Z,118.26761870910278,37,25.11891365,0.16164179372033638,0.20693644391736632,0.16088894993074,C
39.81079483,0.308928459883,2023-02-22T18:04:12Z,118.26761870910278,37,25.11891365,0.16164179372033638,0.20693644391736632,0.16088894993074,C
46.41598129,1.43694138527,2023-02-22T18:04:12Z,118.26761870910278,37,25.11891365,0.16164179372033638,0.20693644391736632,0.16088894993074,C
54.11705780,4.34045696259,2023-02-22T18:04:12Z,118.26761870910278,37,25.11891365,0.16164179372033638,0.20693644391736632,0.16088894993074,C
63.09585953,8.57527828217,2023-02-22T18:04:12Z,118.26761870910278,37,25.11891365,0.16164179372033638,0.20693644391736632,0.16088894993074,C
73.56436920,12.3126831055,2023-02-22T18:04:12Z,118.26761870910278,37,25.11891365,0.16164179372033638,0.20693644391736632,0.16088894993074,C
85.76976013,12.8278236389,2023-02-22T18:04:12Z,118.26761870910278,37,25.11891365,0.16164179372033638,0.20693644391736632,0.16088894993074,C
100.00019836,8.10761547089,2023-02-22T18:04:12Z,118.26761870910278,37,25.11891365,0.16164179372033638,0.20693644391736632,0.16088894993074,C
116.59166718,0,2023-02-22T18:04:12Z,118.26761870910278,37,25.11891365,0.16164179372033638,0.20693644391736632,0.16088894993074,C
135.93591309,0,2023-02-22T18:04:12Z,118.26761870910278,37,25.11891365,0.16164179372033638,0.20693644391736632,0.16088894993074,C
158.48962402,0,2023-02-22T18:04:12Z,118.26761870910278,37,25.11891365,0.16164179372033638,0.20693644391736632,0.16088894993074,C
184.78533936,0,2023-02-22T18:04:12Z,118.26761870910278,37,25.11891365,0.16164179372033638,0.20693644391736632,0.16088894993074,C
215.44389343,0,2023-02-22T18:04:12Z,118.26761870910278,37,25.11891365,0.16164179372033638,0.20693644391736632,0.16088894993074,C
251.18913269,0,2023-02-22T18:04:12Z,118.26761870910278,37,25.11891365,0.16164179372033638,0.20693644391736632,0.16088894993074,C
292.86502075,0,2023-02-22T18:04:12Z,118.26761870910278,37,25.11891365,0.16164179372033638,0.20693644391736632,0.16088894993074,C
341.45556641,0,2023-02-22T18:04:12Z,118.26761870910278,37,25.11891365,0.16164179372033638,0.20693644391736632,0.16088894993074,C
398.10794067,0,2023-02-22T18:04:12Z,118.26761870910278,37,25.11891365,0.16164179372033638,0.20693644391736632,0.16088894993074,C
464.15979004,0,2023-02-22T18:04:12Z,118.26761870910278,37,25.11891365,0.16164179372033638,0.20693644391736632,0.16088894993074,C
541.17059326,0,2023-02-22T18:04:12Z,118.26761870910278,37,25.11891365,0.16164179372033638,0.20693644391736632,0.16088894993074,C
630.95855713,0,2023-02-22T18:04:12Z,118.26761870910278,37,25.11891365,0.16164179372033638,0.20693644391736632,0.16088894993074,C
735.64367676,0,2023-02-22T18:04:12Z,118.26761870910278,37,25.11891365,0.16164179372033638,0.20693644391736632,0.16088894993074,C
857.69757080,0,2023-02-22T18:04:12Z,118.26761870910278,37,25.11891365,0.16164179372033638,0.20693644391736632,0.16088894993074,C
1000.00195313,0,2023-02-22T18:04:12Z,118.26761870910278,37,25.11891365,0.16164179372033638,0.20693644391736632,0.16088894993074,C
0.10000020,0,2023-02-22T18:04:13Z,157.2119653489972,46,100.00019836,0.11960437301025516,0.12976881177575217,0.11960437301025513,B
0.11659167,0,2023-02-22T18:04:13Z,157.2119653489972,46,100.00019836,0.11960437301025516,0.12976881177575217,0.11960437301025513,B
0.13593590,0,2023-02-22T18:04:13Z,157.2119653489972,46,100.00019836,0.11960437301025516,0.12976881177575217,0.11960437301025513,B
0.15848963,0,2023-02-22T18:04:13Z,157.2119653489972,46,100.00019836,0.11960437301025516,0.12976881177575217,0.11960437301025513,B
0.18478534,0,2023-02-22T18:04:13Z,157.2119653489972,46,100.00019836,0.11960437301025516,0.12976881177575217,0.11960437301025513,B
0.21544389,0,2023-02-22T18:04:13Z,157.2119653489972,46,100.00019836,0.11960437301025516,0.12976881177575217,0.11960437301025513,B
0.25118914,0,2023-02-22T18:04:13Z,157.2119653489972,46,100.00019836,0.11960437301025516,0.12976881177575217,0.11960437301025513,B
0.29286504,0,2023-02-22T18:04:13Z,157.2119653489972,46,100.00019836,0.11960437301025516,0.12976881177575217,0.11960437301025513,B
0.34145555,0,2023-02-22T18:04:13Z,157.2119653489972,46,100.00019836,0.11960437301025516,0.12976881177575217,0.11960437301025513,B
0.39810795,0,2023-02-22T18:04:13Z,157.2119653489972,46,100.00019836,0.11960437301025516,0.12976881177575217,0.11960437301025513,B
0.46415979,0,2023-02-22T18:04:13Z,157.2119653489972,46,100.00019836,0.11960437301025516,0.12976881177575217,0.11960437301025513,B
0.54117060,0,2023-02-22T18:04:13Z,157.2119653489972,46,100.00019836,0.11960437301025516,0.12976881177575217,0.11960437301025513,B
0.63095856,0,2023-02-22T18:04:13Z,157.2119653489972,46,100.00019836,0.11960437301025516,0.12976881177575217,0.11960437301025513,B
0.73564368,0,2023-02-22T18:04:13Z,157.2119653489972,46,100.00019836,0.11960437301025516,0.12976881177575217,0.11960437301025513,B
0.85769761,0,2023-02-22T18:04:13Z,157.2119653489972,46,100.00019836,0.11960437301025516,0.12976881177575217,0.11960437301025513,B
1.00000191,1.61865614245e-8,2023-02-22T18:04:13Z,157.2119653489972,46,100.00019836,0.11960437301025516,0.12976881177575217,0.11960437301025513,B
1.16591668,0.54990029335,2023-02-22T18:04:13Z,157.2119653489972,46,100.00019836,0.11960437301025516,0.12976881177575217,0.11960437301025513,B
1.35935903,11.3443059921,2023-02-22T18:04:13Z,157.2119653489972,46,100.00019836,0.11960437301025516,0.12976881177575217,0.11960437301025513,B
1.58489633,0.0662304982543,2023-02-22T18:04:13Z,157.2119653489972,46,100.00019836,0.11960437301025516,0.12976881177575217,0.11960437301025513,B
1.84785342,5.01134650222e-7,2023-02-22T18:04:13Z,157.2119653489972,46,100.00019836,0.11960437301025516,0.12976881177575217,0.11960437301025513,B
2.15443897,3.57470773631e-15,2023-02-22T18:04:13Z,157.2119653489972,46,100.00019836,0.11960437301025516,0.12976881177575217,0.11960437301025513,B
2.51189137,8.51662206627e-28,2023-02-22T18:04:13Z,157.2119653489972,46,100.00019836,0.11960437301025516,0.12976881177575217,0.11960437301025513,B
2.92865038,0,2023-02-22T18:04:13Z,157.2119653489972,46,100.00019836,0.11960437301025516,0.12976881177575217,0.11960437301025513,B
3.41455555,0,2023-02-22T18:04:13Z,157.2119653489972,46,100.00019836,0.11960437301025516,0.12976881177575217,0.11960437301025513,B
3.98107958,0,2023-02-22T18:04:13Z,157.2119653489972,46,100.00019836,0.11960437301025516,0.12976881177575217,0.11960437301025513,B
4.64159775,0,2023-02-22T18:04:13Z,157.2119653489972,46,100.00019836,0.11960437301025516,0.12976881177575217,0.11960437301025513,B
5.41170597,0,2023-02-22T18:04:13Z,157.2119653489972,46,100.00019836,0.11960437301025516,0.12976881177575217,0.11960437301025513,B
6.30958605,0.0297038387507,2023-02-22T18:04:13Z,157.2119653489972,46,100.00019836,0.11960437301025516,0.12976881177575217,0.11960437301025513,B
7.35643721,0.244216129184,2023-02-22T18:04:13Z,157.2119653489972,46,100.00019836,0.11960437301025516,0.12976881177575217,0.11960437301025513,B
8.57697582,0.742523908615,2023-02-22T18:04:13Z,157.2119653489972,46,100.00019836,0.11960437301025516,0.12976881177575217,0.11960437301025513,B
10.00002003,1.62825942039,2023-02-22T18:04:13Z,157.2119653489972,46,100.00019836,0.11960437301025516,0.12976881177575217,0.11960437301025513,B
11.65916729,2.89292263985,2023-02-22T18:04:13Z,157.2119653489972,46,100.00019836,0.11960437301025516,0.12976881177575217,0.11960437301025513,B
13.59359074,4.28950691223,2023-02-22T18:04:13Z,157.2119653489972,46,100.00019836,0.11960437301025516,0.12976881177575217,0.11960437301025513,B
15.84896278,5.26360177994,2023-02-22T18:04:13Z,157.2119653489972,46,100.00019836,0.11960437301025516,0.12976881177575217,0.11960437301025513,B
18.47853470,5.08528137207,2023-02-22T18:04:13Z,157.2119653489972,46,100.00019836,0.11960437301025516,0.12976881177575217,0.11960437301025513,B
21.54438972,3.27328395844,2023-02-22T18:04:13Z,157.2119653489972,46,100.00019836,0.11960437301025516,0.12976881177575217,0.11960437301025513,B
25.11891365,0.333546489477,2023-02-22T18:04:13Z,157.2119653489972,46,100.00019836,0.11960437301025516,0.12976881177575217,0.11960437301025513,B
29.28650284,0,2023-02-22T18:04:13Z,157.2119653489972,46,100.00019836,0.11960437301025516,0.12976881177575217,0.11960437301025513,B
34.14555740,0,2023-02-22T18:04:13Z,157.2119653489972,46,100.00019836,0.11960437301025516,0.12976881177575217,0.11960437301025513,B
39.81079483,0,2023-02-22T18:04:13Z,157.2119653489972,46,100.00019836,0.11960437301025516,0.12976881177575217,0.11960437301025513,B
46.41598129,0,2023-02-22T18:04:13Z,157.2119653489972,46,100.00019836,0.11960437301025516,0.12976881177575217,0.11960437301025513,B
54.11705780,0,2023-02-22T18:04:13Z,157.2119653489972,46,100.00019836,0.11960437301025516,0.12976881177575217,0.11960437301025513,B
63.09585953,0,2023-02-22T18:04:13Z,157.2119653489972,46,100.00019836,0.11960437301025516,0.12976881177575217,0.11960437301025513,B
73.56436920,0,2023-02-22T18:04:13Z,157.2119653489972,46,100.00019836,0.11960437301025516,0.12976881177575217,0.11960437301025513,B
85.76976013,0,2023-02-22T18:04:13Z,157.2119653489972,46,100.00019836,0.11960437301025516,0.12976881177575217,0.11960437301025513,B
100.00019836,64.2567138672,2023-02-22T18:04:13Z,157.2119653489972,46,100.00019836,0.11960437301025516,0.12976881177575217,0.11960437301025513,B
116.59166718,0,2023-02-22T18:04:13Z,157.2119653489972,46,100.00019836,0.11960437301025516,0.12976881177575217,0.11960437301025513,B
135.93591309,0,2023-02-22T18:04:13Z,157.2119653489972,46,100.00019836,0.11960437301025516,0.12976881177575217,0.11960437301025513,B
158.48962402,0,2023-02-22T18:04:13Z,157.2119653489972,46,100.00019836,0.11960437301025516,0.12976881177575217,0.11960437301025513,B
184.78533936,0,2023-02-22T18:04:13Z,157.2119653489972,46,100.00019836,0.11960437301025516,0.12976881177575217,0.11960437301025513,B
215.44389343,0,2023-02-22T18:04:13Z,157.2119653489972,46,100.00019836,0.11960437301025516,0.12976881177575217,0.11960437301025513,B
251.18913269,0,2023-02-22T18:04:13Z,157.2119653489972,46,100.00019836,0.11960437301025516,0.12976881177575217,0.11960437301025513,B
292.86502075,0,2023-02-22T18:04:13Z,157.2119653489972,46,100.00019836,0.11960437301025516,0.12976881177575217,0.11960437301025513,B
341.45556641,0,2023-02-22T18:04:13Z,157.2119653489972,46,100.00019836,0.11960437301025516,0.12976881177575217,0.11960437301025513,B
398.10794067,0,2023-02-22T18:04:13Z,157.2119653489972,46,100.00019836,0.11960437301025516,0.12976881177575217,0.11960437301025513,B
464.15979004,0,2023-02-22T18:04:13Z,157.2119653489972,46,100.00019836,0.11960437301025516,0.12976881177575217,0.11960437301025513,B
541.17059326,0,2023-02-22T18:04:13Z,157.2119653489972,46,100.00019836,0.11960437301025516,0.12976881177575217,0.11960437301025513,B
630.95855713,0,2023-02-22T18:04:13Z,157.2119653489972,46,100.00019836,0.11960437301025516,0.12976881177575217,0.11960437301025513,B
735.64367676,0,2023-02-22T18:04:13Z,157.2119653489972,46,100.00019836,0.11960437301025516,0.12976881177575217,0.11960437301025513,B
857.69757080,0,2023-02-22T18:04:13Z,157.2119653489972,46,100.00019836,0.11960437301025516,0.12976881177575217,0.11960437301025513,B
1000.00195313,0,2023-02-22T18:04:13Z,157.2119653489972,46,100.00019836,0.11960437301025516,0.12976881177575217,0.11960437301025513,B
0.10000020,0,2023-02-22T18:04:14Z,169.8634868198111,46,100.00019836,0.11810401460878926,0.134297447165285,0.11810401387099842,B
0.11659167,0,2023-02-22T18:04:14Z,169.8634868198111,46,100.00019836,0.11810401460878926,0.134297447165285,0.11810401387099842,B
0.13593590,0,2023-02-22T18:04:14Z,169.8634868198111,46,100.00019836,0.11810401460878926,0.134297447165285,0.11810401387099842,B
0.15848963,0,2023-02-22T18:04:14Z,169.8634868198111,46,100.00019836,0.11810401460878926,0.134297447165285,0.11810401387099842,B
0.18478534,0,2023-02-22T18:04:14Z,169.8634868198111,46,100.00019836,0.11810401460878926,0.134297447165285,0.11810401387099842,B
0.21544389,0,2023-02-22T18:04:14Z,169.8634868198111,46,100.00019836,0.11810401460878926,0.134297447165285,0.11810401387099842,B
0.25118914,0,2023-02-22T18:04:14Z,169.8634868198111,46,100.00019836,0.11810401460878926,0.134297447165285,0.11810401387099842,B
0.29286504,0,2023-02-22T18:04:14Z,169.8634868198111,46,100.00019836,0.11810401460878926,0.134297447165285,0.11810401387099842,B
0.34145555,0,2023-02-22T18:04:14Z,169.8634868198111,46,100.00019836,0.11810401460878926,0.134297447165285,0.11810401387099842,B
0.39810795,0,2023-02-22T18:04:14Z,169.8634868198111,46,100.00019836,0.11810401460878926,0.134297447165285,0.11810401387099842,B
0.46415979,0,2023-02-22T18:04:14Z,169.8634868198111,46,100.00019836,0.11810401460878926,0.134297447165285,0.11810401387099842,B
0.54117060,0,2023-02-22T18:04:14Z,169.8634868198111,46,100.00019836,0.11810401460878926,0.134297447165285,0.11810401387099842,B
0.63095856,0,2023-02-22T18:04:14Z,169.8634868198111,46,100.00019836,0.11810401460878926,0.134297447165285,0.11810401387099842,B
0.73564368,0,2023-02-22T18:04:14Z,169.8634868198111,46,100.00019836,0.11810401460878926,0.134297447165285,0.11810401387099842,B
0.85769761,0,2023-02-22T18:04:14Z,169.8634868198111,46,100.00019836,0.11810401460878926,0.134297447165285,0.11810401387099842,B
1.00000191,5.18022513774e-10,2023-02-22T18:04:14Z,169.8634868198111,46,100.00019836,0.11810401460878926,0.134297447165285,0.11810401387099842,B
1.16591668,0.0245781727135,2023-02-22T18:04:14Z,169.8634868198111,46,100.00019836,0.11810401460878926,0.134297447165285,0.11810401387099842,B
1.35935903,8.35062885284,2023-02-22T18:04:14Z,169.8634868198111,46,100.00019836,0.11810401460878926,0.134297447165285,0.11810401387099842,B
1.58489633,3.4283425808,2023-02-22T18:04:14Z,169.8634868198111,46,100.00019836,0.11810401460878926,0.134297447165285,0.11810401387099842,B
1.84785342,0.00685178022832,2023-02-22T18:04:14Z,169.8634868198111,46,100.00019836,0.11810401460878926,0.134297447165285,0.11810401387099842,B
2.15443897,7.37790841754e-8,2023-02-22T18:04:14Z,169.8634868198111,46,100.00019836,0.11810401460878926,0.134297447165285,0.11810401387099842,B
2.51189137,1.05905090555e-15,2023-02-22T18:04:14Z,169.8634868198111,46,100.00019836,0.11810401460878926,0.134297447165285,0.11810401387099842,B
2.92865038,5.50595023819e-29,2023-02-22T18:04:14Z,169.8634868198111,46,100.00019836,0.11810401460878926,0.134297447165285,0.11810401387099842,B
3.41455555,0,2023-02-22T18:04:14Z,169.8634868198111,46,100.00019836,0.11810401460878926,0.134297447165285,0.11810401387099842,B
3.98107958,0,2023-02-22T18:04:14Z,169.8634868198111,46,100.00019836,0.11810401460878926,0.134297447165285,0.11810401387099842,B
4.64159775,0,2023-02-22T18:04:14Z,169.8634868198111,46,100.00019836,0.11810401460878926,0.134297447165285,0.11810401387099842,B
5.41170597,0.00372848380357,2023-02-22T18:04:14Z,169.8634868198111,46,100.00019836,0.11810401460878926,0.134297447165285,0.11810401387099842,B
6.30958605,0.123209089041,2023-02-22T18:04:14Z,169.8634868198111,46,100.00019836,0.11810401460878926,0.134297447165285,0.11810401387099842,B
7.35643721,0.440474539995,2023-02-22T18:04:14Z,169.8634868198111,46,100.00019836,0.11810401460878926,0.134297447165285,0.11810401387099842,B
8.57697582,1.05193114281,2023-02-22T18:04:14Z,169.8634868198111,46,100.00019836,0.11810401460878926,0.134297447165285,0.11810401387099842,B
10.00002003,2.02334952354,2023-02-22T18:04:14Z,169.8634868198111,46,100.00019836,0.11810401460878926,0.134297447165285,0.11810401387099842,B
11.65916729,3.32019209862,2023-02-22T18:04:14Z,169.8634868198111,46,100.00019836,0.11810401460878926,0.134297447165285,0.11810401387099842,B
13.59359074,4.72302293777,2023-02-22T18:04:14Z,169.8634868198111,46,100.00019836,0.11810401460878926,0.134297447165285,0.11810401387099842,B
15.84896278,5.7812371254,2023-02-22T18:04:14Z,169.8634868198111,46,100.00019836,0.11810401460878926,0.134297447165285,0.11810401387099842,B
18.47853470,5.89607191086,2023-02-22T18:04:14Z,169.8634868198111,46,100.00019836,0.11810401460878926,0.134297447165285,0.11810401387099842,B
21.54438972,4.6008300781299996,2023-02-22T18:04:14Z,169.8634868198111,46,100.00019836,0.11810401460878926,0.134297447165285,0.11810401387099842,B
25.11891365,2.05002903938,2023-02-22T18:04:14Z,169.8634868198111,46,100.00019836,0.11810401460878926,0.134297447165285,0.11810401387099842,B
29.28650284,0,2023-02-22T18:04:14Z,169.8634868198111,46,100.00019836,0.11810401460878926,0.134297447165285,0.11810401387099842,B
34.14555740,0,2023-02-22T18:04:14Z,169.8634868198111,46,100.00019836,0.11810401460878926,0.134297447165285,0.11810401387099842,B
39.81079483,0,2023-02-22T18:04:14Z,169.8634868198111,46,100.00019836,0.11810401460878926,0.134297447165285,0.11810401387099842,B
46.41598129,0,2023-02-22T18:04:14Z,169.8634868198111,46,100.00019836,0.11810401460878926,0.134297447165285,0.11810401387099842,B
54.11705780,0,2023-02-22T18:04:14Z,169.8634868198111,46,100.00019836,0.11810401460878926,0.134297447165285,0.11810401387099842,B
63.09585953,0,2023-02-22T18:04:14Z,169.8634868198111,46,100.00019836,0.11810401460878926,0.134297447165285,0.11810401387099842,B
73.56436920,0,2023-02-22T18:04:14Z,169.8634868198111,46,100.00019836,0.11810401460878926,0.134297447165285,0.11810401387099842,B
85.76976013,0,2023-02-22T18:04:14Z,169.8634868198111,46,100.00019836,0.11810401460878926,0.134297447165285,0.11810401387099842,B
100.00019836,58.1755218506,2023-02-22T18:04:14Z,169.8634868198111,46,100.00019836,0.11810401460878926,0.134297447165285,0.11810401387099842,B
116.59166718,0,2023-02-22T18:04:14Z,169.8634868198111,46,100.00019836,0.11810401460878926,0.134297447165285,0.11810401387099842,B
135.93591309,0,2023-02-22T18:04:14Z,169.8634868198111,46,100.00019836,0.11810401460878926,0.134297447165285,0.11810401387099842,B
158.48962402,0,2023-02-22T18:04:14Z,169.8634868198111,46,100.00019836,0.11810401460878926,0.134297447165285,0.11810401387099842,B
184.78533936,0,2023-02-22T18:04:14Z,169.8634868198111,46,100.00019836,0.11810401460878926,0.134297447165285,0.11810401387099842,B
215.44389343,0,2023-02-22T18:04:14Z,169.8634868198111,46,100.00019836,0.11810401460878926,0.134297447165285,0.11810401387099842,B
251.18913269,0,2023-02-22T18:04:14Z,169.8634868198111,46,100.00019836,0.11810401460878926,0.134297447165285,0.11810401387099842,B
292.86502075,0,2023-02-22T18:04:14Z,169.8634868198111,46,100.00019836,0.11810401460878926,0.134297447165285,0.11810401387099842,B
341.45556641,0,2023-02-22T18:04:14Z,169.8634868198111,46,100.00019836,0.11810401460878926,0.134297447165285,0.11810401387099842,B
398.10794067,0,2023-02-22T18:04:14Z,169.8634868198111,46,100.00019836,0.11810401460878926,0.134297447165285,0.11810401387099842,B
464.15979004,0,2023-02-22T18:04:14Z,169.8634868198111,46,100.00019836,0.11810401460878926,0.134297447165285,0.11810401387099842,B
541.17059326,0,2023-02-22T18:04:14Z,169.8634868198111,46,100.00019836,0.11810401460878926,0.134297447165285,0.11810401387099842,B
630.95855713,0,2023-02-22T18:04:14Z,169.8634868198111,46,100.00019836,0.11810401460878926,0.134297447165285,0.11810401387099842,B
735.64367676,0,2023-02-22T18:04:14Z,169.8634868198111,46,100.00019836,0.11810401460878926,0.134297447165285,0.11810401387099842,B
857.69757080,0,2023-02-22T18:04:14Z,169.8634868198111,46,100.00019836,0.11810401460878926,0.134297447165285,0.11810401387099842,B
1000.00195313,0,2023-02-22T18:04:14Z,169.8634868198111,46,100.00019836,0.11810401460878926,0.134297447165285,0.11810401387099842,B
0.10000020,0,2023-02-22T18:04:15Z,127.9615950054389,46,100.00019836,0.15119439975903318,0.165329560360905,0.1509543842403521,C
0.11659167,0,2023-02-22T18:04:15Z,127.9615950054389,46,100.00019836,0.15119439975903318,0.165329560360905,0.1509543842403521,C
0.13593590,0,2023-02-22T18:04:15Z,127.9615950054389,46,100.00019836,0.15119439975903318,0.165329560360905,0.1509543842403521,C
0.15848963,0,2023-02-22T18:04:15Z,127.9615950054389,46,100.00019836,0.15119439975903318,0.165329560360905,0.1509543842403521,C
0.18478534,0,2023-02-22T18:04:15Z,127.9615950054389,46,100.00019836,0.15119439975903318,0.165329560360905,0.1509543842403521,C
0.21544389,0,2023-02-22T18:04:15Z,127.9615950054389,46,100.00019836,0.15119439975903318,0.165329560360905,0.1509543842403521,C
0.25118914,0,2023-02-22T18:04:15Z,127.9615950054389,46,100.00019836,0.15119439975903318,0.165329560360905,0.1509543842403521,C
0.29286504,0,2023-02-22T18:04:15Z,127.9615950054389,46,100.00019836,0.15119439975903318,0.165329560360905,0.1509543842403521,C
0.34145555,0,2023-02-22T18:04:15Z,127.9615950054389,46,100.00019836,0.15119439975903318,0.165329560360905,0.1509543842403521,C
0.39810795,0,2023-02-22T18:04:15Z,127.9615950054389,46,100.00019836,0.15119439975903318,0.165329560360905,0.1509543842403521,C
0.46415979,0,2023-02-22T18:04:15Z,127.9615950054389,46,100.00019836,0.15119439975903318,0.165329560360905,0.1509543842403521,C
0.54117060,0,2023-02-22T18:04:15Z,127.9615950054389,46,100.00019836,0.15119439975903318,0.165329560360905,0.1509543842403521,C
0.63095856,0,2023-02-22T18:04:15Z,127.9615950054389,46,100.00019836,0.15119439975903318,0.165329560360905,0.1509543842403521,C
0.73564368,0,2023-02-22T18:04:15Z,127.9615950054389,46,100.00019836,0.15119439975903318,0.165329560360905,0.1509543842403521,C
0.85769761,0,2023-02-22T18:04:15Z,127.9615950054389,46,100.00019836,0.15119439975903318,0.165329560360905,0.1509543842403521,C
1.00000191,0.00114107457921,2023-02-22T18:04:15Z,127.9615950054389,46,100.00019836,0.15119439975903318,0.165329560360905,0.1509543842403521,C
1.16591668,0.74349039793,2023-02-22T18:04:15Z,127.9615950054389,46,100.00019836,0.15119439975903318,0.165329560360905,0.1509543842403521,C
1.35935903,6.97131299973,2023-02-22T18:04:15Z,127.9615950054389,46,100.00019836,0.15119439975903318,0.165329560360905,0.1509543842403521,C
1.58489633,6.41450357437,2023-02-22T18:04:15Z,127.9615950054389,46,100.00019836,0.15119439975903318,0.165329560360905,0.1509543842403521,C
1.84785342,0.964990377426,2023-02-22T18:04:15Z,127.9615950054389,46,100.00019836,0.15119439975903318,0.165329560360905,0.1509543842403521,C
2.15443897,0.0239498019218,2023-02-22T18:04:15Z,127.9615950054389,46,100.00019836,0.15119439975903318,0.165329560360905,0.1509543842403521,C
2.51189137,5.17494408996e-5,2023-02-22T18:04:15Z,127.9615950054389,46,100.00019836,0.15119439975903318,0.165329560360905,0.1509543842403521,C
2.92865038,5.05408492835e-10,2023-02-22T18:04:15Z,127.9615950054389,46,100.00019836,0.15119439975903318,0.165329560360905,0.1509543842403521,C
3.41455555,0,2023-02-22T18:04:15Z,127.9615950054389,46,100.00019836,0.15119439975903318,0.165329560360905,0.1509543842403521,C
3.98107958,0,2023-02-22T18:04:15Z,127.9615950054389,46,100.00019836,0.15119439975903318,0.165329560360905,0.1509543842403521,C
4.64159775,0,2023-02-22T18:04:15Z,127.9615950054389,46,100.00019836,0.15119439975903318,0.165329560360905,0.1509543842403521,C
5.41170597,3.45901324181e-4,2023-02-22T18:04:15Z,127.9615950054389,46,100.00019836,0.15119439975903318,0.165329560360905,0.1509543842403521,C
6.30958605,0.099665760994,2023-02-22T18:04:15Z,127.9615950054389,46,100.00019836,0.15119439975903318,0.165329560360905,0.1509543842403521,C
7.35643721,0.379210174084,2023-02-22T18:04:15Z,127.9615950054389,46,100.00019836,0.15119439975903318,0.165329560360905,0.1509543842403521,C
8.57697582,0.934294223785,2023-02-22T18:04:15Z,127.9615950054389,46,100.00019836,0.15119439975903318,0.165329560360905,0.1509543842403521,C
10.00002003,1.83861446381,2023-02-22T18:04:15Z,127.9615950054389,46,100.00019836,0.15119439975903318,0.165329560360905,0.1509543842403521,C
11.65916729,3.07351398468,2023-02-22T18:04:15Z,127.9615950054389,46,100.00019836,0.15119439975903318,0.165329560360905,0.1509543842403521,C
13.59359074,4.43677997589,2023-02-22T18:04:15Z,127.9615950054389,46,100.00019836,0.15119439975903318,0.165329560360905,0.1509543842403521,C
15.84896278,5.47604990005,2023-02-22T18:04:15Z,127.9615950054389,46,100.00019836,0.15119439975903318,0.165329560360905,0.1509543842403521,C
18.47853470,5.54919624329,2023-02-22T18:04:15Z,127.9615950054389,46,100.00019836,0.15119439975903318,0.165329560360905,0.1509543842403521,C
21.54438972,4.11747217178,2023-02-22T18:04:15Z,127.9615950054389,46,100.00019836,0.15119439975903318,0.165329560360905,0.1509543842403521,C
25.11891365,1.35437941551,2023-02-22T18:04:15Z,127.9615950054389,46,100.00019836,0.15119439975903318,0.165329560360905,0.1509543842403521,C
29.28650284,0,2023-02-22T18:04:15Z,127.9615950054389,46,100.00019836,0.15119439975903318,0.165329560360905,0.1509543842403521,C
34.14555740,0,2023-02-22T18:04:15Z,127.9615950054389,46,100.00019836,0.15119439975903318,0.165329560360905,0.1509543842403521,C
39.81079483,0,2023-02-22T18:04:15Z,127.9615950054389,46,100.00019836,0.15119439975903318,0.165329560360905,0.1509543842403521,C
46.41598129,0,2023-02-22T18:04:15Z,127.9615950054389,46,100.00019836,0.15119439975903318,0.165329560360905,0.1509543842403521,C
54.11705780,0,2023-02-22T18:04:15Z,127.9615950054389,46,100.00019836,0.15119439975903318,0.165329560360905,0.1509543842403521,C
63.09585953,0,2023-02-22T18:04:15Z,127.9615950054389,46,100.00019836,0.15119439975903318,0.165329560360905,0.1509543842403521,C
73.56436920,0,2023-02-22T18:04:15Z,127.9615950054389,46,100.00019836,0.15119439975903318,0.165329560360905,0.1509543842403521,C
85.76976013,0,2023-02-22T18:04:15Z,127.9615950054389,46,100.00019836,0.15119439975903318,0.165329560360905,0.1509543842403521,C
100.00019836,57.6210365295,2023-02-22T18:04:15Z,127.9615950054389,46,100.00019836,0.15119439975903318,0.165329560360905,0.1509543842403521,C
116.59166718,0,2023-02-22T18:04:15Z,127.9615950054389,46,100.00019836,0.15119439975903318,0.165329560360905,0.1509543842403521,C
135.93591309,0,2023-02-22T18:04:15Z,127.9615950054389,46,100.00019836,0.15119439975903318,0.165329560360905,0.1509543842403521,C
158.48962402,0,2023-02-22T18:04:15Z,127.9615950054389,46,100.00019836,0.15119439975903318,0.165329560360905,0.1509543842403521,C
184.78533936,0,2023-02-22T18:04:15Z,127.9615950054389,46,100.00019836,0.15119439975903318,0.165329560360905,0.1509543842403521,C
215.44389343,0,2023-02-22T18:04:15Z,127.9615950054389,46,100.00019836,0.15119439975903318,0.165329560360905,0.1509543842403521,C
251.18913269,0,2023-02-22T18:04:15Z,127.9615950054389,46,100.00019836,0.15119439975903318,0.165329560360905,0.1509543842403521,C
292.86502075,0,2023-02-22T18:04:15Z,127.9615950054389,46,100.00019836,0.15119439975903318,0.165329560360905,0.1509543842403521,C
341.45556641,0,2023-02-22T18:04:15Z,127.9615950054389,46,100.00019836,0.15119439975903318,0.165329560360905,0.1509543842403521,C
398.10794067,0,2023-02-22T18:04:15Z,127.9615950054389,46,100.00019836,0.15119439975903318,0.165329560360905,0.1509543842403521,C
464.15979004,0,2023-02-22T18:04:15Z,127.9615950054389,46,100.00019836,0.15119439975903318,0.165329560360905,0.1509543842403521,C
541.17059326,0,2023-02-22T18:04:15Z,127.9615950054389,46,100.00019836,0.15119439975903318,0.165329560360905,0.1509543842403521,C
630.95855713,0,2023-02-22T18:04:15Z,127.9615950054389,46,100.00019836,0.15119439975903318,0.165329560360905,0.1509543842403521,C
735.64367676,0,2023-02-22T18:04:15Z,127.9615950054389,46,100.00019836,0.15119439975903318,0.165329560360905,0.1509543842403521,C
857.69757080,0,2023-02-22T18:04:15Z,127.9615950054389,46,100.00019836,0.15119439975903318,0.165329560360905,0.1509543842403521,C
1000.00195313,0,2023-02-22T18:04:15Z,127.9615950054389,46,100.00019836,0.15119439975903318,0.165329560360905,0.1509543842403521,C
0.10000020,0,2023-02-22T18:04:16Z,194.01256285766945,46,100.00019836,0.12240569016048745,0.16386433487846744,0.1223967229295579,B
0.11659167,0,2023-02-22T18:04:16Z,194.01256285766945,46,100.00019836,0.12240569016048745,0.16386433487846744,0.1223967229295579,B
0.13593590,0,2023-02-22T18:04:16Z,194.01256285766945,46,100.00019836,0.12240569016048745,0.16386433487846744,0.1223967229295579,B
0.15848963,0,2023-02-22T18:04:16Z,194.01256285766945,46,100.00019836,0.12240569016048745,0.16386433487846744,0.1223967229295579,B
0.18478534,0,2023-02-22T18:04:16Z,194.01256285766945,46,100.00019836,0.12240569016048745,0.16386433487846744,0.1223967229295579,B
0.21544389,0,2023-02-22T18:04:16Z,194.01256285766945,46,100.00019836,0.12240569016048745,0.16386433487846744,0.1223967229295579,B
0.25118914,0,2023-02-22T18:04:16Z,194.01256285766945,46,100.00019836,0.12240569016048745,0.16386433487846744,0.1223967229295579,B
0.29286504,0,2023-02-22T18:04:16Z,194.01256285766945,46,100.00019836,0.12240569016048745,0.16386433487846744,0.1223967229295579,B
0.34145555,0,2023-02-22T18:04:16Z,194.01256285766945,46,100.00019836,0.12240569016048745,0.16386433487846744,0.1223967229295579,B
0.39810795,0,2023-02-22T18:04:16Z,194.01256285766945,46,100.00019836,0.12240569016048745,0.16386433487846744,0.1223967229295579,B
0.46415979,0,2023-02-22T18:04:16Z,194.01256285766945,46,100.00019836,0.12240569016048745,0.16386433487846744,0.1223967229295579,B
0.54117060,0,2023-02-22T18:04:16Z,194.01256285766945,46,100.00019836,0.12240569016048745,0.16386433487846744,0.1223967229295579,B
0.63095856,0,2023-02-22T18:04:16Z,194.01256285766945,46,100.00019836,0.12240569016048745,0.16386433487846744,0.1223967229295579,B
0.73564368,0,2023-02-22T18:04:16Z,194.01256285766945,46,100.00019836,0.12240569016048745,0.16386433487846744,0.1223967229295579,B
0.85769761,0,2023-02-22T18:04:16Z,194.01256285766945,46,100.00019836,0.12240569016048745,0.16386433487846744,0.1223967229295579,B
1.00000191,0.00598142016679,2023-02-22T18:04:16Z,194.01256285766945,46,100.00019836,0.12240569016048745,0.16386433487846744,0.1223967229295579,B
1.16591668,1.91022992134,2023-02-22T18:04:16Z,194.01256285766945,46,100.00019836,0.12240569016048745,0.16386433487846744,0.1223967229295579,B
1.35935903,7.61289072037,2023-02-22T18:04:16Z,194.01256285766945,46,100.00019836,0.12240569016048745,0.16386433487846744,0.1223967229295579,B
1.58489633,2.58529472351,2023-02-22T18:04:16Z,194.01256285766945,46,100.00019836,0.12240569016048745,0.16386433487846744,0.1223967229295579,B
1.84785342,0.125275507569,2023-02-22T18:04:16Z,194.01256285766945,46,100.00019836,0.12240569016048745,0.16386433487846744,0.1223967229295579,B
2.15443897,8.96157871466e-4,2023-02-22T18:04:16Z,194.01256285766945,46,100.00019836,0.12240569016048745,0.16386433487846744,0.1223967229295579,B
2.51189137,5.65217533222e-7,2023-02-22T18:04:16Z,194.01256285766945,46,100.00019836,0.12240569016048745,0.16386433487846744,0.1223967229295579,B
2.92865038,3.95521072491e-12,2023-02-22T18:04:16Z,194.01256285766945,46,100.00019836,0.12240569016048745,0.16386433487846744,0.1223967229295579,B
3.41455555,9.71449396544e-32,2023-02-22T18:04:16Z,194.01256285766945,46,100.00019836,0.12240569016048745,0.16386433487846744,0.1223967229295579,B
3.98107958,0,2023-02-22T18:04:16Z,194.01256285766945,46,100.00019836,0.12240569016048745,0.16386433487846744,0.1223967229295579,B
4.64159775,0,2023-02-22T18:04:16Z,194.01256285766945,46,100.00019836,0.12240569016048745,0.16386433487846744,0.1223967229295579,B
5.41170597,0.182267829776,2023-02-22T18:04:16Z,194.01256285766945,46,100.00019836,0.12240569016048745,0.16386433487846744,0.1223967229295579,B
6.30958605,0.589303910732,2023-02-22T18:04:16Z,194.01256285766945,46,100.00019836,0.12240569016048745,0.16386433487846744,0.1223967229295579,B
7.35643721,1.24427354336,2023-02-22T18:04:16Z,194.01256285766945,46,100.00019836,0.12240569016048745,0.16386433487846744,0.1223967229295579,B
8.57697582,2.13001918793,2023-02-22T18:04:16Z,194.01256285766945,46,100.00019836,0.12240569016048745,0.16386433487846744,0.1223967229295579,B
10.00002003,3.15445017815,2023-02-22T18:04:16Z,194.01256285766945,46,100.00019836,0.12240569016048745,0.16386433487846744,0.1223967229295579,B
11.65916729,4.13568162918,2023-02-22T18:04:16Z,194.01256285766945,46,100.00019836,0.12240569016048745,0.16386433487846744,0.1223967229295579,B
13.59359074,4.80483865738,2023-02-22T18:04:16Z,194.01256285766945,46,100.00019836,0.12240569016048745,0.16386433487846744,0.1223967229295579,B
15.84896278,4.85461044312,2023-02-22T18:04:16Z,194.01256285766945,46,100.00019836,0.12240569016048745,0.16386433487846744,0.1223967229295579,B
18.47853470,4.04491519928,2023-02-22T18:04:16Z,194.01256285766945,46,100.00019836,0.12240569016048745,0.16386433487846744,0.1223967229295579,B
21.54438972,2.34193468094,2023-02-22T18:04:16Z,194.01256285766945,46,100.00019836,0.12240569016048745,0.16386433487846744,0.1223967229295579,B
25.11891365,0.0581489279866,2023-02-22T18:04:16Z,194.01256285766945,46,100.00019836,0.12240569016048745,0.16386433487846744,0.1223967229295579,B
29.28650284,0,2023-02-22T18:04:16Z,194.01256285766945,46,100.00019836,0.12240569016048745,0.16386433487846744,0.1223967229295579,B
34.14555740,0,2023-02-22T18:04:16Z,194.01256285766945,46,100.00019836,0.12240569016048745,0.16386433487846744,0.1223967229295579,B
39.81079483,0,2023-02-22T18:04:16Z,194.01256285766945,46,100.00019836,0.12240569016048745,0.16386433487846744,0.1223967229295579,B
46.41598129,0,2023-02-22T18:04:16Z,194.01256285766945,46,100.00019836,0.12240569016048745,0.16386433487846744,0.1223967229295579,B
54.11705780,0,2023-02-22T18:04:16Z,194.01256285766945,46,100.00019836,0.12240569016048745,0.16386433487846744,0.1223967229295579,B
63.09585953,0,2023-02-22T18:04:16Z,194.01256285766945,46,100.00019836,0.12240569016048745,0.16386433487846744,0.1223967229295579,B
73.56436920,0,2023-02-22T18:04:16Z,194.01256285766945,46,100.00019836,0.12240569016048745,0.16386433487846744,0.1223967229295579,B
85.76976013,0,2023-02-22T18:04:16Z,194.01256285766945,46,100.00019836,0.12240569016048745,0.16386433487846744,0.1223967229295579,B
100.00019836,60.2189903259,2023-02-22T18:04:16Z,194.01256285766945,46,100.00019836,0.12240569016048745,0.16386433487846744,0.1223967229295579,B
116.59166718,0,2023-02-22T18:04:16Z,194.01256285766945,46,100.00019836,0.12240569016048745,0.16386433487846744,0.1223967229295579,B
135.93591309,0,2023-02-22T18:04:16Z,194.01256285766945,46,100.00019836,0.12240569016048745,0.16386433487846744,0.1223967229295579,B
158.48962402,0,2023-02-22T18:04:16Z,194.01256285766945,46,100.00019836,0.12240569016048745,0.16386433487846744,0.1223967229295579,B
184.78533936,0,2023-02-22T18:04:16Z,194.01256285766945,46,100.00019836,0.12240569016048745,0.16386433487846744,0.1223967229295579,B
215.44389343,0,2023-02-22T18:04:16Z,194.01256285766945,46,100.00019836,0.12240569016048745,0.16386433487846744,0.1223967229295579,B
251.18913269,0,2023-02-22T18:04:16Z,194.01256285766945,46,100.00019836,0.12240569016048745,0.16386433487846744,0.1223967229295579,B
292.86502075,0,2023-02-22T18:04:16Z,194.01256285766945,46,100.00019836,0.12240569016048745,0.16386433487846744,0.1223967229295579,B
341.45556641,0,2023-02-22T18:04:16Z,194.01256285766945,46,100.00019836,0.12240569016048745,0.16386433487846744,0.1223967229295579,B
398.10794067,0,2023-02-22T18:04:16Z,194.01256285766945,46,100.00019836,0.12240569016048745,0.16386433487846744,0.1223967229295579,B
464.15979004,0,2023-02-22T18:04:16Z,194.01256285766945,46,100.00019836,0.12240569016048745,0.16386433487846744,0.1223967229295579,B
541.17059326,0,2023-02-22T18:04:16Z,194.01256285766945,46,100.00019836,0.12240569016048745,0.16386433487846744,0.1223967229295579,B
630.95855713,0,2023-02-22T18:04:16Z,194.01256285766945,46,100.00019836,0.12240569016048745,0.16386433487846744,0.1223967229295579,B
735.64367676,0,2023-02-22T18:04:16Z,194.01256285766945,46,100.00019836,0.12240569016048745,0.16386433487846744,0.1223967229295579,B
857.69757080,0,2023-02-22T18:04:16Z,194.01256285766945,46,100.00019836,0.12240569016048745,0.16386433487846744,0.1223967229295579,B
1000.00195313,0,2023-02-22T18:04:16Z,194.01256285766945,46,100.00019836,0.12240569016048745,0.16386433487846744,0.1223967229295579,B
0.10000020,0,2023-02-22T18:04:17Z,115.03282896675556,46,100.00019836,0.11895615194190308,0.13223301605984697,0.11895615193642176,C
0.11659167,0,2023-02-22T18:04:17Z,115.03282896675556,46,100.00019836,0.11895615194190308,0.13223301605984697,0.11895615193642176,C
0.13593590,0,2023-02-22T18:04:17Z,115.03282896675556,46,100.00019836,0.11895615194190308,0.13223301605984697,0.11895615193642176,C
0.15848963,0,2023-02-22T18:04:17Z,115.03282896675556,46,100.00019836,0.11895615194190308,0.13223301605984697,0.11895615193642176,C
0.18478534,0,2023-02-22T18:04:17Z,115.03282896675556,46,100.00019836,0.11895615194190308,0.13223301605984697,0.11895615193642176,C
0.21544389,0,2023-02-22T18:04:17Z,115.03282896675556,46,100.00019836,0.11895615194190308,0.13223301605984697,0.11895615193642176,C
0.25118914,0,2023-02-22T18:04:17Z,115.03282896675556,46,100.00019836,0.11895615194190308,0.13223301605984697,0.11895615193642176,C
0.29286504,0,2023-02-22T18:04:17Z,115.03282896675556,46,100.00019836,0.11895615194190308,0.13223301605984697,0.11895615193642176,C
0.34145555,0,2023-02-22T18:04:17Z,115.03282896675556,46,100.00019836,0.11895615194190308,0.13223301605984697,0.11895615193642176,C
0.39810795,0,2023-02-22T18:04:17Z,115.03282896675556,46,100.00019836,0.11895615194190308,0.13223301605984697,0.11895615193642176,C
0.46415979,0,2023-02-22T18:04:17Z,115.03282896675556,46,100.00019836,0.11895615194190308,0.13223301605984697,0.11895615193642176,C
0.54117060,0,2023-02-22T18:04:17Z,115.03282896675556,46,100.00019836,0.11895615194190308,0.13223301605984697,0.11895615193642176,C
0.63095856,0,2023-02-22T18:04:17Z,115.03282896675556,46,100.00019836,0.11895615194190308,0.13223301605984697,0.11895615193642176,C
0.73564368,0,2023-02-22T18:04:17Z,115.03282896675556,46,100.00019836,0.11895615194190308,0.13223301605984697,0.11895615193642176,C
0.85769761,0,2023-02-22T18:04:17Z,115.03282896675556,46,100.00019836,0.11895615194190308,0.13223301605984697,0.11895615193642176,C
1.00000191,1.27524922046e-12,2023-02-22T18:04:17Z,115.03282896675556,46,100.00019836,0.11895615194190308,0.13223301605984697,0.11895615193642176,C
1.16591668,0.00500069232658,2023-02-22T18:04:17Z,115.03282896675556,46,100.00019836,0.11895615194190308,0.13223301605984697,0.11895615193642176,C
1.35935903,8.64626121521,2023-02-22T18:04:17Z,115.03282896675556,46,100.00019836,0.11895615194190308,0.13223301605984697,0.11895615193642176,C
1.58489633,3.24302768707,2023-02-22T18:04:17Z,115.03282896675556,46,100.00019836,0.11895615194190308,0.13223301605984697,0.11895615193642176,C
1.84785342,0.00132559903432,2023-02-22T18:04:17Z,115.03282896675556,46,100.00019836,0.11895615194190308,0.13223301605984697,0.11895615193642176,C
2.15443897,5.48131484646e-10,2023-02-22T18:04:17Z,115.03282896675556,46,100.00019836,0.11895615194190308,0.13223301605984697,0.11895615193642176,C
2.51189137,2.11584141144e-20,2023-02-22T18:04:17Z,115.03282896675556,46,100.00019836,0.11895615194190308,0.13223301605984697,0.11895615193642176,C
2.92865038,8.85060110068e-40,2023-02-22T18:04:17Z,115.03282896675556,46,100.00019836,0.11895615194190308,0.13223301605984697,0.11895615193642176,C
3.41455555,0,2023-02-22T18:04:17Z,115.03282896675556,46,100.00019836,0.11895615194190308,0.13223301605984697,0.11895615193642176,C
3.98107958,0,2023-02-22T18:04:17Z,115.03282896675556,46,100.00019836,0.11895615194190308,0.13223301605984697,0.11895615193642176,C
4.64159775,0,2023-02-22T18:04:17Z,115.03282896675556,46,100.00019836,0.11895615194190308,0.13223301605984697,0.11895615193642176,C
5.41170597,0.00739483302459,2023-02-22T18:04:17Z,115.03282896675556,46,100.00019836,0.11895615194190308,0.13223301605984697,0.11895615193642176,C
6.30958605,0.0888895392418,2023-02-22T18:04:17Z,115.03282896675556,46,100.00019836,0.11895615194190308,0.13223301605984697,0.11895615193642176,C
7.35643721,0.340213418007,2023-02-22T18:04:17Z,115.03282896675556,46,100.00019836,0.11895615194190308,0.13223301605984697,0.11895615193642176,C
8.57697582,0.891188621521,2023-02-22T18:04:17Z,115.03282896675556,46,100.00019836,0.11895615194190308,0.13223301605984697,0.11895615193642176,C
10.00002003,1.86294937134,2023-02-22T18:04:17Z,115.03282896675556,46,100.00019836,0.11895615194190308,0.13223301605984697,0.11895615193642176,C
11.65916729,3.27351427078,2023-02-22T18:04:17Z,115.03282896675556,46,100.00019836,0.11895615194190308,0.13223301605984697,0.11895615193642176,C
13.59359074,4.89836168289,2023-02-22T18:04:17Z,115.03282896675556,46,100.00019836,0.11895615194190308,0.13223301605984697,0.11895615193642176,C
15.84896278,6.16649770737,2023-02-22T18:04:17Z,115.03282896675556,46,100.00019836,0.11895615194190308,0.13223301605984697,0.11895615193642176,C
18.47853470,6.26705503464,2023-02-22T18:04:17Z,115.03282896675556,46,100.00019836,0.11895615194190308,0.13223301605984697,0.11895615193642176,C
21.54438972,4.62785482407,2023-02-22T18:04:17Z,115.03282896675556,46,100.00019836,0.11895615194190308,0.13223301605984697,0.11895615193642176,C
25.11891365,1.7406078577,2023-02-22T18:04:17Z,115.03282896675556,46,100.00019836,0.11895615194190308,0.13223301605984697,0.11895615193642176,C
29.28650284,0,2023-02-22T18:04:17Z,115.03282896675556,46,100.00019836,0.11895615194190308,0.13223301605984697,0.11895615193642176,C
34.14555740,0,2023-02-22T18:04:17Z,115.03282896675556,46,100.00019836,0.11895615194190308,0.13223301605984697,0.11895615193642176,C
39.81079483,0,2023-02-22T18:04:17Z,115.03282896675556,46,100.00019836,0.11895615194190308,0.13223301605984697,0.11895615193642176,C
46.41598129,0,2023-02-22T18:04:17Z,115.03282896675556,46,100.00019836,0.11895615194190308,0.13223301605984697,0.11895615193642176,C
54.11705780,0,2023-02-22T18:04:17Z,115.03282896675556,46,100.00019836,0.11895615194190308,0.13223301605984697,0.11895615193642176,C
63.09585953,0,2023-02-22T18:04:17Z,115.03282896675556,46,100.00019836,0.11895615194190308,0.13223301605984697,0.11895615193642176,C
73.56436920,0,2023-02-22T18:04:17Z,115.03282896675556,46,100.00019836,0.11895615194190308,0.13223301605984697,0.11895615193642176,C
85.76976013,0,2023-02-22T18:04:17Z,115.03282896675556,46,100.00019836,0.11895615194190308,0.13223301605984697,0.11895615193642176,C
100.00019836,57.9398574829,2023-02-22T18:04:17Z,115.03282896675556,46,100.00019836,0.11895615194190308,0.13223301605984697,0.11895615193642176,C
116.59166718,0,2023-02-22T18:04:17Z,115.03282896675556,46,100.00019836,0.11895615194190308,0.13223301605984697,0.11895615193642176,C
135.93591309,0,2023-02-22T18:04:17Z,115.03282896675556,46,100.00019836,0.11895615194190308,0.13223301605984697,0.11895615193642176,C
158.48962402,0,2023-02-22T18:04:17Z,115.03282896675556,46,100.00019836,0.11895615194190308,0.13223301605984697,0.11895615193642176,C
184.78533936,0,2023-02-22T18:04:17Z,115.03282896675556,46,100.00019836,0.11895615194190308,0.13223301605984697,0.11895615193642176,C
215.44389343,0,2023-02-22T18:04:17Z,115.03282896675556,46,100.00019836,0.11895615194190308,0.13223301605984697,0.11895615193642176,C
251.18913269,0,2023-02-22T18:04:17Z,115.03282896675556,46,100.00019836,0.11895615194190308,0.13223301605984697,0.11895615193642176,C
292.86502075,0,2023-02-22T18:04:17Z,115.03282896675556,46,100.00019836,0.11895615194190308,0.13223301605984697,0.11895615193642176,C
341.45556641,0,2023-02-22T18:04:17Z,115.03282896675556,46,100.00019836,0.11895615194190308,0.13223301605984697,0.11895615193642176,C
398.10794067,0,2023-02-22T18:04:17Z,115.03282896675556,46,100.00019836,0.11895615194190308,0.13223301605984697,0.11895615193642176,C
464.15979004,0,2023-02-22T18:04:17Z,115.03282896675556,46,100.00019836,0.11895615194190308,0.13223301605984697,0.11895615193642176,C
541.17059326,0,2023-02-22T18:04:17Z,115.03282896675556,46,100.00019836,0.11895615194190308,0.13223301605984697,0.11895615193642176,C
630.95855713,0,2023-02-22T18:04:17Z,115.03282896675556,46,100.00019836,0.11895615194190308,0.13223301605984697,0.11895615193642176,C
735.64367676,0,2023-02-22T18:04:17Z,115.03282896675556,46,100.00019836,0.11895615194190308,0.13223301605984697,0.11895615193642176,C
857.69757080,0,2023-02-22T18:04:17Z,115.03282896675556,46,100.00019836,0.11895615194190308,0.13223301605984697,0.11895615193642176,C
1000.00195313,0,2023-02-22T18:04:17Z,115.03282896675556,46,100.00019836,0.11895615194190308,0.13223301605984697,0.11895615193642176,C
0.10000020,0,2023-02-22T18:04:18Z,163.57683700985834,46,100.00019836,0.12081008911100774,0.12434526632973852,0.12081008911100774,B
0.11659167,0,2023-02-22T18:04:18Z,163.57683700985834,46,100.00019836,0.12081008911100774,0.12434526632973852,0.12081008911100774,B
0.13593590,0,2023-02-22T18:04:18Z,163.57683700985834,46,100.00019836,0.12081008911100774,0.12434526632973852,0.12081008911100774,B
0.15848963,0,2023-02-22T18:04:18Z,163.57683700985834,46,100.00019836,0.12081008911100774,0.12434526632973852,0.12081008911100774,B
0.18478534,0,2023-02-22T18:04:18Z,163.57683700985834,46,100.00019836,0.12081008911100774,0.12434526632973852,0.12081008911100774,B
0.21544389,0,2023-02-22T18:04:18Z,163.57683700985834,46,100.00019836,0.12081008911100774,0.12434526632973852,0.12081008911100774,B
0.25118914,0,2023-02-22T18:04:18Z,163.57683700985834,46,100.00019836,0.12081008911100774,0.12434526632973852,0.12081008911100774,B
0.29286504,0,2023-02-22T18:04:18Z,163.57683700985834,46,100.00019836,0.12081008911100774,0.12434526632973852,0.12081008911100774,B
0.34145555,0,2023-02-22T18:04:18Z,163.57683700985834,46,100.00019836,0.12081008911100774,0.12434526632973852,0.12081008911100774,B
0.39810795,0,2023-02-22T18:04:18Z,163.57683700985834,46,100.00019836,0.12081008911100774,0.12434526632973852,0.12081008911100774,B
0.46415979,0,2023-02-22T18:04:18Z,163.57683700985834,46,100.00019836,0.12081008911100774,0.12434526632973852,0.12081008911100774,B
0.54117060,0,2023-02-22T18:04:18Z,163.57683700985834,46,100.00019836,0.12081008911100774,0.12434526632973852,0.12081008911100774,B
0.63095856,0,2023-02-22T18:04:18Z,163.57683700985834,46,100.00019836,0.12081008911100774,0.12434526632973852,0.12081008911100774,B
0.73564368,0,2023-02-22T18:04:18Z,163.57683700985834,46,100.00019836,0.12081008911100774,0.12434526632973852,0.12081008911100774,B
0.85769761,0,2023-02-22T18:04:18Z,163.57683700985834,46,100.00019836,0.12081008911100774,0.12434526632973852,0.12081008911100774,B
1.00000191,0,2023-02-22T18:04:18Z,163.57683700985834,46,100.00019836,0.12081008911100774,0.12434526632973852,0.12081008911100774,B
1.16591668,7.71313622781e-13,2023-02-22T18:04:18Z,163.57683700985834,46,100.00019836,0.12081008911100774,0.12434526632973852,0.12081008911100774,B
1.35935903,12.0810089111,2023-02-22T18:04:18Z,163.57683700985834,46,100.00019836,0.12081008911100774,0.12434526632973852,0.12081008911100774,B
1.58489633,2.5273354034e-15,2023-02-22T18:04:18Z,163.57683700985834,46,100.00019836,0.12081008911100774,0.12434526632973852,0.12081008911100774,B
1.84785342,0,2023-02-22T18:04:18Z,163.57683700985834,46,100.00019836,0.12081008911100774,0.12434526632973852,0.12081008911100774,B
2.15443897,0,2023-02-22T18:04:18Z,163.57683700985834,46,100.00019836,0.12081008911100774,0.12434526632973852,0.12081008911100774,B
2.51189137,0,2023-02-22T18:04:18Z,163.57683700985834,46,100.00019836,0.12081008911100774,0.12434526632973852,0.12081008911100774,B
2.92865038,0,2023-02-22T18:04:18Z,163.57683700985834,46,100.00019836,0.12081008911100774,0.12434526632973852,0.12081008911100774,B
3.41455555,0,2023-02-22T18:04:18Z,163.57683700985834,46,100.00019836,0.12081008911100774,0.12434526632973852,0.12081008911100774,B
3.98107958,0,2023-02-22T18:04:18Z,163.57683700985834,46,100.00019836,0.12081008911100774,0.12434526632973852,0.12081008911100774,B
4.64159775,0,2023-02-22T18:04:18Z,163.57683700985834,46,100.00019836,0.12081008911100774,0.12434526632973852,0.12081008911100774,B
5.41170597,0,2023-02-22T18:04:18Z,163.57683700985834,46,100.00019836,0.12081008911100774,0.12434526632973852,0.12081008911100774,B
6.30958605,0.00216280622408,2023-02-22T18:04:18Z,163.57683700985834,46,100.00019836,0.12081008911100774,0.12434526632973852,0.12081008911100774,B
7.35643721,0.058302719146,2023-02-22T18:04:18Z,163.57683700985834,46,100.00019836,0.12081008911100774,0.12434526632973852,0.12081008911100774,B
8.57697582,0.293052196503,2023-02-22T18:04:18Z,163.57683700985834,46,100.00019836,0.12081008911100774,0.12434526632973852,0.12081008911100774,B
10.00002003,0.917182087898,2023-02-22T18:04:18Z,163.57683700985834,46,100.00019836,0.12081008911100774,0.12434526632973852,0.12081008911100774,B
11.65916729,2.14954090118,2023-02-22T18:04:18Z,163.57683700985834,46,100.00019836,0.12081008911100774,0.12434526632973852,0.12081008911100774,B
13.59359074,3.96348786354,2023-02-22T18:04:18Z,163.57683700985834,46,100.00019836,0.12081008911100774,0.12434526632973852,0.12081008911100774,B
15.84896278,5.72995710373,2023-02-22T18:04:18Z,163.57683700985834,46,100.00019836,0.12081008911100774,0.12434526632973852,0.12081008911100774,B
18.47853470,6.17218589783,2023-02-22T18:04:18Z,163.57683700985834,46,100.00019836,0.12081008911100774,0.12434526632973852,0.12081008911100774,B
21.54438972,4.23103809357,2023-02-22T18:04:18Z,163.57683700985834,46,100.00019836,0.12081008911100774,0.12434526632973852,0.12081008911100774,B
25.11891365,0.882929027081,2023-02-22T18:04:18Z,163.57683700985834,46,100.00019836,0.12081008911100774,0.12434526632973852,0.12081008911100774,B
29.28650284,0,2023-02-22T18:04:18Z,163.57683700985834,46,100.00019836,0.12081008911100774,0.12434526632973852,0.12081008911100774,B
34.14555740,0,2023-02-22T18:04:18Z,163.57683700985834,46,100.00019836,0.12081008911100774,0.12434526632973852,0.12081008911100774,B
39.81079483,0,2023-02-22T18:04:18Z,163.57683700985834,46,100.00019836,0.12081008911100774,0.12434526632973852,0.12081008911100774,B
46.41598129,0,2023-02-22T18:04:18Z,163.57683700985834,46,100.00019836,0.12081008911100774,0.12434526632973852,0.12081008911100774,B
54.11705780,0,2023-02-22T18:04:18Z,163.57683700985834,46,100.00019836,0.12081008911100774,0.12434526632973852,0.12081008911100774,B
63.09585953,0,2023-02-22T18:04:18Z,163.57683700985834,46,100.00019836,0.12081008911100774,0.12434526632973852,0.12081008911100774,B
73.56436920,0,2023-02-22T18:04:18Z,163.57683700985834,46,100.00019836,0.12081008911100774,0.12434526632973852,0.12081008911100774,B
85.76976013,0,2023-02-22T18:04:18Z,163.57683700985834,46,100.00019836,0.12081008911100774,0.12434526632973852,0.12081008911100774,B
100.00019836,63.5191497803,2023-02-22T18:04:18Z,163.57683700985834,46,100.00019836,0.12081008911100774,0.12434526632973852,0.12081008911100774,B
116.59166718,0,2023-02-22T18:04:18Z,163.57683700985834,46,100.00019836,0.12081008911100774,0.12434526632973852,0.12081008911100774,B
135.93591309,0,2023-02-22T18:04:18Z,163.57683700985834,46,100.00019836,0.12081008911100774,0.12434526632973852,0.12081008911100774,B
158.48962402,0,2023-02-22T18:04:18Z,163.57683700985834,46,100.00019836,0.12081008911100774,0.12434526632973852,0.12081008911100774,B
184.78533936,0,2023-02-22T18:04:18Z,163.57683700985834,46,100.00019836,0.12081008911100774,0.12434526632973852,0.12081008911100774,B
215.44389343,0,2023-02-22T18:04:18Z,163.57683700985834,46,100.00019836,0.12081008911100774,0.12434526632973852,0.12081008911100774,B
251.18913269,0,2023-02-22T18:04:18Z,163.57683700985834,46,100.00019836,0.12081008911100774,0.12434526632973852,0.12081008911100774,B
292.86502075,0,2023-02-22T18:04:18Z,163.57683700985834,46,100.00019836,0.12081008911100774,0.12434526632973852,0.12081008911100774,B
341.45556641,0,2023-02-22T18:04:18Z,163.57683700985834,46,100.00019836,0.12081008911100774,0.12434526632973852,0.12081008911100774,B
398.10794067,0,2023-02-22T18:04:18Z,163.57683700985834,46,100.00019836,0.12081008911100774,0.12434526632973852,0.12081008911100774,B
464.15979004,0,2023-02-22T18:04:18Z,163.57683700985834,46,100.00019836,0.12081008911100774,0.12434526632973852,0.12081008911100774,B
541.17059326,0,2023-02-22T18:04:18Z,163.57683700985834,46,100.00019836,0.12081008911100774,0.12434526632973852,0.12081008911100774,B
630.95855713,0,2023-02-22T18:04:18Z,163.57683700985834,46,100.00019836,0.12081008911100774,0.12434526632973852,0.12081008911100774,B
735.64367676,0,2023-02-22T18:04:18Z,163.57683700985834,46,100.00019836,0.12081008911100774,0.12434526632973852,0.12081008911100774,B
857.69757080,0,2023-02-22T18:04:18Z,163.57683700985834,46,100.00019836,0.12081008911100774,0.12434526632973852,0.12081008911100774,B
1000.00195313,0,2023-02-22T18:04:18Z,163.57683700985834,46,100.00019836,0.12081008911100774,0.12434526632973852,0.12081008911100774,B
0.10000020,0,2023-02-22T18:04:19Z,165.6593267652,37,25.11891365,0.16701206409863986,0.19595508763130284,0.158069879263558,B
0.11659167,0,2023-02-22T18:04:19Z,165.6593267652,37,25.11891365,0.16701206409863986,0.19595508763130284,0.158069879263558,B
0.13593590,0,2023-02-22T18:04:19Z,165.6593267652,37,25.11891365,0.16701206409863986,0.19595508763130284,0.158069879263558,B
0.15848963,0,2023-02-22T18:04:19Z,165.6593267652,37,25.11891365,0.16701206409863986,0.19595508763130284,0.158069879263558,B
0.18478534,0,2023-02-22T18:04:19Z,165.6593267652,37,25.11891365,0.16701206409863986,0.19595508763130284,0.158069879263558,B
0.21544389,0,2023-02-22T18:04:19Z,165.6593267652,37,25.11891365,0.16701206409863986,0.19595508763130284,0.158069879263558,B
0.25118914,0,2023-02-22T18:04:19Z,165.6593267652,37,25.11891365,0.16701206409863986,0.19595508763130284,0.158069879263558,B
0.29286504,0,2023-02-22T18:04:19Z,165.6593267652,37,25.11891365,0.16701206409863986,0.19595508763130284,0.158069879263558,B
0.34145555,0,2023-02-22T18:04:19Z,165.6593267652,37,25.11891365,0.16701206409863986,0.19595508763130284,0.158069879263558,B
0.39810795,0,2023-02-22T18:04:19Z,165.6593267652,37,25.11891365,0.16701206409863986,0.19595508763130284,0.158069879263558,B
0.46415979,0,2023-02-22T18:04:19Z,165.6593267652,37,25.11891365,0.16701206409863986,0.19595508763130284,0.158069879263558,B
0.54117060,0,2023-02-22T18:04:19Z,165.6593267652,37,25.11891365,0.16701206409863986,0.19595508763130284,0.158069879263558,B
0.63095856,0,2023-02-22T18:04:19Z,165.6593267652,37,25.11891365,0.16701206409863986,0.19595508763130284,0.158069879263558,B
0.73564368,0,2023-02-22T18:04:19Z,165.6593267652,37,25.11891365,0.16701206409863986,0.19595508763130284,0.158069879263558,B
0.85769761,0,2023-02-22T18:04:19Z,165.6593267652,37,25.11891365,0.16701206409863986,0.19595508763130284,0.158069879263558,B
1.00000191,0.0957094877958,2023-02-22T18:04:19Z,165.6593267652,37,25.11891365,0.16701206409863986,0.19595508763130284,0.158069879263558,B
1.16591668,1.72216963768,2023-02-22T18:04:19Z,165.6593267652,37,25.11891365,0.16701206409863986,0.19595508763130284,0.158069879263558,B
1.35935903,5.1624341011,2023-02-22T18:04:19Z,165.6593267652,37,25.11891365,0.16701206409863986,0.19595508763130284,0.158069879263558,B
1.58489633,5.78034067154,2023-02-22T18:04:19Z,165.6593267652,37,25.11891365,0.16701206409863986,0.19595508763130284,0.158069879263558,B
1.84785342,3.04633402824,2023-02-22T18:04:19Z,165.6593267652,37,25.11891365,0.16701206409863986,0.19595508763130284,0.158069879263558,B
2.15443897,0.79357790947,2023-02-22T18:04:19Z,165.6593267652,37,25.11891365,0.16701206409863986,0.19595508763130284,0.158069879263558,B
2.51189137,0.090372979641,2023-02-22T18:04:19Z,165.6593267652,37,25.11891365,0.16701206409863986,0.19595508763130284,0.158069879263558,B
2.92865038,0.00282077142037,2023-02-22T18:04:19Z,165.6593267652,37,25.11891365,0.16701206409863986,0.19595508763130284,0.158069879263558,B
3.41455555,4.73278214486e-6,2023-02-22T18:04:19Z,165.6593267652,37,25.11891365,0.16701206409863986,0.19595508763130284,0.158069879263558,B
3.98107958,0,2023-02-22T18:04:19Z,165.6593267652,37,25.11891365,0.16701206409863986,0.19595508763130284,0.158069879263558,B
4.64159775,0.00744209019467,2023-02-22T18:04:19Z,165.6593267652,37,25.11891365,0.16701206409863986,0.19595508763130284,0.158069879263558,B
5.41170597,0.0941427201033,2023-02-22T18:04:19Z,165.6593267652,37,25.11891365,0.16701206409863986,0.19595508763130284,0.158069879263558,B
6.30958605,0.343331873417,2023-02-22T18:04:19Z,165.6593267652,37,25.11891365,0.16701206409863986,0.19595508763130284,0.158069879263558,B
7.35643721,0.833763480186,2023-02-22T18:04:19Z,165.6593267652,37,25.11891365,0.16701206409863986,0.19595508763130284,0.158069879263558,B
8.57697582,1.62306427956,2023-02-22T18:04:19Z,165.6593267652,37,25.11891365,0.16701206409863986,0.19595508763130284,0.158069879263558,B
10.00002003,2.71779346466,2023-02-22T18:04:19Z,165.6593267652,37,25.11891365,0.16701206409863986,0.19595508763130284,0.158069879263558,B
11.65916729,4.03132247925,2023-02-22T18:04:19Z,165.6593267652,37,25.11891365,0.16701206409863986,0.19595508763130284,0.158069879263558,B
13.59359074,5.34151554108,2023-02-22T18:04:19Z,165.6593267652,37,25.11891365,0.16701206409863986,0.19595508763130284,0.158069879263558,B
15.84896278,6.27798748016,2023-02-22T18:04:19Z,165.6593267652,37,25.11891365,0.16701206409863986,0.19595508763130284,0.158069879263558,B
18.47853470,6.39408826828,2023-02-22T18:04:19Z,165.6593267652,37,25.11891365,0.16701206409863986,0.19595508763130284,0.158069879263558,B
21.54438972,5.35863018036,2023-02-22T18:04:19Z,165.6593267652,37,25.11891365,0.16701206409863986,0.19595508763130284,0.158069879263558,B
25.11891365,3.27081036568,2023-02-22T18:04:19Z,165.6593267652,37,25.11891365,0.16701206409863986,0.19595508763130284,0.158069879263558,B
29.28650284,0.941800892353,2023-02-22T18:04:19Z,165.6593267652,37,25.11891365,0.16701206409863986,0.19595508763130284,0.158069879263558,B
34.14555740,0,2023-02-22T18:04:19Z,165.6593267652,37,25.11891365,0.16701206409863986,0.19595508763130284,0.158069879263558,B
39.81079483,0,2023-02-22T18:04:19Z,165.6593267652,37,25.11891365,0.16701206409863986,0.19595508763130284,0.158069879263558,B
46.41598129,0,2023-02-22T18:04:19Z,165.6593267652,37,25.11891365,0.16701206409863986,0.19595508763130284,0.158069879263558,B
54.11705780,0,2023-02-22T18:04:19Z,165.6593267652,37,25.11891365,0.16701206409863986,0.19595508763130284,0.158069879263558,B
63.09585953,0,2023-02-22T18:04:19Z,165.6593267652,37,25.11891365,0.16701206409863986,0.19595508763130284,0.158069879263558,B
73.56436920,0,2023-02-22T18:04:19Z,165.6593267652,37,25.11891365,0.16701206409863986,0.19595508763130284,0.158069879263558,B
85.76976013,0,2023-02-22T18:04:19Z,165.6593267652,37,25.11891365,0.16701206409863986,0.19595508763130284,0.158069879263558,B
100.00019836,46.0705413818,2023-02-22T18:04:19Z,165.6593267652,37,25.11891365,0.16701206409863986,0.19595508763130284,0.158069879263558,B
116.59166718,0,2023-02-22T18:04:19Z,165.6593267652,37,25.11891365,0.16701206409863986,0.19595508763130284,0.158069879263558,B
135.93591309,0,2023-02-22T18:04:19Z,165.6593267652,37,25.11891365,0.16701206409863986,0.19595508763130284,0.158069879263558,B
158.48962402,0,2023-02-22T18:04:19Z,165.6593267652,37,25.11891365,0.16701206409863986,0.19595508763130284,0.158069879263558,B
184.78533936,0,2023-02-22T18:04:19Z,165.6593267652,37,25.11891365,0.16701206409863986,0.19595508763130284,0.158069879263558,B
215.44389343,0,2023-02-22T18:04:19Z,165.6593267652,37,25.11891365,0.16701206409863986,0.19595508763130284,0.158069879263558,B
251.18913269,0,2023-02-22T18:04:19Z,165.6593267652,37,25.11891365,0.16701206409863986,0.19595508763130284,0.158069879263558,B
292.86502075,0,2023-02-22T18:04:19Z,165.6593267652,37,25.11891365,0.16701206409863986,0.19595508763130284,0.158069879263558,B
341.45556641,0,2023-02-22T18:04:19Z,165.6593267652,37,25.11891365,0.16701206409863986,0.19595508763130284,0.158069879263558,B
398.10794067,0,2023-02-22T18:04:19Z,165.6593267652,37,25.11891365,0.16701206409863986,0.19595508763130284,0.158069879263558,B
464.15979004,0,2023-02-22T18:04:19Z,165.6593267652,37,25.11891365,0.16701206409863986,0.19595508763130284,0.158069879263558,B
541.17059326,0,2023-02-22T18:04:19Z,165.6593267652,37,25.11891365,0.16701206409863986,0.19595508763130284,0.158069879263558,B
630.95855713,0,2023-02-22T18:04:19Z,165.6593267652,37,25.11891365,0.16701206409863986,0.19595508763130284,0.158069879263558,B
735.64367676,0,2023-02-22T18:04:19Z,165.6593267652,37,25.11891365,0.16701206409863986,0.19595508763130284,0.158069879263558,B
857.69757080,0,2023-02-22T18:04:19Z,165.6593267652,37,25.11891365,0.16701206409863986,0.19595508763130284,0.158069879263558,B
1000.00195313,0,2023-02-22T18:04:19Z,165.6593267652,37,25.11891365,0.16701206409863986,0.19595508763130284,0.158069879263558,B
0.10000020,0,2023-02-22T18:04:20Z,121.61591000025834,41,46.41598129,0.1360823833644523,0.1688368272482983,0.1360823833644523,C
0.11659167,0,2023-02-22T18:04:20Z,121.61591000025834,41,46.41598129,0.1360823833644523,0.1688368272482983,0.1360823833644523,C
0.13593590,0,2023-02-22T18:04:20Z,121.61591000025834,41,46.41598129,0.1360823833644523,0.1688368272482983,0.1360823833644523,C
0.15848963,0,2023-02-22T18:04:20Z,121.61591000025834,41,46.41598129,0.1360823833644523,0.1688368272482983,0.1360823833644523,C
0.18478534,0,2023-02-22T18:04:20Z,121.61591000025834,41,46.41598129,0.1360823833644523,0.1688368272482983,0.1360823833644523,C
0.21544389,0,2023-02-22T18:04:20Z,121.61591000025834,41,46.41598129,0.1360823833644523,0.1688368272482983,0.1360823833644523,C
0.25118914,0,2023-02-22T18:04:20Z,121.61591000025834,41,46.41598129,0.1360823833644523,0.1688368272482983,0.1360823833644523,C
0.29286504,0,2023-02-22T18:04:20Z,121.61591000025834,41,46.41598129,0.1360823833644523,0.1688368272482983,0.1360823833644523,C
0.34145555,0,2023-02-22T18:04:20Z,121.61591000025834,41,46.41598129,0.1360823833644523,0.1688368272482983,0.1360823833644523,C
0.39810795,0,2023-02-22T18:04:20Z,121.61591000025834,41,46.41598129,0.1360823833644523,0.1688368272482983,0.1360823833644523,C
0.46415979,0,2023-02-22T18:04:20Z,121.61591000025834,41,46.41598129,0.1360823833644523,0.1688368272482983,0.1360823833644523,C
0.54117060,0,2023-02-22T18:04:20Z,121.61591000025834,41,46.41598129,0.1360823833644523,0.1688368272482983,0.1360823833644523,C
0.63095856,0,2023-02-22T18:04:20Z,121.61591000025834,41,46.41598129,0.1360823833644523,0.1688368272482983,0.1360823833644523,C
0.73564368,0,2023-02-22T18:04:20Z,121.61591000025834,41,46.41598129,0.1360823833644523,0.1688368272482983,0.1360823833644523,C
0.85769761,0,2023-02-22T18:04:20Z,121.61591000025834,41,46.41598129,0.1360823833644523,0.1688368272482983,0.1360823833644523,C
1.00000191,2.44838096278e-36,2023-02-22T18:04:20Z,121.61591000025834,41,46.41598129,0.1360823833644523,0.1688368272482983,0.1360823833644523,C
1.16591668,4.55252102682e-9,2023-02-22T18:04:20Z,121.61591000025834,41,46.41598129,0.1360823833644523,0.1688368272482983,0.1360823833644523,C
1.35935903,9.2235212326,2023-02-22T18:04:20Z,121.61591000025834,41,46.41598129,0.1360823833644523,0.1688368272482983,0.1360823833644523,C
1.58489633,4.38471698761,2023-02-22T18:04:20Z,121.61591000025834,41,46.41598129,0.1360823833644523,0.1688368272482983,0.1360823833644523,C
1.84785342,1.11682709303e-7,2023-02-22T18:04:20Z,121.61591000025834,41,46.41598129,0.1360823833644523,0.1688368272482983,0.1360823833644523,C
2.15443897,3.9722819514300002e-22,2023-02-22T18:04:20Z,121.61591000025834,41,46.41598129,0.1360823833644523,0.1688368272482983,0.1360823833644523,C
2.51189137,0,2023-02-22T18:04:20Z,121.61591000025834,41,46.41598129,0.1360823833644523,0.1688368272482983,0.1360823833644523,C
2.92865038,0,2023-02-22T18:04:20Z,121.61591000025834,41,46.41598129,0.1360823833644523,0.1688368272482983,0.1360823833644523,C
3.41455555,0,2023-02-22T18:04:20Z,121.61591000025834,41,46.41598129,0.1360823833644523,0.1688368272482983,0.1360823833644523,C
3.98107958,0,2023-02-22T18:04:20Z,121.61591000025834,41,46.41598129,0.1360823833644523,0.1688368272482983,0.1360823833644523,C
4.64159775,0,2023-02-22T18:04:20Z,121.61591000025834,41,46.41598129,0.1360823833644523,0.1688368272482983,0.1360823833644523,C
5.41170597,0.0734855532646,2023-02-22T18:04:20Z,121.61591000025834,41,46.41598129,0.1360823833644523,0.1688368272482983,0.1360823833644523,C
6.30958605,0.420074224472,2023-02-22T18:04:20Z,121.61591000025834,41,46.41598129,0.1360823833644523,0.1688368272482983,0.1360823833644523,C
7.35643721,0.997996032238,2023-02-22T18:04:20Z,121.61591000025834,41,46.41598129,0.1360823833644523,0.1688368272482983,0.1360823833644523,C
8.57697582,1.78388857841,2023-02-22T18:04:20Z,121.61591000025834,41,46.41598129,0.1360823833644523,0.1688368272482983,0.1360823833644523,C
10.00002003,2.71899652481,2023-02-22T18:04:20Z,121.61591000025834,41,46.41598129,0.1360823833644523,0.1688368272482983,0.1360823833644523,C
11.65916729,3.69314694405,2023-02-22T18:04:20Z,121.61591000025834,41,46.41598129,0.1360823833644523,0.1688368272482983,0.1360823833644523,C
13.59359074,4.53934764862,2023-02-22T18:04:20Z,121.61591000025834,41,46.41598129,0.1360823833644523,0.1688368272482983,0.1360823833644523,C
15.84896278,5.04785871506,2023-02-22T18:04:20Z,121.61591000025834,41,46.41598129,0.1360823833644523,0.1688368272482983,0.1360823833644523,C
18.47853470,5.02059078217,2023-02-22T18:04:20Z,121.61591000025834,41,46.41598129,0.1360823833644523,0.1688368272482983,0.1360823833644523,C
21.54438972,4.35907173157,2023-02-22T18:04:20Z,121.61591000025834,41,46.41598129,0.1360823833644523,0.1688368272482983,0.1360823833644523,C
25.11891365,3.17084527016,2023-02-22T18:04:20Z,121.61591000025834,41,46.41598129,0.1360823833644523,0.1688368272482983,0.1360823833644523,C
29.28650284,1.82728898525,2023-02-22T18:04:20Z,121.61591000025834,41,46.41598129,0.1360823833644523,0.1688368272482983,0.1360823833644523,C
34.14555740,0.87523496151,2023-02-22T18:04:20Z,121.61591000025834,41,46.41598129,0.1360823833644523,0.1688368272482983,0.1360823833644523,C
39.81079483,0.799694359303,2023-02-22T18:04:20Z,121.61591000025834,41,46.41598129,0.1360823833644523,0.1688368272482983,0.1360823833644523,C
46.41598129,2.06583023071,2023-02-22T18:04:20Z,121.61591000025834,41,46.41598129,0.1360823833644523,0.1688368272482983,0.1360823833644523,C
54.11705780,5.07677173615,2023-02-22T18:04:20Z,121.61591000025834,41,46.41598129,0.1360823833644523,0.1688368272482983,0.1360823833644523,C
63.09585953,9.33066558838,2023-02-22T18:04:20Z,121.61591000025834,41,46.41598129,0.1360823833644523,0.1688368272482983,0.1360823833644523,C
73.56436920,12.9741563797,2023-02-22T18:04:20Z,121.61591000025834,41,46.41598129,0.1360823833644523,0.1688368272482983,0.1360823833644523,C
85.76976013,13.2926921844,2023-02-22T18:04:20Z,121.61591000025834,41,46.41598129,0.1360823833644523,0.1688368272482983,0.1360823833644523,C
100.00019836,8.32412528992,2023-02-22T18:04:20Z,121.61591000025834,41,46.41598129,0.1360823833644523,0.1688368272482983,0.1360823833644523,C
116.59166718,0,2023-02-22T18:04:20Z,121.61591000025834,41,46.41598129,0.1360823833644523,0.1688368272482983,0.1360823833644523,C
135.93591309,0,2023-02-22T18:04:20Z,121.61591000025834,41,46.41598129,0.1360823833644523,0.1688368272482983,0.1360823833644523,C
158.48962402,0,2023-02-22T18:04:20Z,121.61591000025834,41,46.41598129,0.1360823833644523,0.1688368272482983,0.1360823833644523,C
184.78533936,0,2023-02-22T18:04:20Z,121.61591000025834,41,46.41598129,0.1360823833644523,0.1688368272482983,0.1360823833644523,C
215.44389343,0,2023-02-22T18:04:20Z,121.61591000025834,41,46.41598129,0.1360823833644523,0.1688368272482983,0.1360823833644523,C
251.18913269,0,2023-02-22T18:04:20Z,121.61591000025834,41,46.41598129,0.1360823833644523,0.1688368272482983,0.1360823833644523,C
292.86502075,0,2023-02-22T18:04:20Z,121.61591000025834,41,46.41598129,0.1360823833644523,0.1688368272482983,0.1360823833644523,C
341.45556641,0,2023-02-22T18:04:20Z,121.61591000025834,41,46.41598129,0.1360823833644523,0.1688368272482983,0.1360823833644523,C
398.10794067,0,2023-02-22T18:04:20Z,121.61591000025834,41,46.41598129,0.1360823833644523,0.1688368272482983,0.1360823833644523,C
464.15979004,0,2023-02-22T18:04:20Z,121.61591000025834,41,46.41598129,0.1360823833644523,0.1688368272482983,0.1360823833644523,C
541.17059326,0,2023-02-22T18:04:20Z,121.61591000025834,41,46.41598129,0.1360823833644523,0.1688368272482983,0.1360823833644523,C
630.95855713,0,2023-02-22T18:04:20Z,121.61591000025834,41,46.41598129,0.1360823833644523,0.1688368272482983,0.1360823833644523,C
735.64367676,0,2023-02-22T18:04:20Z,121.61591000025834,41,46.41598129,0.1360823833644523,0.1688368272482983,0.1360823833644523,C
857.69757080,0,2023-02-22T18:04:20Z,121.61591000025834,41,46.41598129,0.1360823833644523,0.1688368272482983,0.1360823833644523,C
1000.00195313,0,2023-02-22T18:04:20Z,121.61591000025834,41,46.41598129,0.1360823833644523,0.1688368272482983,0.1360823833644523,C
0.10000020,0,2023-02-22T18:04:21Z,111.24304442938612,42,54.1170578,0.11436513813224099,0.161702106762801,0.11426848351966999,C
0.11659167,0,2023-02-22T18:04:21Z,111.24304442938612,42,54.1170578,0.11436513813224099,0.161702106762801,0.11426848351966999,C
0.13593590,0,2023-02-22T18:04:21Z,111.24304442938612,42,54.1170578,0.11436513813224099,0.161702106762801,0.11426848351966999,C
0.15848963,0,2023-02-22T18:04:21Z,111.24304442938612,42,54.1170578,0.11436513813224099,0.161702106762801,0.11426848351966999,C
0.18478534,0,2023-02-22T18:04:21Z,111.24304442938612,42,54.1170578,0.11436513813224099,0.161702106762801,0.11426848351966999,C
0.21544389,0,2023-02-22T18:04:21Z,111.24304442938612,42,54.1170578,0.11436513813224099,0.161702106762801,0.11426848351966999,C
0.25118914,0,2023-02-22T18:04:21Z,111.24304442938612,42,54.1170578,0.11436513813224099,0.161702106762801,0.11426848351966999,C
0.29286504,0,2023-02-22T18:04:21Z,111.24304442938612,42,54.1170578,0.11436513813224099,0.161702106762801,0.11426848351966999,C
0.34145555,0,2023-02-22T18:04:21Z,111.24304442938612,42,54.1170578,0.11436513813224099,0.161702106762801,0.11426848351966999,C
0.39810795,0,2023-02-22T18:04:21Z,111.24304442938612,42,54.1170578,0.11436513813224099,0.161702106762801,0.11426848351966999,C
0.46415979,0,2023-02-22T18:04:21Z,111.24304442938612,42,54.1170578,0.11436513813224099,0.161702106762801,0.11426848351966999,C
0.54117060,0,2023-02-22T18:04:21Z,111.24304442938612,42,54.1170578,0.11436513813224099,0.161702106762801,0.11426848351966999,C
0.63095856,0,2023-02-22T18:04:21Z,111.24304442938612,42,54.1170578,0.11436513813224099,0.161702106762801,0.11426848351966999,C
0.73564368,0,2023-02-22T18:04:21Z,111.24304442938612,42,54.1170578,0.11436513813224099,0.161702106762801,0.11426848351966999,C
0.85769761,0,2023-02-22T18:04:21Z,111.24304442938612,42,54.1170578,0.11436513813224099,0.161702106762801,0.11426848351966999,C
1.00000191,0,2023-02-22T18:04:21Z,111.24304442938612,42,54.1170578,0.11436513813224099,0.161702106762801,0.11426848351966999,C
1.16591668,0,2023-02-22T18:04:21Z,111.24304442938612,42,54.1170578,0.11436513813224099,0.161702106762801,0.11426848351966999,C
1.35935903,10.7889738083,2023-02-22T18:04:21Z,111.24304442938612,42,54.1170578,0.11436513813224099,0.161702106762801,0.11426848351966999,C
1.58489633,0.637874543667,2023-02-22T18:04:21Z,111.24304442938612,42,54.1170578,0.11436513813224099,0.161702106762801,0.11426848351966999,C
1.84785342,0,2023-02-22T18:04:21Z,111.24304442938612,42,54.1170578,0.11436513813224099,0.161702106762801,0.11426848351966999,C
2.15443897,0,2023-02-22T18:04:21Z,111.24304442938612,42,54.1170578,0.11436513813224099,0.161702106762801,0.11426848351966999,C
2.51189137,0,2023-02-22T18:04:21Z,111.24304442938612,42,54.1170578,0.11436513813224099,0.161702106762801,0.11426848351966999,C
2.92865038,0,2023-02-22T18:04:21Z,111.24304442938612,42,54.1170578,0.11436513813224099,0.161702106762801,0.11426848351966999,C
3.41455555,0,2023-02-22T18:04:21Z,111.24304442938612,42,54.1170578,0.11436513813224099,0.161702106762801,0.11426848351966999,C
3.98107958,0,2023-02-22T18:04:21Z,111.24304442938612,42,54.1170578,0.11436513813224099,0.161702106762801,0.11426848351966999,C
4.64159775,0.0096654612571,2023-02-22T18:04:21Z,111.24304442938612,42,54.1170578,0.11436513813224099,0.161702106762801,0.11426848351966999,C
5.41170597,0.249712869525,2023-02-22T18:04:21Z,111.24304442938612,42,54.1170578,0.11436513813224099,0.161702106762801,0.11426848351966999,C
6.30958605,0.727188229561,2023-02-22T18:04:21Z,111.24304442938612,42,54.1170578,0.11436513813224099,0.161702106762801,0.11426848351966999,C
7.35643721,1.43311488628,2023-02-22T18:04:21Z,111.24304442938612,42,54.1170578,0.11436513813224099,0.161702106762801,0.11426848351966999,C
8.57697582,2.32368087769,2023-02-22T18:04:21Z,111.24304442938612,42,54.1170578,0.11436513813224099,0.161702106762801,0.11426848351966999,C
10.00002003,3.31126189232,2023-02-22T18:04:21Z,111.24304442938612,42,54.1170578,0.11436513813224099,0.161702106762801,0.11426848351966999,C
11.65916729,4.25894260406,2023-02-22T18:04:21Z,111.24304442938612,42,54.1170578,0.11436513813224099,0.161702106762801,0.11426848351966999,C
13.59359074,4.98282957077,2023-02-22T18:04:21Z,111.24304442938612,42,54.1170578,0.11436513813224099,0.161702106762801,0.11426848351966999,C
15.84896278,5.27904605865,2023-02-22T18:04:21Z,111.24304442938612,42,54.1170578,0.11436513813224099,0.161702106762801,0.11426848351966999,C
18.47853470,4.98425531387,2023-02-22T18:04:21Z,111.24304442938612,42,54.1170578,0.11436513813224099,0.161702106762801,0.11426848351966999,C
21.54438972,4.05669021606,2023-02-22T18:04:21Z,111.24304442938612,42,54.1170578,0.11436513813224099,0.161702106762801,0.11426848351966999,C
25.11891365,2.66497612,2023-02-22T18:04:21Z,111.24304442938612,42,54.1170578,0.11436513813224099,0.161702106762801,0.11426848351966999,C
29.28650284,1.22814166546,2023-02-22T18:04:21Z,111.24304442938612,42,54.1170578,0.11436513813224099,0.161702106762801,0.11426848351966999,C
34.14555740,0.318501144648,2023-02-22T18:04:21Z,111.24304442938612,42,54.1170578,0.11436513813224099,0.161702106762801,0.11426848351966999,C
39.81079483,0.387536168098,2023-02-22T18:04:21Z,111.24304442938612,42,54.1170578,0.11436513813224099,0.161702106762801,0.11426848351966999,C
46.41598129,1.92152428627,2023-02-22T18:04:21Z,111.24304442938612,42,54.1170578,0.11436513813224099,0.161702106762801,0.11426848351966999,C
54.11705780,5.24028110504,2023-02-22T18:04:21Z,111.24304442938612,42,54.1170578,0.11436513813224099,0.161702106762801,0.11426848351966999,C
63.09585953,9.65500068665,2023-02-22T18:04:21Z,111.24304442938612,42,54.1170578,0.11436513813224099,0.161702106762801,0.11426848351966999,C
73.56436920,13.2876262665,2023-02-22T18:04:21Z,111.24304442938612,42,54.1170578,0.11436513813224099,0.161702106762801,0.11426848351966999,C
85.76976013,13.5804071426,2023-02-22T18:04:21Z,111.24304442938612,42,54.1170578,0.11436513813224099,0.161702106762801,0.11426848351966999,C
100.00019836,8.67276859283,2023-02-22T18:04:21Z,111.24304442938612,42,54.1170578,0.11436513813224099,0.161702106762801,0.11426848351966999,C
116.59166718,0,2023-02-22T18:04:21Z,111.24304442938612,42,54.1170578,0.11436513813224099,0.161702106762801,0.11426848351966999,C
135.93591309,0,2023-02-22T18:04:21Z,111.24304442938612,42,54.1170578,0.11436513813224099,0.161702106762801,0.11426848351966999,C
158.48962402,0,2023-02-22T18:04:21Z,111.24304442938612,42,54.1170578,0.11436513813224099,0.161702106762801,0.11426848351966999,C
184.78533936,0,2023-02-22T18:04:21Z,111.24304442938612,42,54.1170578,0.11436513813224099,0.161702106762801,0.11426848351966999,C
215.44389343,0,2023-02-22T18:04:21Z,111.24304442938612,42,54.1170578,0.11436513813224099,0.161702106762801,0.11426848351966999,C
251.18913269,0,2023-02-22T18:04:21Z,111.24304442938612,42,54.1170578,0.11436513813224099,0.161702106762801,0.11426848351966999,C
292.86502075,0,2023-02-22T18:04:21Z,111.24304442938612,42,54.1170578,0.11436513813224099,0.161702106762801,0.11426848351966999,C
341.45556641,0,2023-02-22T18:04:21Z,111.24304442938612,42,54.1170578,0.11436513813224099,0.161702106762801,0.11426848351966999,C
398.10794067,0,2023-02-22T18:04:21Z,111.24304442938612,42,54.1170578,0.11436513813224099,0.161702106762801,0.11426848351966999,C
464.15979004,0,2023-02-22T18:04:21Z,111.24304442938612,42,54.1170578,0.11436513813224099,0.161702106762801,0.11426848351966999,C
541.17059326,0,2023-02-22T18:04:21Z,111.24304442938612,42,54.1170578,0.11436513813224099,0.161702106762801,0.11426848351966999,C
630.95855713,0,2023-02-22T18:04:21Z,111.24304442938612,42,54.1170578,0.11436513813224099,0.161702106762801,0.11426848351966999,C
735.64367676,0,2023-02-22T18:04:21Z,111.24304442938612,42,54.1170578,0.11436513813224099,0.161702106762801,0.11426848351966999,C
857.69757080,0,2023-02-22T18:04:21Z,111.24304442938612,42,54.1170578,0.11436513813224099,0.161702106762801,0.11426848351966999,C
1000.00195313,0,2023-02-22T18:04:21Z,111.24304442938612,42,54.1170578,0.11436513813224099,0.161702106762801,0.11426848351966999,C
0.10000020,0,2023-02-22T18:04:22Z,129.84608406486944,42,54.1170578,0.12503283500625,0.15724291533185,0.12503283500625,C
0.11659167,0,2023-02-22T18:04:22Z,129.84608406486944,42,54.1170578,0.12503283500625,0.15724291533185,0.12503283500625,C
0.13593590,0,2023-02-22T18:04:22Z,129.84608406486944,42,54.1170578,0.12503283500625,0.15724291533185,0.12503283500625,C
0.15848963,0,2023-02-22T18:04:22Z,129.84608406486944,42,54.1170578,0.12503283500625,0.15724291533185,0.12503283500625,C
0.18478534,0,2023-02-22T18:04:22Z,129.84608406486944,42,54.1170578,0.12503283500625,0.15724291533185,0.12503283500625,C
0.21544389,0,2023-02-22T18:04:22Z,129.84608406486944,42,54.1170578,0.12503283500625,0.15724291533185,0.12503283500625,C
0.25118914,0,2023-02-22T18:04:22Z,129.84608406486944,42,54.1170578,0.12503283500625,0.15724291533185,0.12503283500625,C
0.29286504,0,2023-02-22T18:04:22Z,129.84608406486944,42,54.1170578,0.12503283500625,0.15724291533185,0.12503283500625,C
0.34145555,0,2023-02-22T18:04:22Z,129.84608406486944,42,54.1170578,0.12503283500625,0.15724291533185,0.12503283500625,C
0.39810795,0,2023-02-22T18:04:22Z,129.84608406486944,42,54.1170578,0.12503283500625,0.15724291533185,0.12503283500625,C
0.46415979,0,2023-02-22T18:04:22Z,129.84608406486944,42,54.1170578,0.12503283500625,0.15724291533185,0.12503283500625,C
0.54117060,0,2023-02-22T18:04:22Z,129.84608406486944,42,54.1170578,0.12503283500625,0.15724291533185,0.12503283500625,C
0.63095856,0,2023-02-22T18:04:22Z,129.84608406486944,42,54.1170578,0.12503283500625,0.15724291533185,0.12503283500625,C
0.73564368,0,2023-02-22T18:04:22Z,129.84608406486944,42,54.1170578,0.12503283500625,0.15724291533185,0.12503283500625,C
0.85769761,0,2023-02-22T18:04:22Z,129.84608406486944,42,54.1170578,0.12503283500625,0.15724291533185,0.12503283500625,C
1.00000191,0,2023-02-22T18:04:22Z,129.84608406486944,42,54.1170578,0.12503283500625,0.15724291533185,0.12503283500625,C
1.16591668,8.26302477615e-17,2023-02-22T18:04:22Z,129.84608406486944,42,54.1170578,0.12503283500625,0.15724291533185,0.12503283500625,C
1.35935903,12.063307762100001,2023-02-22T18:04:22Z,129.84608406486944,42,54.1170578,0.12503283500625,0.15724291533185,0.12503283500625,C
1.58489633,0.439975738525,2023-02-22T18:04:22Z,129.84608406486944,42,54.1170578,0.12503283500625,0.15724291533185,0.12503283500625,C
1.84785342,5.38603005607e-17,2023-02-22T18:04:22Z,129.84608406486944,42,54.1170578,0.12503283500625,0.15724291533185,0.12503283500625,C
2.15443897,0,2023-02-22T18:04:22Z,129.84608406486944,42,54.1170578,0.12503283500625,0.15724291533185,0.12503283500625,C
2.51189137,0,2023-02-22T18:04:22Z,129.84608406486944,42,54.1170578,0.12503283500625,0.15724291533185,0.12503283500625,C
2.92865038,0,2023-02-22T18:04:22Z,129.84608406486944,42,54.1170578,0.12503283500625,0.15724291533185,0.12503283500625,C
3.41455555,0,2023-02-22T18:04:22Z,129.84608406486944,42,54.1170578,0.12503283500625,0.15724291533185,0.12503283500625,C
3.98107958,0,2023-02-22T18:04:22Z,129.84608406486944,42,54.1170578,0.12503283500625,0.15724291533185,0.12503283500625,C
4.64159775,0,2023-02-22T18:04:22Z,129.84608406486944,42,54.1170578,0.12503283500625,0.15724291533185,0.12503283500625,C
5.41170597,0,2023-02-22T18:04:22Z,129.84608406486944,42,54.1170578,0.12503283500625,0.15724291533185,0.12503283500625,C
6.30958605,0.3797480762,2023-02-22T18:04:22Z,129.84608406486944,42,54.1170578,0.12503283500625,0.15724291533185,0.12503283500625,C
7.35643721,1.0087095499,2023-02-22T18:04:22Z,129.84608406486944,42,54.1170578,0.12503283500625,0.15724291533185,0.12503283500625,C
8.57697582,1.83255040646,2023-02-22T18:04:22Z,129.84608406486944,42,54.1170578,0.12503283500625,0.15724291533185,0.12503283500625,C
10.00002003,2.77641892433,2023-02-22T18:04:22Z,129.84608406486944,42,54.1170578,0.12503283500625,0.15724291533185,0.12503283500625,C
11.65916729,3.718282938,2023-02-22T18:04:22Z,129.84608406486944,42,54.1170578,0.12503283500625,0.15724291533185,0.12503283500625,C
13.59359074,4.48712968826,2023-02-22T18:04:22Z,129.84608406486944,42,54.1170578,0.12503283500625,0.15724291533185,0.12503283500625,C
15.84896278,4.88254594803,2023-02-22T18:04:22Z,129.84608406486944,42,54.1170578,0.12503283500625,0.15724291533185,0.12503283500625,C
18.47853470,4.73065567017,2023-02-22T18:04:22Z,129.84608406486944,42,54.1170578,0.12503283500625,0.15724291533185,0.12503283500625,C
21.54438972,3.96532607079,2023-02-22T18:04:22Z,129.84608406486944,42,54.1170578,0.12503283500625,0.15724291533185,0.12503283500625,C
25.11891365,2.72242569923,2023-02-22T18:04:22Z,129.84608406486944,42,54.1170578,0.12503283500625,0.15724291533185,0.12503283500625,C
29.28650284,1.39004445076,2023-02-22T18:04:22Z,129.84608406486944,42,54.1170578,0.12503283500625,0.15724291533185,0.12503283500625,C
34.14555740,0.5260835886,2023-02-22T18:04:22Z,129.84608406486944,42,54.1170578,0.12503283500625,0.15724291533185,0.12503283500625,C
39.81079483,0.629699349403,2023-02-22T18:04:22Z,129.84608406486944,42,54.1170578,0.12503283500625,0.15724291533185,0.12503283500625,C
46.41598129,2.2143342495,2023-02-22T18:04:22Z,129.84608406486944,42,54.1170578,0.12503283500625,0.15724291533185,0.12503283500625,C
54.11705780,5.580534935,2023-02-22T18:04:22Z,129.84608406486944,42,54.1170578,0.12503283500625,0.15724291533185,0.12503283500625,C
63.09585953,10.046125412,2023-02-22T18:04:22Z,129.84608406486944,42,54.1170578,0.12503283500625,0.15724291533185,0.12503283500625,C
73.56436920,13.7137498856,2023-02-22T18:04:22Z,129.84608406486944,42,54.1170578,0.12503283500625,0.15724291533185,0.12503283500625,C
85.76976013,13.9749822617,2023-02-22T18:04:22Z,129.84608406486944,42,54.1170578,0.12503283500625,0.15724291533185,0.12503283500625,C
100.00019836,8.91738033295,2023-02-22T18:04:22Z,129.84608406486944,42,54.1170578,0.12503283500625,0.15724291533185,0.12503283500625,C
116.59166718,0,2023-02-22T18:04:22Z,129.84608406486944,42,54.1170578,0.12503283500625,0.15724291533185,0.12503283500625,C
135.93591309,0,2023-02-22T18:04:22Z,129.84608406486944,42,54.1170578,0.12503283500625,0.15724291533185,0.12503283500625,C
158.48962402,0,2023-02-22T18:04:22Z,129.84608406486944,42,54.1170578,0.12503283500625,0.15724291533185,0.12503283500625,C
184.78533936,0,2023-02-22T18:04:22Z,129.84608406486944,42,54.1170578,0.12503283500625,0.15724291533185,0.12503283500625,C
215.44389343,0,2023-02-22T18:04:22Z,129.84608406486944,42,54.1170578,0.12503283500625,0.15724291533185,0.12503283500625,C
251.18913269,0,2023-02-22T18:04:22Z,129.84608406486944,42,54.1170578,0.12503283500625,0.15724291533185,0.12503283500625,C
292.86502075,0,2023-02-22T18:04:22Z,129.84608406486944,42,54.1170578,0.12503283500625,0.15724291533185,0.12503283500625,C
341.45556641,0,2023-02-22T18:04:22Z,129.84608406486944,42,54.1170578,0.12503283500625,0.15724291533185,0.12503283500625,C
398.10794067,0,2023-02-22T18:04:22Z,129.84608406486944,42,54.1170578,0.12503283500625,0.15724291533185,0.12503283500625,C
464.15979004,0,2023-02-22T18:04:22Z,129.84608406486944,42,54.1170578,0.12503283500625,0.15724291533185,0.12503283500625,C
541.17059326,0,2023-02-22T18:04:22Z,129.84608406486944,42,54.1170578,0.12503283500625,0.15724291533185,0.12503283500625,C
630.95855713,0,2023-02-22T18:04:22Z,129.84608406486944,42,54.1170578,0.12503283500625,0.15724291533185,0.12503283500625,C
735.64367676,0,2023-02-22T18:04:22Z,129.84608406486944,42,54.1170578,0.12503283500625,0.15724291533185,0.12503283500625,C
857.69757080,0,2023-02-22T18:04:22Z,129.84608406486944,42,54.1170578,0.12503283500625,0.15724291533185,0.12503283500625,C
1000.00195313,0,2023-02-22T18:04:22Z,129.84608406486944,42,54.1170578,0.12503283500625,0.15724291533185,0.12503283500625,C
0.10000020,0,2023-02-22T18:04:23Z,131.7159881591889,46,100.00019836,0.12456627583397717,0.13938848190275718,0.12456386895566295,C
0.11659167,0,2023-02-22T18:04:23Z,131.7159881591889,46,100.00019836,0.12456627583397717,0.13938848190275718,0.12456386895566295,C
0.13593590,0,2023-02-22T18:04:23Z,131.7159881591889,46,100.00019836,0.12456627583397717,0.13938848190275718,0.12456386895566295,C
0.15848963,0,2023-02-22T18:04:23Z,131.7159881591889,46,100.00019836,0.12456627583397717,0.13938848190275718,0.12456386895566295,C
0.18478534,0,2023-02-22T18:04:23Z,131.7159881591889,46,100.00019836,0.12456627583397717,0.13938848190275718,0.12456386895566295,C
0.21544389,0,2023-02-22T18:04:23Z,131.7159881591889,46,100.00019836,0.12456627583397717,0.13938848190275718,0.12456386895566295,C
0.25118914,0,2023-02-22T18:04:23Z,131.7159881591889,46,100.00019836,0.12456627583397717,0.13938848190275718,0.12456386895566295,C
0.29286504,0,2023-02-22T18:04:23Z,131.7159881591889,46,100.00019836,0.12456627583397717,0.13938848190275718,0.12456386895566295,C
0.34145555,0,2023-02-22T18:04:23Z,131.7159881591889,46,100.00019836,0.12456627583397717,0.13938848190275718,0.12456386895566295,C
0.39810795,0,2023-02-22T18:04:23Z,131.7159881591889,46,100.00019836,0.12456627583397717,0.13938848190275718,0.12456386895566295,C
0.46415979,0,2023-02-22T18:04:23Z,131.7159881591889,46,100.00019836,0.12456627583397717,0.13938848190275718,0.12456386895566295,C
0.54117060,0,2023-02-22T18:04:23Z,131.7159881591889,46,100.00019836,0.12456627583397717,0.13938848190275718,0.12456386895566295,C
0.63095856,0,2023-02-22T18:04:23Z,131.7159881591889,46,100.00019836,0.12456627583397717,0.13938848190275718,0.12456386895566295,C
0.73564368,0,2023-02-22T18:04:23Z,131.7159881591889,46,100.00019836,0.12456627583397717,0.13938848190275718,0.12456386895566295,C
0.85769761,0,2023-02-22T18:04:23Z,131.7159881591889,46,100.00019836,0.12456627583397717,0.13938848190275718,0.12456386895566295,C
1.00000191,1.56151797684e-17,2023-02-22T18:04:23Z,131.7159881591889,46,100.00019836,0.12456627583397717,0.13938848190275718,0.12456386895566295,C
1.16591668,1.11830595415e-4,2023-02-22T18:04:23Z,131.7159881591889,46,100.00019836,0.12456627583397717,0.13938848190275718,0.12456386895566295,C
1.35935903,4.73861074448,2023-02-22T18:04:23Z,131.7159881591889,46,100.00019836,0.12456627583397717,0.13938848190275718,0.12456386895566295,C
1.58489633,7.71194314957,2023-02-22T18:04:23Z,131.7159881591889,46,100.00019836,0.12456627583397717,0.13938848190275718,0.12456386895566295,C
1.84785342,0.00572117092088,2023-02-22T18:04:23Z,131.7159881591889,46,100.00019836,0.12456627583397717,0.13938848190275718,0.12456386895566295,C
2.15443897,3.03890668185e-9,2023-02-22T18:04:23Z,131.7159881591889,46,100.00019836,0.12456627583397717,0.13938848190275718,0.12456386895566295,C
2.51189137,2.56130841509e-19,2023-02-22T18:04:23Z,131.7159881591889,46,100.00019836,0.12456627583397717,0.13938848190275718,0.12456386895566295,C
2.92865038,1.10901965741e-35,2023-02-22T18:04:23Z,131.7159881591889,46,100.00019836,0.12456627583397717,0.13938848190275718,0.12456386895566295,C
3.41455555,0,2023-02-22T18:04:23Z,131.7159881591889,46,100.00019836,0.12456627583397717,0.13938848190275718,0.12456386895566295,C
3.98107958,0,2023-02-22T18:04:23Z,131.7159881591889,46,100.00019836,0.12456627583397717,0.13938848190275718,0.12456386895566295,C
4.64159775,2.40684792516e-4,2023-02-22T18:04:23Z,131.7159881591889,46,100.00019836,0.12456627583397717,0.13938848190275718,0.12456386895566295,C
5.41170597,0.020909877494,2023-02-22T18:04:23Z,131.7159881591889,46,100.00019836,0.12456627583397717,0.13938848190275718,0.12456386895566295,C
6.30958605,0.119473829865,2023-02-22T18:04:23Z,131.7159881591889,46,100.00019836,0.12456627583397717,0.13938848190275718,0.12456386895566295,C
7.35643721,0.389460653067,2023-02-22T18:04:23Z,131.7159881591889,46,100.00019836,0.12456627583397717,0.13938848190275718,0.12456386895566295,C
8.57697582,0.952376246452,2023-02-22T18:04:23Z,131.7159881591889,46,100.00019836,0.12456627583397717,0.13938848190275718,0.12456386895566295,C
10.00002003,1.91940236092,2023-02-22T18:04:23Z,131.7159881591889,46,100.00019836,0.12456627583397717,0.13938848190275718,0.12456386895566295,C
11.65916729,3.31172132492,2023-02-22T18:04:23Z,131.7159881591889,46,100.00019836,0.12456627583397717,0.13938848190275718,0.12456386895566295,C
13.59359074,4.94270324707,2023-02-22T18:04:23Z,131.7159881591889,46,100.00019836,0.12456627583397717,0.13938848190275718,0.12456386895566295,C
15.84896278,6.32571363449,2023-02-22T18:04:23Z,131.7159881591889,46,100.00019836,0.12456627583397717,0.13938848190275718,0.12456386895566295,C
18.47853470,6.74627351761,2023-02-22T18:04:23Z,131.7159881591889,46,100.00019836,0.12456627583397717,0.13938848190275718,0.12456386895566295,C
21.54438972,5.62789392471,2023-02-22T18:04:23Z,131.7159881591889,46,100.00019836,0.12456627583397717,0.13938848190275718,0.12456386895566295,C
25.11891365,3.16990232468,2023-02-22T18:04:23Z,131.7159881591889,46,100.00019836,0.12456627583397717,0.13938848190275718,0.12456386895566295,C
29.28650284,0.737364292145,2023-02-22T18:04:23Z,131.7159881591889,46,100.00019836,0.12456627583397717,0.13938848190275718,0.12456386895566295,C
34.14555740,0,2023-02-22T18:04:23Z,131.7159881591889,46,100.00019836,0.12456627583397717,0.13938848190275718,0.12456386895566295,C
39.81079483,0,2023-02-22T18:04:23Z,131.7159881591889,46,100.00019836,0.12456627583397717,0.13938848190275718,0.12456386895566295,C
46.41598129,0,2023-02-22T18:04:23Z,131.7159881591889,46,100.00019836,0.12456627583397717,0.13938848190275718,0.12456386895566295,C
54.11705780,0,2023-02-22T18:04:23Z,131.7159881591889,46,100.00019836,0.12456627583397717,0.13938848190275718,0.12456386895566295,C
63.09585953,0,2023-02-22T18:04:23Z,131.7159881591889,46,100.00019836,0.12456627583397717,0.13938848190275718,0.12456386895566295,C
73.56436920,0,2023-02-22T18:04:23Z,131.7159881591889,46,100.00019836,0.12456627583397717,0.13938848190275718,0.12456386895566295,C
85.76976013,0,2023-02-22T18:04:23Z,131.7159881591889,46,100.00019836,0.12456627583397717,0.13938848190275718,0.12456386895566295,C
100.00019836,53.2801742554,2023-02-22T18:04:23Z,131.7159881591889,46,100.00019836,0.12456627583397717,0.13938848190275718,0.12456386895566295,C
116.59166718,0,2023-02-22T18:04:23Z,131.7159881591889,46,100.00019836,0.12456627583397717,0.13938848190275718,0.12456386895566295,C
135.93591309,0,2023-02-22T18:04:23Z,131.7159881591889,46,100.00019836,0.12456627583397717,0.13938848190275718,0.12456386895566295,C
158.48962402,0,2023-02-22T18:04:23Z,131.7159881591889,46,100.00019836,0.12456627583397717,0.13938848190275718,0.12456386895566295,C
184.78533936,0,2023-02-22T18:04:23Z,131.7159881591889,46,100.00019836,0.12456627583397717,0.13938848190275718,0.12456386895566295,C
215.44389343,0,2023-02-22T18:04:23Z,131.7159881591889,46,100.00019836,0.12456627583397717,0.13938848190275718,0.12456386895566295,C
251.18913269,0,2023-02-22T18:04:23Z,131.7159881591889,46,100.00019836,0.12456627583397717,0.13938848190275718,0.12456386895566295,C
292.86502075,0,2023-02-22T18:04:23Z,131.7159881591889,46,100.00019836,0.12456627583397717,0.13938848190275718,0.12456386895566295,C
341.45556641,0,2023-02-22T18:04:23Z,131.7159881591889,46,100.00019836,0.12456627583397717,0.13938848190275718,0.12456386895566295,C
398.10794067,0,2023-02-22T18:04:23Z,131.7159881591889,46,100.00019836,0.12456627583397717,0.13938848190275718,0.12456386895566295,C
464.15979004,0,2023-02-22T18:04:23Z,131.7159881591889,46,100.00019836,0.12456627583397717,0.13938848190275718,0.12456386895566295,C
541.17059326,0,2023-02-22T18:04:23Z,131.7159881591889,46,100.00019836,0.12456627583397717,0.13938848190275718,0.12456386895566295,C
630.95855713,0,2023-02-22T18:04:23Z,131.7159881591889,46,100.00019836,0.12456627583397717,0.13938848190275718,0.12456386895566295,C
735.64367676,0,2023-02-22T18:04:23Z,131.7159881591889,46,100.00019836,0.12456627583397717,0.13938848190275718,0.12456386895566295,C
857.69757080,0,2023-02-22T18:04:23Z,131.7159881591889,46,100.00019836,0.12456627583397717,0.13938848190275718,0.12456386895566295,C
1000.00195313,0,2023-02-22T18:04:23Z,131.7159881591889,46,100.00019836,0.12456627583397717,0.13938848190275718,0.12456386895566295,C
0.10000020,0,2023-02-22T18:04:24Z,114.75543456603333,46,100.00019836,0.12095763530634228,0.1259923263551373,0.12095763530350855,C
0.11659167,0,2023-02-22T18:04:24Z,114.75543456603333,46,100.00019836,0.12095763530634228,0.1259923263551373,0.12095763530350855,C
0.13593590,0,2023-02-22T18:04:24Z,114.75543456603333,46,100.00019836,0.12095763530634228,0.1259923263551373,0.12095763530350855,C
0.15848963,0,2023-02-22T18:04:24Z,114.75543456603333,46,100.00019836,0.12095763530634228,0.1259923263551373,0.12095763530350855,C
0.18478534,0,2023-02-22T18:04:24Z,114.75543456603333,46,100.00019836,0.12095763530634228,0.1259923263551373,0.12095763530350855,C
0.21544389,0,2023-02-22T18:04:24Z,114.75543456603333,46,100.00019836,0.12095763530634228,0.1259923263551373,0.12095763530350855,C
0.25118914,0,2023-02-22T18:04:24Z,114.75543456603333,46,100.00019836,0.12095763530634228,0.1259923263551373,0.12095763530350855,C
0.29286504,0,2023-02-22T18:04:24Z,114.75543456603333,46,100.00019836,0.12095763530634228,0.1259923263551373,0.12095763530350855,C
0.34145555,0,2023-02-22T18:04:24Z,114.75543456603333,46,100.00019836,0.12095763530634228,0.1259923263551373,0.12095763530350855,C
0.39810795,0,2023-02-22T18:04:24Z,114.75543456603333,46,100.00019836,0.12095763530634228,0.1259923263551373,0.12095763530350855,C
0.46415979,0,2023-02-22T18:04:24Z,114.75543456603333,46,100.00019836,0.12095763530634228,0.1259923263551373,0.12095763530350855,C
0.54117060,0,2023-02-22T18:04:24Z,114.75543456603333,46,100.00019836,0.12095763530634228,0.1259923263551373,0.12095763530350855,C
0.63095856,0,2023-02-22T18:04:24Z,114.75543456603333,46,100.00019836,0.12095763530634228,0.1259923263551373,0.12095763530350855,C
0.73564368,0,2023-02-22T18:04:24Z,114.75543456603333,46,100.00019836,0.12095763530634228,0.1259923263551373,0.12095763530350855,C
0.85769761,0,2023-02-22T18:04:24Z,114.75543456603333,46,100.00019836,0.12095763530634228,0.1259923263551373,0.12095763530350855,C
1.00000191,1.46441747482e-14,2023-02-22T18:04:24Z,114.75543456603333,46,100.00019836,0.12095763530634228,0.1259923263551373,0.12095763530350855,C
1.16591668,0.00106461998075,2023-02-22T18:04:24Z,114.75543456603333,46,100.00019836,0.12095763530634228,0.1259923263551373,0.12095763530350855,C
1.35935903,7.41449451447,2023-02-22T18:04:24Z,114.75543456603333,46,100.00019836,0.12095763530634228,0.1259923263551373,0.12095763530350855,C
1.58489633,4.67858791351,2023-02-22T18:04:24Z,114.75543456603333,46,100.00019836,0.12095763530634228,0.1259923263551373,0.12095763530350855,C
1.84785342,0.00161648239009,2023-02-22T18:04:24Z,114.75543456603333,46,100.00019836,0.12095763530634228,0.1259923263551373,0.12095763530350855,C
2.15443897,2.83373463583e-10,2023-02-22T18:04:24Z,114.75543456603333,46,100.00019836,0.12095763530634228,0.1259923263551373,0.12095763530350855,C
2.51189137,1.68622444041e-21,2023-02-22T18:04:24Z,114.75543456603333,46,100.00019836,0.12095763530634228,0.1259923263551373,0.12095763530350855,C
2.92865038,5.6051938573e-43,2023-02-22T18:04:24Z,114.75543456603333,46,100.00019836,0.12095763530634228,0.1259923263551373,0.12095763530350855,C
3.41455555,0,2023-02-22T18:04:24Z,114.75543456603333,46,100.00019836,0.12095763530634228,0.1259923263551373,0.12095763530350855,C
3.98107958,0,2023-02-22T18:04:24Z,114.75543456603333,46,100.00019836,0.12095763530634228,0.1259923263551373,0.12095763530350855,C
4.64159775,0,2023-02-22T18:04:24Z,114.75543456603333,46,100.00019836,0.12095763530634228,0.1259923263551373,0.12095763530350855,C
5.41170597,0,2023-02-22T18:04:24Z,114.75543456603333,46,100.00019836,0.12095763530634228,0.1259923263551373,0.12095763530350855,C
6.30958605,0.0133117241785,2023-02-22T18:04:24Z,114.75543456603333,46,100.00019836,0.12095763530634228,0.1259923263551373,0.12095763530350855,C
7.35643721,0.100500389934,2023-02-22T18:04:24Z,114.75543456603333,46,100.00019836,0.12095763530634228,0.1259923263551373,0.12095763530350855,C
8.57697582,0.389656990767,2023-02-22T18:04:24Z,114.75543456603333,46,100.00019836,0.12095763530634228,0.1259923263551373,0.12095763530350855,C
10.00002003,1.08453929424,2023-02-22T18:04:24Z,114.75543456603333,46,100.00019836,0.12095763530634228,0.1259923263551373,0.12095763530350855,C
11.65916729,2.3906288147,2023-02-22T18:04:24Z,114.75543456603333,46,100.00019836,0.12095763530634228,0.1259923263551373,0.12095763530350855,C
13.59359074,4.30072164536,2023-02-22T18:04:24Z,114.75543456603333,46,100.00019836,0.12095763530634228,0.1259923263551373,0.12095763530350855,C
15.84896278,6.28586387634,2023-02-22T18:04:24Z,114.75543456603333,46,100.00019836,0.12095763530634228,0.1259923263551373,0.12095763530350855,C
18.47853470,7.21160793304,2023-02-22T18:04:24Z,114.75543456603333,46,100.00019836,0.12095763530634228,0.1259923263551373,0.12095763530350855,C
21.54438972,5.97113227844,2023-02-22T18:04:24Z,114.75543456603333,46,100.00019836,0.12095763530634228,0.1259923263551373,0.12095763530350855,C
25.11891365,2.88905835152,2023-02-22T18:04:24Z,114.75543456603333,46,100.00019836,0.12095763530634228,0.1259923263551373,0.12095763530350855,C
29.28650284,0.34596914053,2023-02-22T18:04:24Z,114.75543456603333,46,100.00019836,0.12095763530634228,0.1259923263551373,0.12095763530350855,C
34.14555740,0,2023-02-22T18:04:24Z,114.75543456603333,46,100.00019836,0.12095763530634228,0.1259923263551373,0.12095763530350855,C
39.81079483,0,2023-02-22T18:04:24Z,114.75543456603333,46,100.00019836,0.12095763530634228,0.1259923263551373,0.12095763530350855,C
46.41598129,0,2023-02-22T18:04:24Z,114.75543456603333,46,100.00019836,0.12095763530634228,0.1259923263551373,0.12095763530350855,C
54.11705780,0,2023-02-22T18:04:24Z,114.75543456603333,46,100.00019836,0.12095763530634228,0.1259923263551373,0.12095763530350855,C
63.09585953,0,2023-02-22T18:04:24Z,114.75543456603333,46,100.00019836,0.12095763530634228,0.1259923263551373,0.12095763530350855,C
73.56436920,0,2023-02-22T18:04:24Z,114.75543456603333,46,100.00019836,0.12095763530634228,0.1259923263551373,0.12095763530350855,C
85.76976013,0,2023-02-22T18:04:24Z,114.75543456603333,46,100.00019836,0.12095763530634228,0.1259923263551373,0.12095763530350855,C
100.00019836,56.9212417603,2023-02-22T18:04:24Z,114.75543456603333,46,100.00019836,0.12095763530634228,0.1259923263551373,0.12095763530350855,C
116.59166718,0,2023-02-22T18:04:24Z,114.75543456603333,46,100.00019836,0.12095763530634228,0.1259923263551373,0.12095763530350855,C
135.93591309,0,2023-02-22T18:04:24Z,114.75543456603333,46,100.00019836,0.12095763530634228,0.1259923263551373,0.12095763530350855,C
158.48962402,0,2023-02-22T18:04:24Z,114.75543456603333,46,100.00019836,0.12095763530634228,0.1259923263551373,0.12095763530350855,C
184.78533936,0,2023-02-22T18:04:24Z,114.75543456603333,46,100.00019836,0.12095763530634228,0.1259923263551373,0.12095763530350855,C
215.44389343,0,2023-02-22T18:04:24Z,114.75543456603333,46,100.00019836,0.12095763530634228,0.1259923263551373,0.12095763530350855,C
251.18913269,0,2023-02-22T18:04:24Z,114.75543456603333,46,100.00019836,0.12095763530634228,0.1259923263551373,0.12095763530350855,C
292.86502075,0,2023-02-22T18:04:24Z,114.75543456603333,46,100.00019836,0.12095763530634228,0.1259923263551373,0.12095763530350855,C
341.45556641,0,2023-02-22T18:04:24Z,114.75543456603333,46,100.00019836,0.12095763530634228,0.1259923263551373,0.12095763530350855,C
398.10794067,0,2023-02-22T18:04:24Z,114.75543456603333,46,100.00019836,0.12095763530634228,0.1259923263551373,0.12095763530350855,C
464.15979004,0,2023-02-22T18:04:24Z,114.75543456603333,46,100.00019836,0.12095763530634228,0.1259923263551373,0.12095763530350855,C
541.17059326,0,2023-02-22T18:04:24Z,114.75543456603333,46,100.00019836,0.12095763530634228,0.1259923263551373,0.12095763530350855,C
630.95855713,0,2023-02-22T18:04:24Z,114.75543456603333,46,100.00019836,0.12095763530634228,0.1259923263551373,0.12095763530350855,C
735.64367676,0,2023-02-22T18:04:24Z,114.75543456603333,46,100.00019836,0.12095763530634228,0.1259923263551373,0.12095763530350855,C
857.69757080,0,2023-02-22T18:04:24Z,114.75543456603333,46,100.00019836,0.12095763530634228,0.1259923263551373,0.12095763530350855,C
1000.00195313,0,2023-02-22T18:04:24Z,114.75543456603333,46,100.00019836,0.12095763530634228,0.1259923263551373,0.12095763530350855,C
0.10000020,0,2023-02-22T18:04:25Z,140.34621959258612,42,54.1170578,0.11402723312415286,0.14451831525232486,0.11402723312415286,C
0.11659167,0,2023-02-22T18:04:25Z,140.34621959258612,42,54.1170578,0.11402723312415286,0.14451831525232486,0.11402723312415286,C
0.13593590,0,2023-02-22T18:04:25Z,140.34621959258612,42,54.1170578,0.11402723312415286,0.14451831525232486,0.11402723312415286,C
0.15848963,0,2023-02-22T18:04:25Z,140.34621959258612,42,54.1170578,0.11402723312415286,0.14451831525232486,0.11402723312415286,C
0.18478534,0,2023-02-22T18:04:25Z,140.34621959258612,42,54.1170578,0.11402723312415286,0.14451831525232486,0.11402723312415286,C
0.21544389,0,2023-02-22T18:04:25Z,140.34621959258612,42,54.1170578,0.11402723312415286,0.14451831525232486,0.11402723312415286,C
0.25118914,0,2023-02-22T18:04:25Z,140.34621959258612,42,54.1170578,0.11402723312415286,0.14451831525232486,0.11402723312415286,C
0.29286504,0,2023-02-22T18:04:25Z,140.34621959258612,42,54.1170578,0.11402723312415286,0.14451831525232486,0.11402723312415286,C
0.34145555,0,2023-02-22T18:04:25Z,140.34621959258612,42,54.1170578,0.11402723312415286,0.14451831525232486,0.11402723312415286,C
0.39810795,0,2023-02-22T18:04:25Z,140.34621959258612,42,54.1170578,0.11402723312415286,0.14451831525232486,0.11402723312415286,C
0.46415979,0,2023-02-22T18:04:25Z,140.34621959258612,42,54.1170578,0.11402723312415286,0.14451831525232486,0.11402723312415286,C
0.54117060,0,2023-02-22T18:04:25Z,140.34621959258612,42,54.1170578,0.11402723312415286,0.14451831525232486,0.11402723312415286,C
0.63095856,0,2023-02-22T18:04:25Z,140.34621959258612,42,54.1170578,0.11402723312415286,0.14451831525232486,0.11402723312415286,C
0.73564368,0,2023-02-22T18:04:25Z,140.34621959258612,42,54.1170578,0.11402723312415286,0.14451831525232486,0.11402723312415286,C
0.85769761,0,2023-02-22T18:04:25Z,140.34621959258612,42,54.1170578,0.11402723312415286,0.14451831525232486,0.11402723312415286,C
1.00000191,0,2023-02-22T18:04:25Z,140.34621959258612,42,54.1170578,0.11402723312415286,0.14451831525232486,0.11402723312415286,C
1.16591668,0,2023-02-22T18:04:25Z,140.34621959258612,42,54.1170578,0.11402723312415286,0.14451831525232486,0.11402723312415286,C
1.35935903,11.4027233124,2023-02-22T18:04:25Z,140.34621959258612,42,54.1170578,0.11402723312415286,0.14451831525232486,0.11402723312415286,C
1.58489633,1.52881960563e-11,2023-02-22T18:04:25Z,140.34621959258612,42,54.1170578,0.11402723312415286,0.14451831525232486,0.11402723312415286,C
1.84785342,0,2023-02-22T18:04:25Z,140.34621959258612,42,54.1170578,0.11402723312415286,0.14451831525232486,0.11402723312415286,C
2.15443897,0,2023-02-22T18:04:25Z,140.34621959258612,42,54.1170578,0.11402723312415286,0.14451831525232486,0.11402723312415286,C
2.51189137,0,2023-02-22T18:04:25Z,140.34621959258612,42,54.1170578,0.11402723312415286,0.14451831525232486,0.11402723312415286,C
2.92865038,0,2023-02-22T18:04:25Z,140.34621959258612,42,54.1170578,0.11402723312415286,0.14451831525232486,0.11402723312415286,C
3.41455555,0,2023-02-22T18:04:25Z,140.34621959258612,42,54.1170578,0.11402723312415286,0.14451831525232486,0.11402723312415286,C
3.98107958,0,2023-02-22T18:04:25Z,140.34621959258612,42,54.1170578,0.11402723312415286,0.14451831525232486,0.11402723312415286,C
4.64159775,0,2023-02-22T18:04:25Z,140.34621959258612,42,54.1170578,0.11402723312415286,0.14451831525232486,0.11402723312415286,C
5.41170597,0.0214901324362,2023-02-22T18:04:25Z,140.34621959258612,42,54.1170578,0.11402723312415286,0.14451831525232486,0.11402723312415286,C
6.30958605,0.372894376516,2023-02-22T18:04:25Z,140.34621959258612,42,54.1170578,0.11402723312415286,0.14451831525232486,0.11402723312415286,C
7.35643721,0.946651518345,2023-02-22T18:04:25Z,140.34621959258612,42,54.1170578,0.11402723312415286,0.14451831525232486,0.11402723312415286,C
8.57697582,1.70807218552,2023-02-22T18:04:25Z,140.34621959258612,42,54.1170578,0.11402723312415286,0.14451831525232486,0.11402723312415286,C
10.00002003,2.59273743629,2023-02-22T18:04:25Z,140.34621959258612,42,54.1170578,0.11402723312415286,0.14451831525232486,0.11402723312415286,C
11.65916729,3.49015116692,2023-02-22T18:04:25Z,140.34621959258612,42,54.1170578,0.11402723312415286,0.14451831525232486,0.11402723312415286,C
13.59359074,4.24087190628,2023-02-22T18:04:25Z,140.34621959258612,42,54.1170578,0.11402723312415286,0.14451831525232486,0.11402723312415286,C
15.84896278,4.65436410904,2023-02-22T18:04:25Z,140.34621959258612,42,54.1170578,0.11402723312415286,0.14451831525232486,0.11402723312415286,C
18.47853470,4.56179523468,2023-02-22T18:04:25Z,140.34621959258612,42,54.1170578,0.11402723312415286,0.14451831525232486,0.11402723312415286,C
21.54438972,3.89422369003,2023-02-22T18:04:25Z,140.34621959258612,42,54.1170578,0.11402723312415286,0.14451831525232486,0.11402723312415286,C
25.11891365,2.77406930923,2023-02-22T18:04:25Z,140.34621959258612,42,54.1170578,0.11402723312415286,0.14451831525232486,0.11402723312415286,C
29.28650284,1.56472849846,2023-02-22T18:04:25Z,140.34621959258612,42,54.1170578,0.11402723312415286,0.14451831525232486,0.11402723312415286,C
34.14555740,0.797106146812,2023-02-22T18:04:25Z,140.34621959258612,42,54.1170578,0.11402723312415286,0.14451831525232486,0.11402723312415286,C
39.81079483,0.986965358257,2023-02-22T18:04:25Z,140.34621959258612,42,54.1170578,0.11402723312415286,0.14451831525232486,0.11402723312415286,C
46.41598129,2.64623713493,2023-02-22T18:04:25Z,140.34621959258612,42,54.1170578,0.11402723312415286,0.14451831525232486,0.11402723312415286,C
54.11705780,6.01741361618,2023-02-22T18:04:25Z,140.34621959258612,42,54.1170578,0.11402723312415286,0.14451831525232486,0.11402723312415286,C
63.09585953,10.4055290222,2023-02-22T18:04:25Z,140.34621959258612,42,54.1170578,0.11402723312415286,0.14451831525232486,0.11402723312415286,C
73.56436920,13.9383897781,2023-02-22T18:04:25Z,140.34621959258612,42,54.1170578,0.11402723312415286,0.14451831525232486,0.11402723312415286,C
85.76976013,14.0613422394,2023-02-22T18:04:25Z,140.34621959258612,42,54.1170578,0.11402723312415286,0.14451831525232486,0.11402723312415286,C
100.00019836,8.92224311829,2023-02-22T18:04:25Z,140.34621959258612,42,54.1170578,0.11402723312415286,0.14451831525232486,0.11402723312415286,C
116.59166718,0,2023-02-22T18:04:25Z,140.34621959258612,42,54.1170578,0.11402723312415286,0.14451831525232486,0.11402723312415286,C
135.93591309,0,2023-02-22T18:04:25Z,140.34621959258612,42,54.1170578,0.11402723312415286,0.14451831525232486,0.11402723312415286,C
158.48962402,0,2023-02-22T18:04:25Z,140.34621959258612,42,54.1170578,0.11402723312415286,0.14451831525232486,0.11402723312415286,C
184.78533936,0,2023-02-22T18:04:25Z,140.34621959258612,42,54.1170578,0.11402723312415286,0.14451831525232486,0.11402723312415286,C
215.44389343,0,2023-02-22T18:04:25Z,140.34621959258612,42,54.1170578,0.11402723312415286,0.14451831525232486,0.11402723312415286,C
251.18913269,0,2023-02-22T18:04:25Z,140.34621959258612,42,54.1170578,0.11402723312415286,0.14451831525232486,0.11402723312415286,C
292.86502075,0,2023-02-22T18:04:25Z,140.34621959258612,42,54.1170578,0.11402723312415286,0.14451831525232486,0.11402723312415286,C
341.45556641,0,2023-02-22T18:04:25Z,140.34621959258612,42,54.1170578,0.11402723312415286,0.14451831525232486,0.11402723312415286,C
398.10794067,0,2023-02-22T18:04:25Z,140.34621959258612,42,54.1170578,0.11402723312415286,0.14451831525232486,0.11402723312415286,C
464.15979004,0,2023-02-22T18:04:25Z,140.34621959258612,42,54.1170578,0.11402723312415286,0.14451831525232486,0.11402723312415286,C
541.17059326,0,2023-02-22T18:04:25Z,140.34621959258612,42,54.1170578,0.11402723312415286,0.14451831525232486,0.11402723312415286,C
630.95855713,0,2023-02-22T18:04:25Z,140.34621959258612,42,54.1170578,0.11402723312415286,0.14451831525232486,0.11402723312415286,C
735.64367676,0,2023-02-22T18:04:25Z,140.34621959258612,42,54.1170578,0.11402723312415286,0.14451831525232486,0.11402723312415286,C
857.69757080,0,2023-02-22T18:04:25Z,140.34621959258612,42,54.1170578,0.11402723312415286,0.14451831525232486,0.11402723312415286,C
1000.00195313,0,2023-02-22T18:04:25Z,140.34621959258612,42,54.1170578,0.11402723312415286,0.14451831525232486,0.11402723312415286,C
0.10000020,0,2023-02-22T18:04:26Z,183.33071729875277,42,54.1170578,0.15115967869038882,0.1783408889101988,0.150370863862373,B
0.11659167,0,2023-02-22T18:04:26Z,183.33071729875277,42,54.1170578,0.15115967869038882,0.1783408889101988,0.150370863862373,B
0.13593590,0,2023-02-22T18:04:26Z,183.33071729875277,42,54.1170578,0.15115967869038882,0.1783408889101988,0.150370863862373,B
0.15848963,0,2023-02-22T18:04:26Z,183.33071729875277,42,54.1170578,0.15115967869038882,0.1783408889101988,0.150370863862373,B
0.18478534,0,2023-02-22T18:04:26Z,183.33071729875277,42,54.1170578,0.15115967869038882,0.1783408889101988,0.150370863862373,B
0.21544389,0,2023-02-22T18:04:26Z,183.33071729875277,42,54.1170578,0.15115967869038882,0.1783408889101988,0.150370863862373,B
0.25118914,0,2023-02-22T18:04:26Z,183.33071729875277,42,54.1170578,0.15115967869038882,0.1783408889101988,0.150370863862373,B
0.29286504,0,2023-02-22T18:04:26Z,183.33071729875277,42,54.1170578,0.15115967869038882,0.1783408889101988,0.150370863862373,B
0.34145555,0,2023-02-22T18:04:26Z,183.33071729875277,42,54.1170578,0.15115967869038882,0.1783408889101988,0.150370863862373,B
0.39810795,0,2023-02-22T18:04:26Z,183.33071729875277,42,54.1170578,0.15115967869038882,0.1783408889101988,0.150370863862373,B
0.46415979,0,2023-02-22T18:04:26Z,183.33071729875277,42,54.1170578,0.15115967869038882,0.1783408889101988,0.150370863862373,B
0.54117060,0,2023-02-22T18:04:26Z,183.33071729875277,42,54.1170578,0.15115967869038882,0.1783408889101988,0.150370863862373,B
0.63095856,0,2023-02-22T18:04:26Z,183.33071729875277,42,54.1170578,0.15115967869038882,0.1783408889101988,0.150370863862373,B
0.73564368,0,2023-02-22T18:04:26Z,183.33071729875277,42,54.1170578,0.15115967869038882,0.1783408889101988,0.150370863862373,B
0.85769761,0,2023-02-22T18:04:26Z,183.33071729875277,42,54.1170578,0.15115967869038882,0.1783408889101988,0.150370863862373,B
1.00000191,0.0438612885773,2023-02-22T18:04:26Z,183.33071729875277,42,54.1170578,0.15115967869038882,0.1783408889101988,0.150370863862373,B
1.16591668,2.27158999443,2023-02-22T18:04:26Z,183.33071729875277,42,54.1170578,0.15115967869038882,0.1783408889101988,0.150370863862373,B
1.35935903,6.97521734238,2023-02-22T18:04:26Z,183.33071729875277,42,54.1170578,0.15115967869038882,0.1783408889101988,0.150370863862373,B
1.58489633,4.7208108902,2023-02-22T18:04:26Z,183.33071729875277,42,54.1170578,0.15115967869038882,0.1783408889101988,0.150370863862373,B
1.84785342,1.02560687065,2023-02-22T18:04:26Z,183.33071729875277,42,54.1170578,0.15115967869038882,0.1783408889101988,0.150370863862373,B
2.15443897,0.0772522389889,2023-02-22T18:04:26Z,183.33071729875277,42,54.1170578,0.15115967869038882,0.1783408889101988,0.150370863862373,B
2.51189137,0.00162528431974,2023-02-22T18:04:26Z,183.33071729875277,42,54.1170578,0.15115967869038882,0.1783408889101988,0.150370863862373,B
2.92865038,3.95948154619e-6,2023-02-22T18:04:26Z,183.33071729875277,42,54.1170578,0.15115967869038882,0.1783408889101988,0.150370863862373,B
3.41455555,1.13951695302e-11,2023-02-22T18:04:26Z,183.33071729875277,42,54.1170578,0.15115967869038882,0.1783408889101988,0.150370863862373,B
3.98107958,0,2023-02-22T18:04:26Z,183.33071729875277,42,54.1170578,0.15115967869038882,0.1783408889101988,0.150370863862373,B
4.64159775,0,2023-02-22T18:04:26Z,183.33071729875277,42,54.1170578,0.15115967869038882,0.1783408889101988,0.150370863862373,B
5.41170597,0,2023-02-22T18:04:26Z,183.33071729875277,42,54.1170578,0.15115967869038882,0.1783408889101988,0.150370863862373,B
6.30958605,0.301217108965,2023-02-22T18:04:26Z,183.33071729875277,42,54.1170578,0.15115967869038882,0.1783408889101988,0.150370863862373,B
7.35643721,0.841607034206,2023-02-22T18:04:26Z,183.33071729875277,42,54.1170578,0.15115967869038882,0.1783408889101988,0.150370863862373,B
8.57697582,1.57529687881,2023-02-22T18:04:26Z,183.33071729875277,42,54.1170578,0.15115967869038882,0.1783408889101988,0.150370863862373,B
10.00002003,2.44001841545,2023-02-22T18:04:26Z,183.33071729875277,42,54.1170578,0.15115967869038882,0.1783408889101988,0.150370863862373,B
11.65916729,3.32964062691,2023-02-22T18:04:26Z,183.33071729875277,42,54.1170578,0.15115967869038882,0.1783408889101988,0.150370863862373,B
13.59359074,4.09077072144,2023-02-22T18:04:26Z,183.33071729875277,42,54.1170578,0.15115967869038882,0.1783408889101988,0.150370863862373,B
15.84896278,4.53709936142,2023-02-22T18:04:26Z,183.33071729875277,42,54.1170578,0.15115967869038882,0.1783408889101988,0.150370863862373,B
18.47853470,4.49829721451,2023-02-22T18:04:26Z,183.33071729875277,42,54.1170578,0.15115967869038882,0.1783408889101988,0.150370863862373,B
21.54438972,3.89549612999,2023-02-22T18:04:26Z,183.33071729875277,42,54.1170578,0.15115967869038882,0.1783408889101988,0.150370863862373,B
25.11891365,2.83242940903,2023-02-22T18:04:26Z,183.33071729875277,42,54.1170578,0.15115967869038882,0.1783408889101988,0.150370863862373,B
29.28650284,1.649315238,2023-02-22T18:04:26Z,183.33071729875277,42,54.1170578,0.15115967869038882,0.1783408889101988,0.150370863862373,B
34.14555740,0.860464572906,2023-02-22T18:04:26Z,183.33071729875277,42,54.1170578,0.15115967869038882,0.1783408889101988,0.150370863862373,B
39.81079483,0.976445794106,2023-02-22T18:04:26Z,183.33071729875277,42,54.1170578,0.15115967869038882,0.1783408889101988,0.150370863862373,B
46.41598129,2.48898172379,2023-02-22T18:04:26Z,183.33071729875277,42,54.1170578,0.15115967869038882,0.1783408889101988,0.150370863862373,B
54.11705780,5.64644241333,2023-02-22T18:04:26Z,183.33071729875277,42,54.1170578,0.15115967869038882,0.1783408889101988,0.150370863862373,B
63.09585953,9.81254386902,2023-02-22T18:04:26Z,183.33071729875277,42,54.1170578,0.15115967869038882,0.1783408889101988,0.150370863862373,B
73.56436920,13.2101135254,2023-02-22T18:04:26Z,183.33071729875277,42,54.1170578,0.15115967869038882,0.1783408889101988,0.150370863862373,B
85.76976013,13.3812532425,2023-02-22T18:04:26Z,183.33071729875277,42,54.1170578,0.15115967869038882,0.1783408889101988,0.150370863862373,B
100.00019836,8.51659965515,2023-02-22T18:04:26Z,183.33071729875277,42,54.1170578,0.15115967869038882,0.1783408889101988,0.150370863862373,B
116.59166718,0,2023-02-22T18:04:26Z,183.33071729875277,42,54.1170578,0.15115967869038882,0.1783408889101988,0.150370863862373,B
135.93591309,0,2023-02-22T18:04:26Z,183.33071729875277,42,54.1170578,0.15115967869038882,0.1783408889101988,0.150370863862373,B
158.48962402,0,2023-02-22T18:04:26Z,183.33071729875277,42,54.1170578,0.15115967869038882,0.1783408889101988,0.150370863862373,B
184.78533936,0,2023-02-22T18:04:26Z,183.33071729875277,42,54.1170578,0.15115967869038882,0.1783408889101988,0.150370863862373,B
215.44389343,0,2023-02-22T18:04:26Z,183.33071729875277,42,54.1170578,0.15115967869038882,0.1783408889101988,0.150370863862373,B
251.18913269,0,2023-02-22T18:04:26Z,183.33071729875277,42,54.1170578,0.15115967869038882,0.1783408889101988,0.150370863862373,B
292.86502075,0,2023-02-22T18:04:26Z,183.33071729875277,42,54.1170578,0.15115967869038882,0.1783408889101988,0.150370863862373,B
341.45556641,0,2023-02-22T18:04:26Z,183.33071729875277,42,54.1170578,0.15115967869038882,0.1783408889101988,0.150370863862373,B
398.10794067,0,2023-02-22T18:04:26Z,183.33071729875277,42,54.1170578,0.15115967869038882,0.1783408889101988,0.150370863862373,B
464.15979004,0,2023-02-22T18:04:26Z,183.33071729875277,42,54.1170578,0.15115967869038882,0.1783408889101988,0.150370863862373,B
541.17059326,0,2023-02-22T18:04:26Z,183.33071729875277,42,54.1170578,0.15115967869038882,0.1783408889101988,0.150370863862373,B
630.95855713,0,2023-02-22T18:04:26Z,183.33071729875277,42,54.1170578,0.15115967869038882,0.1783408889101988,0.150370863862373,B
735.64367676,0,2023-02-22T18:04:26Z,183.33071729875277,42,54.1170578,0.15115967869038882,0.1783408889101988,0.150370863862373,B
857.69757080,0,2023-02-22T18:04:26Z,183.33071729875277,42,54.1170578,0.15115967869038882,0.1783408889101988,0.150370863862373,B
1000.00195313,0,2023-02-22T18:04:26Z,183.33071729875277,42,54.1170578,0.15115967869038882,0.1783408889101988,0.150370863862373,B
0.10000020,0,2023-02-22T18:04:27Z,142.788662380625,46,100.00019836,0.14471412248426066,0.14538713927639466,0.14471412233239317,C
0.11659167,0,2023-02-22T18:04:27Z,142.788662380625,46,100.00019836,0.14471412248426066,0.14538713927639466,0.14471412233239317,C
0.13593590,0,2023-02-22T18:04:27Z,142.788662380625,46,100.00019836,0.14471412248426066,0.14538713927639466,0.14471412233239317,C
0.15848963,0,2023-02-22T18:04:27Z,142.788662380625,46,100.00019836,0.14471412248426066,0.14538713927639466,0.14471412233239317,C
0.18478534,0,2023-02-22T18:04:27Z,142.788662380625,46,100.00019836,0.14471412248426066,0.14538713927639466,0.14471412233239317,C
0.21544389,0,2023-02-22T18:04:27Z,142.788662380625,46,100.00019836,0.14471412248426066,0.14538713927639466,0.14471412233239317,C
0.25118914,0,2023-02-22T18:04:27Z,142.788662380625,46,100.00019836,0.14471412248426066,0.14538713927639466,0.14471412233239317,C
0.29286504,0,2023-02-22T18:04:27Z,142.788662380625,46,100.00019836,0.14471412248426066,0.14538713927639466,0.14471412233239317,C
0.34145555,0,2023-02-22T18:04:27Z,142.788662380625,46,100.00019836,0.14471412248426066,0.14538713927639466,0.14471412233239317,C
0.39810795,0,2023-02-22T18:04:27Z,142.788662380625,46,100.00019836,0.14471412248426066,0.14538713927639466,0.14471412233239317,C
0.46415979,0,2023-02-22T18:04:27Z,142.788662380625,46,100.00019836,0.14471412248426066,0.14538713927639466,0.14471412233239317,C
0.54117060,0,2023-02-22T18:04:27Z,142.788662380625,46,100.00019836,0.14471412248426066,0.14538713927639466,0.14471412233239317,C
0.63095856,0,2023-02-22T18:04:27Z,142.788662380625,46,100.00019836,0.14471412248426066,0.14538713927639466,0.14471412233239317,C
0.73564368,0,2023-02-22T18:04:27Z,142.788662380625,46,100.00019836,0.14471412248426066,0.14538713927639466,0.14471412233239317,C
0.85769761,0,2023-02-22T18:04:27Z,142.788662380625,46,100.00019836,0.14471412248426066,0.14538713927639466,0.14471412233239317,C
1.00000191,1.29044172495e-16,2023-02-22T18:04:27Z,142.788662380625,46,100.00019836,0.14471412248426066,0.14538713927639466,0.14471412233239317,C
1.16591668,1.49998042616e-4,2023-02-22T18:04:27Z,142.788662380625,46,100.00019836,0.14471412248426066,0.14538713927639466,0.14471412233239317,C
1.35935903,4.51404237747,2023-02-22T18:04:27Z,142.788662380625,46,100.00019836,0.14471412248426066,0.14538713927639466,0.14471412233239317,C
1.58489633,9.94314193726,2023-02-22T18:04:27Z,142.788662380625,46,100.00019836,0.14471412248426066,0.14538713927639466,0.14471412233239317,C
1.84785342,0.0140779204667,2023-02-22T18:04:27Z,142.788662380625,46,100.00019836,0.14471412248426066,0.14538713927639466,0.14471412233239317,C
2.15443897,1.51867496356e-8,2023-02-22T18:04:27Z,142.788662380625,46,100.00019836,0.14471412248426066,0.14538713927639466,0.14471412233239317,C
2.51189137,1.30685355079e-18,2023-02-22T18:04:27Z,142.788662380625,46,100.00019836,0.14471412248426066,0.14538713927639466,0.14471412233239317,C
2.92865038,3.68150253586e-37,2023-02-22T18:04:27Z,142.788662380625,46,100.00019836,0.14471412248426066,0.14538713927639466,0.14471412233239317,C
3.41455555,0,2023-02-22T18:04:27Z,142.788662380625,46,100.00019836,0.14471412248426066,0.14538713927639466,0.14471412233239317,C
3.98107958,0,2023-02-22T18:04:27Z,142.788662380625,46,100.00019836,0.14471412248426066,0.14538713927639466,0.14471412233239317,C
4.64159775,0,2023-02-22T18:04:27Z,142.788662380625,46,100.00019836,0.14471412248426066,0.14538713927639466,0.14471412233239317,C
5.41170597,0,2023-02-22T18:04:27Z,142.788662380625,46,100.00019836,0.14471412248426066,0.14538713927639466,0.14471412233239317,C
6.30958605,1.67461854289e-4,2023-02-22T18:04:27Z,142.788662380625,46,100.00019836,0.14471412248426066,0.14538713927639466,0.14471412233239317,C
7.35643721,0.00655528623611,2023-02-22T18:04:27Z,142.788662380625,46,100.00019836,0.14471412248426066,0.14538713927639466,0.14471412233239317,C
8.57697582,0.060578931123,2023-02-22T18:04:27Z,142.788662380625,46,100.00019836,0.14471412248426066,0.14538713927639466,0.14471412233239317,C
10.00002003,0.314403265715,2023-02-22T18:04:27Z,142.788662380625,46,100.00019836,0.14471412248426066,0.14538713927639466,0.14471412233239317,C
11.65916729,1.12500667572,2023-02-22T18:04:27Z,142.788662380625,46,100.00019836,0.14471412248426066,0.14538713927639466,0.14471412233239317,C
13.59359074,2.96119880676,2023-02-22T18:04:27Z,142.788662380625,46,100.00019836,0.14471412248426066,0.14538713927639466,0.14471412233239317,C
15.84896278,5.76110839844,2023-02-22T18:04:27Z,142.788662380625,46,100.00019836,0.14471412248426066,0.14538713927639466,0.14471412233239317,C
18.47853470,7.96375846863,2023-02-22T18:04:27Z,142.788662380625,46,100.00019836,0.14471412248426066,0.14538713927639466,0.14471412233239317,C
21.54438972,7.05152606964,2023-02-22T18:04:27Z,142.788662380625,46,100.00019836,0.14471412248426066,0.14538713927639466,0.14471412233239317,C
25.11891365,3.12108898163,2023-02-22T18:04:27Z,142.788662380625,46,100.00019836,0.14471412248426066,0.14538713927639466,0.14471412233239317,C
29.28650284,0.310774505138,2023-02-22T18:04:27Z,142.788662380625,46,100.00019836,0.14471412248426066,0.14538713927639466,0.14471412233239317,C
34.14555740,0,2023-02-22T18:04:27Z,142.788662380625,46,100.00019836,0.14471412248426066,0.14538713927639466,0.14471412233239317,C
39.81079483,0,2023-02-22T18:04:27Z,142.788662380625,46,100.00019836,0.14471412248426066,0.14538713927639466,0.14471412233239317,C
46.41598129,0,2023-02-22T18:04:27Z,142.788662380625,46,100.00019836,0.14471412248426066,0.14538713927639466,0.14471412233239317,C
54.11705780,0,2023-02-22T18:04:27Z,142.788662380625,46,100.00019836,0.14471412248426066,0.14538713927639466,0.14471412233239317,C
63.09585953,0,2023-02-22T18:04:27Z,142.788662380625,46,100.00019836,0.14471412248426066,0.14538713927639466,0.14471412233239317,C
73.56436920,0,2023-02-22T18:04:27Z,142.788662380625,46,100.00019836,0.14471412248426066,0.14538713927639466,0.14471412233239317,C
85.76976013,0,2023-02-22T18:04:27Z,142.788662380625,46,100.00019836,0.14471412248426066,0.14538713927639466,0.14471412233239317,C
100.00019836,56.8524169922,2023-02-22T18:04:27Z,142.788662380625,46,100.00019836,0.14471412248426066,0.14538713927639466,0.14471412233239317,C
116.59166718,0,2023-02-22T18:04:27Z,142.788662380625,46,100.00019836,0.14471412248426066,0.14538713927639466,0.14471412233239317,C
135.93591309,0,2023-02-22T18:04:27Z,142.788662380625,46,100.00019836,0.14471412248426066,0.14538713927639466,0.14471412233239317,C
158.48962402,0,2023-02-22T18:04:27Z,142.788662380625,46,100.00019836,0.14471412248426066,0.14538713927639466,0.14471412233239317,C
184.78533936,0,2023-02-22T18:04:27Z,142.788662380625,46,100.00019836,0.14471412248426066,0.14538713927639466,0.14471412233239317,C
215.44389343,0,2023-02-22T18:04:27Z,142.788662380625,46,100.00019836,0.14471412248426066,0.14538713927639466,0.14471412233239317,C
251.18913269,0,2023-02-22T18:04:27Z,142.788662380625,46,100.00019836,0.14471412248426066,0.14538713927639466,0.14471412233239317,C
292.86502075,0,2023-02-22T18:04:27Z,142.788662380625,46,100.00019836,0.14471412248426066,0.14538713927639466,0.14471412233239317,C
341.45556641,0,2023-02-22T18:04:27Z,142.788662380625,46,100.00019836,0.14471412248426066,0.14538713927639466,0.14471412233239317,C
398.10794067,0,2023-02-22T18:04:27Z,142.788662380625,46,100.00019836,0.14471412248426066,0.14538713927639466,0.14471412233239317,C
464.15979004,0,2023-02-22T18:04:27Z,142.788662380625,46,100.00019836,0.14471412248426066,0.14538713927639466,0.14471412233239317,C
541.17059326,0,2023-02-22T18:04:27Z,142.788662380625,46,100.00019836,0.14471412248426066,0.14538713927639466,0.14471412233239317,C
630.95855713,0,2023-02-22T18:04:27Z,142.788662380625,46,100.00019836,0.14471412248426066,0.14538713927639466,0.14471412233239317,C
735.64367676,0,2023-02-22T18:04:27Z,142.788662380625,46,100.00019836,0.14471412248426066,0.14538713927639466,0.14471412233239317,C
857.69757080,0,2023-02-22T18:04:27Z,142.788662380625,46,100.00019836,0.14471412248426066,0.14538713927639466,0.14471412233239317,C
1000.00195313,0,2023-02-22T18:04:27Z,142.788662380625,46,100.00019836,0.14471412248426066,0.14538713927639466,0.14471412233239317,C
0.10000020,0,2023-02-22T18:04:28Z,121.2585544586389,46,100.00019836,0.11667417287864006,0.11695398625489585,0.11667417287864006,C
0.11659167,0,2023-02-22T18:04:28Z,121.2585544586389,46,100.00019836,0.11667417287864006,0.11695398625489585,0.11667417287864006,C
0.13593590,0,2023-02-22T18:04:28Z,121.2585544586389,46,100.00019836,0.11667417287864006,0.11695398625489585,0.11667417287864006,C
0.15848963,0,2023-02-22T18:04:28Z,121.2585544586389,46,100.00019836,0.11667417287864006,0.11695398625489585,0.11667417287864006,C
0.18478534,0,2023-02-22T18:04:28Z,121.2585544586389,46,100.00019836,0.11667417287864006,0.11695398625489585,0.11667417287864006,C
0.21544389,0,2023-02-22T18:04:28Z,121.2585544586389,46,100.00019836,0.11667417287864006,0.11695398625489585,0.11667417287864006,C
0.25118914,0,2023-02-22T18:04:28Z,121.2585544586389,46,100.00019836,0.11667417287864006,0.11695398625489585,0.11667417287864006,C
0.29286504,0,2023-02-22T18:04:28Z,121.2585544586389,46,100.00019836,0.11667417287864006,0.11695398625489585,0.11667417287864006,C
0.34145555,0,2023-02-22T18:04:28Z,121.2585544586389,46,100.00019836,0.11667417287864006,0.11695398625489585,0.11667417287864006,C
0.39810795,0,2023-02-22T18:04:28Z,121.2585544586389,46,100.00019836,0.11667417287864006,0.11695398625489585,0.11667417287864006,C
0.46415979,0,2023-02-22T18:04:28Z,121.2585544586389,46,100.00019836,0.11667417287864006,0.11695398625489585,0.11667417287864006,C
0.54117060,0,2023-02-22T18:04:28Z,121.2585544586389,46,100.00019836,0.11667417287864006,0.11695398625489585,0.11667417287864006,C
0.63095856,0,2023-02-22T18:04:28Z,121.2585544586389,46,100.00019836,0.11667417287864006,0.11695398625489585,0.11667417287864006,C
0.73564368,0,2023-02-22T18:04:28Z,121.2585544586389,46,100.00019836,0.11667417287864006,0.11695398625489585,0.11667417287864006,C
0.85769761,0,2023-02-22T18:04:28Z,121.2585544586389,46,100.00019836,0.11667417287864006,0.11695398625489585,0.11667417287864006,C
1.00000191,0,2023-02-22T18:04:28Z,121.2585544586389,46,100.00019836,0.11667417287864006,0.11695398625489585,0.11667417287864006,C
1.16591668,1.83119163482e-15,2023-02-22T18:04:28Z,121.2585544586389,46,100.00019836,0.11667417287864006,0.11695398625489585,0.11667417287864006,C
1.35935903,10.886631012,2023-02-22T18:04:28Z,121.2585544586389,46,100.00019836,0.11667417287864006,0.11695398625489585,0.11667417287864006,C
1.58489633,0.780786275864,2023-02-22T18:04:28Z,121.2585544586389,46,100.00019836,0.11667417287864006,0.11695398625489585,0.11667417287864006,C
1.84785342,2.11829832273e-15,2023-02-22T18:04:28Z,121.2585544586389,46,100.00019836,0.11667417287864006,0.11695398625489585,0.11667417287864006,C
2.15443897,0,2023-02-22T18:04:28Z,121.2585544586389,46,100.00019836,0.11667417287864006,0.11695398625489585,0.11667417287864006,C
2.51189137,0,2023-02-22T18:04:28Z,121.2585544586389,46,100.00019836,0.11667417287864006,0.11695398625489585,0.11667417287864006,C
2.92865038,0,2023-02-22T18:04:28Z,121.2585544586389,46,100.00019836,0.11667417287864006,0.11695398625489585,0.11667417287864006,C
3.41455555,0,2023-02-22T18:04:28Z,121.2585544586389,46,100.00019836,0.11667417287864006,0.11695398625489585,0.11667417287864006,C
3.98107958,0,2023-02-22T18:04:28Z,121.2585544586389,46,100.00019836,0.11667417287864006,0.11695398625489585,0.11667417287864006,C
4.64159775,0,2023-02-22T18:04:28Z,121.2585544586389,46,100.00019836,0.11667417287864006,0.11695398625489585,0.11667417287864006,C
5.41170597,0,2023-02-22T18:04:28Z,121.2585544586389,46,100.00019836,0.11667417287864006,0.11695398625489585,0.11667417287864006,C
6.30958605,0,2023-02-22T18:04:28Z,121.2585544586389,46,100.00019836,0.11667417287864006,0.11695398625489585,0.11667417287864006,C
7.35643721,0.00164986262098,2023-02-22T18:04:28Z,121.2585544586389,46,100.00019836,0.11667417287864006,0.11695398625489585,0.11667417287864006,C
8.57697582,0.0263314750046,2023-02-22T18:04:28Z,121.2585544586389,46,100.00019836,0.11667417287864006,0.11695398625489585,0.11667417287864006,C
10.00002003,0.174834430218,2023-02-22T18:04:28Z,121.2585544586389,46,100.00019836,0.11667417287864006,0.11695398625489585,0.11667417287864006,C
11.65916729,0.737305164337,2023-02-22T18:04:28Z,121.2585544586389,46,100.00019836,0.11667417287864006,0.11695398625489585,0.11667417287864006,C
13.59359074,2.18634963036,2023-02-22T18:04:28Z,121.2585544586389,46,100.00019836,0.11667417287864006,0.11695398625489585,0.11667417287864006,C
15.84896278,4.61786031723,2023-02-22T18:04:28Z,121.2585544586389,46,100.00019836,0.11667417287864006,0.11695398625489585,0.11667417287864006,C
18.47853470,6.61586523056,2023-02-22T18:04:28Z,121.2585544586389,46,100.00019836,0.11667417287864006,0.11695398625489585,0.11667417287864006,C
21.54438972,5.43653535843,2023-02-22T18:04:28Z,121.2585544586389,46,100.00019836,0.11667417287864006,0.11695398625489585,0.11667417287864006,C
25.11891365,1.22733736038,2023-02-22T18:04:28Z,121.2585544586389,46,100.00019836,0.11667417287864006,0.11695398625489585,0.11667417287864006,C
29.28650284,0,2023-02-22T18:04:28Z,121.2585544586389,46,100.00019836,0.11667417287864006,0.11695398625489585,0.11667417287864006,C
34.14555740,0,2023-02-22T18:04:28Z,121.2585544586389,46,100.00019836,0.11667417287864006,0.11695398625489585,0.11667417287864006,C
39.81079483,0,2023-02-22T18:04:28Z,121.2585544586389,46,100.00019836,0.11667417287864006,0.11695398625489585,0.11667417287864006,C
46.41598129,0,2023-02-22T18:04:28Z,121.2585544586389,46,100.00019836,0.11667417287864006,0.11695398625489585,0.11667417287864006,C
54.11705780,0,2023-02-22T18:04:28Z,121.2585544586389,46,100.00019836,0.11667417287864006,0.11695398625489585,0.11667417287864006,C
63.09585953,0,2023-02-22T18:04:28Z,121.2585544586389,46,100.00019836,0.11667417287864006,0.11695398625489585,0.11667417287864006,C
73.56436920,0,2023-02-22T18:04:28Z,121.2585544586389,46,100.00019836,0.11667417287864006,0.11695398625489585,0.11667417287864006,C
85.76976013,0,2023-02-22T18:04:28Z,121.2585544586389,46,100.00019836,0.11667417287864006,0.11695398625489585,0.11667417287864006,C
100.00019836,67.3085174561,2023-02-22T18:04:28Z,121.2585544586389,46,100.00019836,0.11667417287864006,0.11695398625489585,0.11667417287864006,C
116.59166718,0,2023-02-22T18:04:28Z,121.2585544586389,46,100.00019836,0.11667417287864006,0.11695398625489585,0.11667417287864006,C
135.93591309,0,2023-02-22T18:04:28Z,121.2585544586389,46,100.00019836,0.11667417287864006,0.11695398625489585,0.11667417287864006,C
158.48962402,0,2023-02-22T18:04:28Z,121.2585544586389,46,100.00019836,0.11667417287864006,0.11695398625489585,0.11667417287864006,C
184.78533936,0,2023-02-22T18:04:28Z,121.2585544586389,46,100.00019836,0.11667417287864006,0.11695398625489585,0.11667417287864006,C
215.44389343,0,2023-02-22T18:04:28Z,121.2585544586389,46,100.00019836,0.11667417287864006,0.11695398625489585,0.11667417287864006,C
251.18913269,0,2023-02-22T18:04:28Z,121.2585544586389,46,100.00019836,0.11667417287864006,0.11695398625489585,0.11667417287864006,C
292.86502075,0,2023-02-22T18:04:28Z,121.2585544586389,46,100.00019836,0.11667417287864006,0.11695398625489585,0.11667417287864006,C
341.45556641,0,2023-02-22T18:04:28Z,121.2585544586389,46,100.00019836,0.11667417287864006,0.11695398625489585,0.11667417287864006,C
398.10794067,0,2023-02-22T18:04:28Z,121.2585544586389,46,100.00019836,0.11667417287864006,0.11695398625489585,0.11667417287864006,C
464.15979004,0,2023-02-22T18:04:28Z,121.2585544586389,46,100.00019836,0.11667417287864006,0.11695398625489585,0.11667417287864006,C
541.17059326,0,2023-02-22T18:04:28Z,121.2585544586389,46,100.00019836,0.11667417287864006,0.11695398625489585,0.11667417287864006,C
630.95855713,0,2023-02-22T18:04:28Z,121.2585544586389,46,100.00019836,0.11667417287864006,0.11695398625489585,0.11667417287864006,C
735.64367676,0,2023-02-22T18:04:28Z,121.2585544586389,46,100.00019836,0.11667417287864006,0.11695398625489585,0.11667417287864006,C
857.69757080,0,2023-02-22T18:04:28Z,121.2585544586389,46,100.00019836,0.11667417287864006,0.11695398625489585,0.11667417287864006,C
1000.00195313,0,2023-02-22T18:04:28Z,121.2585544586389,46,100.00019836,0.11667417287864006,0.11695398625489585,0.11667417287864006,C
0.10000020,0,2023-02-22T18:04:29Z,139.60194439357778,46,100.00019836,0.09795173645022219,0.1054391743708682,0.09795173645022219,C
0.11659167,0,2023-02-22T18:04:29Z,139.60194439357778,46,100.00019836,0.09795173645022219,0.1054391743708682,0.09795173645022219,C
0.13593590,0,2023-02-22T18:04:29Z,139.60194439357778,46,100.00019836,0.09795173645022219,0.1054391743708682,0.09795173645022219,C
0.15848963,0,2023-02-22T18:04:29Z,139.60194439357778,46,100.00019836,0.09795173645022219,0.1054391743708682,0.09795173645022219,C
0.18478534,0,2023-02-22T18:04:29Z,139.60194439357778,46,100.00019836,0.09795173645022219,0.1054391743708682,0.09795173645022219,C
0.21544389,0,2023-02-22T18:04:29Z,139.60194439357778,46,100.00019836,0.09795173645022219,0.1054391743708682,0.09795173645022219,C
0.25118914,0,2023-02-22T18:04:29Z,139.60194439357778,46,100.00019836,0.09795173645022219,0.1054391743708682,0.09795173645022219,C
0.29286504,0,2023-02-22T18:04:29Z,139.60194439357778,46,100.00019836,0.09795173645022219,0.1054391743708682,0.09795173645022219,C
0.34145555,0,2023-02-22T18:04:29Z,139.60194439357778,46,100.00019836,0.09795173645022219,0.1054391743708682,0.09795173645022219,C
0.39810795,0,2023-02-22T18:04:29Z,139.60194439357778,46,100.00019836,0.09795173645022219,0.1054391743708682,0.09795173645022219,C
0.46415979,0,2023-02-22T18:04:29Z,139.60194439357778,46,100.00019836,0.09795173645022219,0.1054391743708682,0.09795173645022219,C
0.54117060,0,2023-02-22T18:04:29Z,139.60194439357778,46,100.00019836,0.09795173645022219,0.1054391743708682,0.09795173645022219,C
0.63095856,0,2023-02-22T18:04:29Z,139.60194439357778,46,100.00019836,0.09795173645022219,0.1054391743708682,0.09795173645022219,C
0.73564368,0,2023-02-22T18:04:29Z,139.60194439357778,46,100.00019836,0.09795173645022219,0.1054391743708682,0.09795173645022219,C
0.85769761,0,2023-02-22T18:04:29Z,139.60194439357778,46,100.00019836,0.09795173645022219,0.1054391743708682,0.09795173645022219,C
1.00000191,0,2023-02-22T18:04:29Z,139.60194439357778,46,100.00019836,0.09795173645022219,0.1054391743708682,0.09795173645022219,C
1.16591668,0,2023-02-22T18:04:29Z,139.60194439357778,46,100.00019836,0.09795173645022219,0.1054391743708682,0.09795173645022219,C
1.35935903,9.79517364502,2023-02-22T18:04:29Z,139.60194439357778,46,100.00019836,0.09795173645022219,0.1054391743708682,0.09795173645022219,C
1.58489633,2.21934840297e-12,2023-02-22T18:04:29Z,139.60194439357778,46,100.00019836,0.09795173645022219,0.1054391743708682,0.09795173645022219,C
1.84785342,0,2023-02-22T18:04:29Z,139.60194439357778,46,100.00019836,0.09795173645022219,0.1054391743708682,0.09795173645022219,C
2.15443897,0,2023-02-22T18:04:29Z,139.60194439357778,46,100.00019836,0.09795173645022219,0.1054391743708682,0.09795173645022219,C
2.51189137,0,2023-02-22T18:04:29Z,139.60194439357778,46,100.00019836,0.09795173645022219,0.1054391743708682,0.09795173645022219,C
2.92865038,0,2023-02-22T18:04:29Z,139.60194439357778,46,100.00019836,0.09795173645022219,0.1054391743708682,0.09795173645022219,C
3.41455555,0,2023-02-22T18:04:29Z,139.60194439357778,46,100.00019836,0.09795173645022219,0.1054391743708682,0.09795173645022219,C
3.98107958,0,2023-02-22T18:04:29Z,139.60194439357778,46,100.00019836,0.09795173645022219,0.1054391743708682,0.09795173645022219,C
4.64159775,0,2023-02-22T18:04:29Z,139.60194439357778,46,100.00019836,0.09795173645022219,0.1054391743708682,0.09795173645022219,C
5.41170597,0,2023-02-22T18:04:29Z,139.60194439357778,46,100.00019836,0.09795173645022219,0.1054391743708682,0.09795173645022219,C
6.30958605,0.0112822400406,2023-02-22T18:04:29Z,139.60194439357778,46,100.00019836,0.09795173645022219,0.1054391743708682,0.09795173645022219,C
7.35643721,0.164130374789,2023-02-22T18:04:29Z,139.60194439357778,46,100.00019836,0.09795173645022219,0.1054391743708682,0.09795173645022219,C
8.57697582,0.573331177235,2023-02-22T18:04:29Z,139.60194439357778,46,100.00019836,0.09795173645022219,0.1054391743708682,0.09795173645022219,C
10.00002003,1.37390160561,2023-02-22T18:04:29Z,139.60194439357778,46,100.00019836,0.09795173645022219,0.1054391743708682,0.09795173645022219,C
11.65916729,2.61608338356,2023-02-22T18:04:29Z,139.60194439357778,46,100.00019836,0.09795173645022219,0.1054391743708682,0.09795173645022219,C
13.59359074,4.11282205582,2023-02-22T18:04:29Z,139.60194439357778,46,100.00019836,0.09795173645022219,0.1054391743708682,0.09795173645022219,C
15.84896278,5.32160568237,2023-02-22T18:04:29Z,139.60194439357778,46,100.00019836,0.09795173645022219,0.1054391743708682,0.09795173645022219,C
18.47853470,5.43378353119,2023-02-22T18:04:29Z,139.60194439357778,46,100.00019836,0.09795173645022219,0.1054391743708682,0.09795173645022219,C
21.54438972,3.8195297718,2023-02-22T18:04:29Z,139.60194439357778,46,100.00019836,0.09795173645022219,0.1054391743708682,0.09795173645022219,C
25.11891365,0.857970416546,2023-02-22T18:04:29Z,139.60194439357778,46,100.00019836,0.09795173645022219,0.1054391743708682,0.09795173645022219,C
29.28650284,0,2023-02-22T18:04:29Z,139.60194439357778,46,100.00019836,0.09795173645022219,0.1054391743708682,0.09795173645022219,C
34.14555740,0,2023-02-22T18:04:29Z,139.60194439357778,46,100.00019836,0.09795173645022219,0.1054391743708682,0.09795173645022219,C
39.81079483,0,2023-02-22T18:04:29Z,139.60194439357778,46,100.00019836,0.09795173645022219,0.1054391743708682,0.09795173645022219,C
46.41598129,0,2023-02-22T18:04:29Z,139.60194439357778,46,100.00019836,0.09795173645022219,0.1054391743708682,0.09795173645022219,C
54.11705780,0,2023-02-22T18:04:29Z,139.60194439357778,46,100.00019836,0.09795173645022219,0.1054391743708682,0.09795173645022219,C
63.09585953,0,2023-02-22T18:04:29Z,139.60194439357778,46,100.00019836,0.09795173645022219,0.1054391743708682,0.09795173645022219,C
73.56436920,0,2023-02-22T18:04:29Z,139.60194439357778,46,100.00019836,0.09795173645022219,0.1054391743708682,0.09795173645022219,C
85.76976013,0,2023-02-22T18:04:29Z,139.60194439357778,46,100.00019836,0.09795173645022219,0.1054391743708682,0.09795173645022219,C
100.00019836,65.9203872681,2023-02-22T18:04:29Z,139.60194439357778,46,100.00019836,0.09795173645022219,0.1054391743708682,0.09795173645022219,C
116.59166718,0,2023-02-22T18:04:29Z,139.60194439357778,46,100.00019836,0.09795173645022219,0.1054391743708682,0.09795173645022219,C
135.93591309,0,2023-02-22T18:04:29Z,139.60194439357778,46,100.00019836,0.09795173645022219,0.1054391743708682,0.09795173645022219,C
158.48962402,0,2023-02-22T18:04:29Z,139.60194439357778,46,100.00019836,0.09795173645022219,0.1054391743708682,0.09795173645022219,C
184.78533936,0,2023-02-22T18:04:29Z,139.60194439357778,46,100.00019836,0.09795173645022219,0.1054391743708682,0.09795173645022219,C
215.44389343,0,2023-02-22T18:04:29Z,139.60194439357778,46,100.00019836,0.09795173645022219,0.1054391743708682,0.09795173645022219,C
251.18913269,0,2023-02-22T18:04:29Z,139.60194439357778,46,100.00019836,0.09795173645022219,0.1054391743708682,0.09795173645022219,C
292.86502075,0,2023-02-22T18:04:29Z,139.60194439357778,46,100.00019836,0.09795173645022219,0.1054391743708682,0.09795173645022219,C
341.45556641,0,2023-02-22T18:04:29Z,139.60194439357778,46,100.00019836,0.09795173645022219,0.1054391743708682,0.09795173645022219,C
398.10794067,0,2023-02-22T18:04:29Z,139.60194439357778,46,100.00019836,0.09795173645022219,0.1054391743708682,0.09795173645022219,C
464.15979004,0,2023-02-22T18:04:29Z,139.60194439357778,46,100.00019836,0.09795173645022219,0.1054391743708682,0.09795173645022219,C
541.17059326,0,2023-02-22T18:04:29Z,139.60194439357778,46,100.00019836,0.09795173645022219,0.1054391743708682,0.09795173645022219,C
630.95855713,0,2023-02-22T18:04:29Z,139.60194439357778,46,100.00019836,0.09795173645022219,0.1054391743708682,0.09795173645022219,C
735.64367676,0,2023-02-22T18:04:29Z,139.60194439357778,46,100.00019836,0.09795173645022219,0.1054391743708682,0.09795173645022219,C
857.69757080,0,2023-02-22T18:04:29Z,139.60194439357778,46,100.00019836,0.09795173645022219,0.1054391743708682,0.09795173645022219,C
1000.00195313,0,2023-02-22T18:04:29Z,139.60194439357778,46,100.00019836,0.09795173645022219,0.1054391743708682,0.09795173645022219,C
0.10000020,0,2023-02-22T18:04:30Z,130.5723667144472,42,54.1170578,0.11164084434509283,0.13758109554644282,0.11164084434509283,C
0.11659167,0,2023-02-22T18:04:30Z,130.5723667144472,42,54.1170578,0.11164084434509283,0.13758109554644282,0.11164084434509283,C
0.13593590,0,2023-02-22T18:04:30Z,130.5723667144472,42,54.1170578,0.11164084434509283,0.13758109554644282,0.11164084434509283,C
0.15848963,0,2023-02-22T18:04:30Z,130.5723667144472,42,54.1170578,0.11164084434509283,0.13758109554644282,0.11164084434509283,C
0.18478534,0,2023-02-22T18:04:30Z,130.5723667144472,42,54.1170578,0.11164084434509283,0.13758109554644282,0.11164084434509283,C
0.21544389,0,2023-02-22T18:04:30Z,130.5723667144472,42,54.1170578,0.11164084434509283,0.13758109554644282,0.11164084434509283,C
0.25118914,0,2023-02-22T18:04:30Z,130.5723667144472,42,54.1170578,0.11164084434509283,0.13758109554644282,0.11164084434509283,C
0.29286504,0,2023-02-22T18:04:30Z,130.5723667144472,42,54.1170578,0.11164084434509283,0.13758109554644282,0.11164084434509283,C
0.34145555,0,2023-02-22T18:04:30Z,130.5723667144472,42,54.1170578,0.11164084434509283,0.13758109554644282,0.11164084434509283,C
0.39810795,0,2023-02-22T18:04:30Z,130.5723667144472,42,54.1170578,0.11164084434509283,0.13758109554644282,0.11164084434509283,C
0.46415979,0,2023-02-22T18:04:30Z,130.5723667144472,42,54.1170578,0.11164084434509283,0.13758109554644282,0.11164084434509283,C
0.54117060,0,2023-02-22T18:04:30Z,130.5723667144472,42,54.1170578,0.11164084434509283,0.13758109554644282,0.11164084434509283,C
0.63095856,0,2023-02-22T18:04:30Z,130.5723667144472,42,54.1170578,0.11164084434509283,0.13758109554644282,0.11164084434509283,C
0.73564368,0,2023-02-22T18:04:30Z,130.5723667144472,42,54.1170578,0.11164084434509283,0.13758109554644282,0.11164084434509283,C
0.85769761,0,2023-02-22T18:04:30Z,130.5723667144472,42,54.1170578,0.11164084434509283,0.13758109554644282,0.11164084434509283,C
1.00000191,0,2023-02-22T18:04:30Z,130.5723667144472,42,54.1170578,0.11164084434509283,0.13758109554644282,0.11164084434509283,C
1.16591668,0,2023-02-22T18:04:30Z,130.5723667144472,42,54.1170578,0.11164084434509283,0.13758109554644282,0.11164084434509283,C
1.35935903,11.1640844345,2023-02-22T18:04:30Z,130.5723667144472,42,54.1170578,0.11164084434509283,0.13758109554644282,0.11164084434509283,C
1.58489633,9.28253481025e-12,2023-02-22T18:04:30Z,130.5723667144472,42,54.1170578,0.11164084434509283,0.13758109554644282,0.11164084434509283,C
1.84785342,0,2023-02-22T18:04:30Z,130.5723667144472,42,54.1170578,0.11164084434509283,0.13758109554644282,0.11164084434509283,C
2.15443897,0,2023-02-22T18:04:30Z,130.5723667144472,42,54.1170578,0.11164084434509283,0.13758109554644282,0.11164084434509283,C
2.51189137,0,2023-02-22T18:04:30Z,130.5723667144472,42,54.1170578,0.11164084434509283,0.13758109554644282,0.11164084434509283,C
2.92865038,0,2023-02-22T18:04:30Z,130.5723667144472,42,54.1170578,0.11164084434509283,0.13758109554644282,0.11164084434509283,C
3.41455555,0,2023-02-22T18:04:30Z,130.5723667144472,42,54.1170578,0.11164084434509283,0.13758109554644282,0.11164084434509283,C
3.98107958,0,2023-02-22T18:04:30Z,130.5723667144472,42,54.1170578,0.11164084434509283,0.13758109554644282,0.11164084434509283,C
4.64159775,0,2023-02-22T18:04:30Z,130.5723667144472,42,54.1170578,0.11164084434509283,0.13758109554644282,0.11164084434509283,C
5.41170597,0,2023-02-22T18:04:30Z,130.5723667144472,42,54.1170578,0.11164084434509283,0.13758109554644282,0.11164084434509283,C
6.30958605,0.248302683234,2023-02-22T18:04:30Z,130.5723667144472,42,54.1170578,0.11164084434509283,0.13758109554644282,0.11164084434509283,C
7.35643721,0.794275760651,2023-02-22T18:04:30Z,130.5723667144472,42,54.1170578,0.11164084434509283,0.13758109554644282,0.11164084434509283,C
8.57697582,1.55144667625,2023-02-22T18:04:30Z,130.5723667144472,42,54.1170578,0.11164084434509283,0.13758109554644282,0.11164084434509283,C
10.00002003,2.46633934975,2023-02-22T18:04:30Z,130.5723667144472,42,54.1170578,0.11164084434509283,0.13758109554644282,0.11164084434509283,C
11.65916729,3.43653106689,2023-02-22T18:04:30Z,130.5723667144472,42,54.1170578,0.11164084434509283,0.13758109554644282,0.11164084434509283,C
13.59359074,4.30354309082,2023-02-22T18:04:30Z,130.5723667144472,42,54.1170578,0.11164084434509283,0.13758109554644282,0.11164084434509283,C
15.84896278,4.8666238784800004,2023-02-22T18:04:30Z,130.5723667144472,42,54.1170578,0.11164084434509283,0.13758109554644282,0.11164084434509283,C
18.47853470,4.93374347687,2023-02-22T18:04:30Z,130.5723667144472,42,54.1170578,0.11164084434509283,0.13758109554644282,0.11164084434509283,C
21.54438972,4.40144968033,2023-02-22T18:04:30Z,130.5723667144472,42,54.1170578,0.11164084434509283,0.13758109554644282,0.11164084434509283,C
25.11891365,3.35272812843,2023-02-22T18:04:30Z,130.5723667144472,42,54.1170578,0.11164084434509283,0.13758109554644282,0.11164084434509283,C
29.28650284,2.1199862957,2023-02-22T18:04:30Z,130.5723667144472,42,54.1170578,0.11164084434509283,0.13758109554644282,0.11164084434509283,C
34.14555740,1.23470425606,2023-02-22T18:04:30Z,130.5723667144472,42,54.1170578,0.11164084434509283,0.13758109554644282,0.11164084434509283,C
39.81079483,1.25276076794,2023-02-22T18:04:30Z,130.5723667144472,42,54.1170578,0.11164084434509283,0.13758109554644282,0.11164084434509283,C
46.41598129,2.68095707893,2023-02-22T18:04:30Z,130.5723667144472,42,54.1170578,0.11164084434509283,0.13758109554644282,0.11164084434509283,C
54.11705780,5.77462482452,2023-02-22T18:04:30Z,130.5723667144472,42,54.1170578,0.11164084434509283,0.13758109554644282,0.11164084434509283,C
63.09585953,9.92184352875,2023-02-22T18:04:30Z,130.5723667144472,42,54.1170578,0.11164084434509283,0.13758109554644282,0.11164084434509283,C
73.56436920,13.3411750793,2023-02-22T18:04:30Z,130.5723667144472,42,54.1170578,0.11164084434509283,0.13758109554644282,0.11164084434509283,C
85.76976013,13.530585289,2023-02-22T18:04:30Z,130.5723667144472,42,54.1170578,0.11164084434509283,0.13758109554644282,0.11164084434509283,C
100.00019836,8.62429523468,2023-02-22T18:04:30Z,130.5723667144472,42,54.1170578,0.11164084434509283,0.13758109554644282,0.11164084434509283,C
116.59166718,0,2023-02-22T18:04:30Z,130.5723667144472,42,54.1170578,0.11164084434509283,0.13758109554644282,0.11164084434509283,C
135.93591309,0,2023-02-22T18:04:30Z,130.5723667144472,42,54.1170578,0.11164084434509283,0.13758109554644282,0.11164084434509283,C
158.48962402,0,2023-02-22T18:04:30Z,130.5723667144472,42,54.1170578,0.11164084434509283,0.13758109554644282,0.11164084434509283,C
184.78533936,0,2023-02-22T18:04:30Z,130.5723667144472,42,54.1170578,0.11164084434509283,0.13758109554644282,0.11164084434509283,C
215.44389343,0,2023-02-22T18:04:30Z,130.5723667144472,42,54.1170578,0.11164084434509283,0.13758109554644282,0.11164084434509283,C
251.18913269,0,2023-02-22T18:04:30Z,130.5723667144472,42,54.1170578,0.11164084434509283,0.13758109554644282,0.11164084434509283,C
292.86502075,0,2023-02-22T18:04:30Z,130.5723667144472,42,54.1170578,0.11164084434509283,0.13758109554644282,0.11164084434509283,C
341.45556641,0,2023-02-22T18:04:30Z,130.5723667144472,42,54.1170578,0.11164084434509283,0.13758109554644282,0.11164084434509283,C
398.10794067,0,2023-02-22T18:04:30Z,130.5723667144472,42,54.1170578,0.11164084434509283,0.13758109554644282,0.11164084434509283,C
464.15979004,0,2023-02-22T18:04:30Z,130.5723667144472,42,54.1170578,0.11164084434509283,0.13758109554644282,0.11164084434509283,C
541.17059326,0,2023-02-22T18:04:30Z,130.5723667144472,42,54.1170578,0.11164084434509283,0.13758109554644282,0.11164084434509283,C
630.95855713,0,2023-02-22T18:04:30Z,130.5723667144472,42,54.1170578,0.11164084434509283,0.13758109554644282,0.11164084434509283,C
735.64367676,0,2023-02-22T18:04:30Z,130.5723667144472,42,54.1170578,0.11164084434509283,0.13758109554644282,0.11164084434509283,C
857.69757080,0,2023-02-22T18:04:30Z,130.5723667144472,42,54.1170578,0.11164084434509283,0.13758109554644282,0.11164084434509283,C
1000.00195313,0,2023-02-22T18:04:30Z,130.5723667144472,42,54.1170578,0.11164084434509283,0.13758109554644282,0.11164084434509283,C
0.10000020,0,2023-02-22T18:04:31Z,118.07075998522222,46,100.00019836,0.13706490882011854,0.13919810621339085,0.1370648926669336,C
0.11659167,0,2023-02-22T18:04:31Z,118.07075998522222,46,100.00019836,0.13706490882011854,0.13919810621339085,0.1370648926669336,C
0.13593590,0,2023-02-22T18:04:31Z,118.07075998522222,46,100.00019836,0.13706490882011854,0.13919810621339085,0.1370648926669336,C
0.15848963,0,2023-02-22T18:04:31Z,118.07075998522222,46,100.00019836,0.13706490882011854,0.13919810621339085,0.1370648926669336,C
0.18478534,0,2023-02-22T18:04:31Z,118.07075998522222,46,100.00019836,0.13706490882011854,0.13919810621339085,0.1370648926669336,C
0.21544389,0,2023-02-22T18:04:31Z,118.07075998522222,46,100.00019836,0.13706490882011854,0.13919810621339085,0.1370648926669336,C
0.25118914,0,2023-02-22T18:04:31Z,118.07075998522222,46,100.00019836,0.13706490882011854,0.13919810621339085,0.1370648926669336,C
0.29286504,0,2023-02-22T18:04:31Z,118.07075998522222,46,100.00019836,0.13706490882011854,0.13919810621339085,0.1370648926669336,C
0.34145555,0,2023-02-22T18:04:31Z,118.07075998522222,46,100.00019836,0.13706490882011854,0.13919810621339085,0.1370648926669336,C
0.39810795,0,2023-02-22T18:04:31Z,118.07075998522222,46,100.00019836,0.13706490882011854,0.13919810621339085,0.1370648926669336,C
0.46415979,0,2023-02-22T18:04:31Z,118.07075998522222,46,100.00019836,0.13706490882011854,0.13919810621339085,0.1370648926669336,C
0.54117060,0,2023-02-22T18:04:31Z,118.07075998522222,46,100.00019836,0.13706490882011854,0.13919810621339085,0.1370648926669336,C
0.63095856,0,2023-02-22T18:04:31Z,118.07075998522222,46,100.00019836,0.13706490882011854,0.13919810621339085,0.1370648926669336,C
0.73564368,0,2023-02-22T18:04:31Z,118.07075998522222,46,100.00019836,0.13706490882011854,0.13919810621339085,0.1370648926669336,C
0.85769761,0,2023-02-22T18:04:31Z,118.07075998522222,46,100.00019836,0.13706490882011854,0.13919810621339085,0.1370648926669336,C
1.00000191,9.17526055133e-9,2023-02-22T18:04:31Z,118.07075998522222,46,100.00019836,0.13706490882011854,0.13919810621339085,0.1370648926669336,C
1.16591668,0.0396382622421,2023-02-22T18:04:31Z,118.07075998522222,46,100.00019836,0.13706490882011854,0.13919810621339085,0.1370648926669336,C
1.35935903,8.22069168091,2023-02-22T18:04:31Z,118.07075998522222,46,100.00019836,0.13706490882011854,0.13919810621339085,0.1370648926669336,C
1.58489633,5.41316175461,2023-02-22T18:04:31Z,118.07075998522222,46,100.00019836,0.13706490882011854,0.13919810621339085,0.1370648926669336,C
1.84785342,0.032997559756,2023-02-22T18:04:31Z,118.07075998522222,46,100.00019836,0.13706490882011854,0.13919810621339085,0.1370648926669336,C
2.15443897,1.61531841059e-6,2023-02-22T18:04:31Z,118.07075998522222,46,100.00019836,0.13706490882011854,0.13919810621339085,0.1370648926669336,C
2.51189137,8.26521332929e-14,2023-02-22T18:04:31Z,118.07075998522222,46,100.00019836,0.13706490882011854,0.13919810621339085,0.1370648926669336,C
2.92865038,3.49394897995e-29,2023-02-22T18:04:31Z,118.07075998522222,46,100.00019836,0.13706490882011854,0.13919810621339085,0.1370648926669336,C
3.41455555,0,2023-02-22T18:04:31Z,118.07075998522222,46,100.00019836,0.13706490882011854,0.13919810621339085,0.1370648926669336,C
3.98107958,0,2023-02-22T18:04:31Z,118.07075998522222,46,100.00019836,0.13706490882011854,0.13919810621339085,0.1370648926669336,C
4.64159775,0,2023-02-22T18:04:31Z,118.07075998522222,46,100.00019836,0.13706490882011854,0.13919810621339085,0.1370648926669336,C
5.41170597,0,2023-02-22T18:04:31Z,118.07075998522222,46,100.00019836,0.13706490882011854,0.13919810621339085,0.1370648926669336,C
6.30958605,0.00136511027813,2023-02-22T18:04:31Z,118.07075998522222,46,100.00019836,0.13706490882011854,0.13919810621339085,0.1370648926669336,C
7.35643721,0.0300389286131,2023-02-22T18:04:31Z,118.07075998522222,46,100.00019836,0.13706490882011854,0.13919810621339085,0.1370648926669336,C
8.57697582,0.181915700436,2023-02-22T18:04:31Z,118.07075998522222,46,100.00019836,0.13706490882011854,0.13919810621339085,0.1370648926669336,C
10.00002003,0.6771286726,2023-02-22T18:04:31Z,118.07075998522222,46,100.00019836,0.13706490882011854,0.13919810621339085,0.1370648926669336,C
11.65916729,1.84072196484,2023-02-22T18:04:31Z,118.07075998522222,46,100.00019836,0.13706490882011854,0.13919810621339085,0.1370648926669336,C
13.59359074,3.83983206749,2023-02-22T18:04:31Z,118.07075998522222,46,100.00019836,0.13706490882011854,0.13919810621339085,0.1370648926669336,C
15.84896278,6.11584281921,2023-02-22T18:04:31Z,118.07075998522222,46,100.00019836,0.13706490882011854,0.13919810621339085,0.1370648926669336,C
18.47853470,7.04610061646,2023-02-22T18:04:31Z,118.07075998522222,46,100.00019836,0.13706490882011854,0.13919810621339085,0.1370648926669336,C
21.54438972,5.041223526,2023-02-22T18:04:31Z,118.07075998522222,46,100.00019836,0.13706490882011854,0.13919810621339085,0.1370648926669336,C
25.11891365,1.29972040653,2023-02-22T18:04:31Z,118.07075998522222,46,100.00019836,0.13706490882011854,0.13919810621339085,0.1370648926669336,C
29.28650284,0,2023-02-22T18:04:31Z,118.07075998522222,46,100.00019836,0.13706490882011854,0.13919810621339085,0.1370648926669336,C
34.14555740,0,2023-02-22T18:04:31Z,118.07075998522222,46,100.00019836,0.13706490882011854,0.13919810621339085,0.1370648926669336,C
39.81079483,0,2023-02-22T18:04:31Z,118.07075998522222,46,100.00019836,0.13706490882011854,0.13919810621339085,0.1370648926669336,C
46.41598129,0,2023-02-22T18:04:31Z,118.07075998522222,46,100.00019836,0.13706490882011854,0.13919810621339085,0.1370648926669336,C
54.11705780,0,2023-02-22T18:04:31Z,118.07075998522222,46,100.00019836,0.13706490882011854,0.13919810621339085,0.1370648926669336,C
63.09585953,0,2023-02-22T18:04:31Z,118.07075998522222,46,100.00019836,0.13706490882011854,0.13919810621339085,0.1370648926669336,C
73.56436920,0,2023-02-22T18:04:31Z,118.07075998522222,46,100.00019836,0.13706490882011854,0.13919810621339085,0.1370648926669336,C
85.76976013,0,2023-02-22T18:04:31Z,118.07075998522222,46,100.00019836,0.13706490882011854,0.13919810621339085,0.1370648926669336,C
100.00019836,60.219619751,2023-02-22T18:04:31Z,118.07075998522222,46,100.00019836,0.13706490882011854,0.13919810621339085,0.1370648926669336,C
116.59166718,0,2023-02-22T18:04:31Z,118.07075998522222,46,100.00019836,0.13706490882011854,0.13919810621339085,0.1370648926669336,C
135.93591309,0,2023-02-22T18:04:31Z,118.07075998522222,46,100.00019836,0.13706490882011854,0.13919810621339085,0.1370648926669336,C
158.48962402,0,2023-02-22T18:04:31Z,118.07075998522222,46,100.00019836,0.13706490882011854,0.13919810621339085,0.1370648926669336,C
184.78533936,0,2023-02-22T18:04:31Z,118.07075998522222,46,100.00019836,0.13706490882011854,0.13919810621339085,0.1370648926669336,C
215.44389343,0,2023-02-22T18:04:31Z,118.07075998522222,46,100.00019836,0.13706490882011854,0.13919810621339085,0.1370648926669336,C
251.18913269,0,2023-02-22T18:04:31Z,118.07075998522222,46,100.00019836,0.13706490882011854,0.13919810621339085,0.1370648926669336,C
292.86502075,0,2023-02-22T18:04:31Z,118.07075998522222,46,100.00019836,0.13706490882011854,0.13919810621339085,0.1370648926669336,C
341.45556641,0,2023-02-22T18:04:31Z,118.07075998522222,46,100.00019836,0.13706490882011854,0.13919810621339085,0.1370648926669336,C
398.10794067,0,2023-02-22T18:04:31Z,118.07075998522222,46,100.00019836,0.13706490882011854,0.13919810621339085,0.1370648926669336,C
464.15979004,0,2023-02-22T18:04:31Z,118.07075998522222,46,100.00019836,0.13706490882011854,0.13919810621339085,0.1370648926669336,C
541.17059326,0,2023-02-22T18:04:31Z,118.07075998522222,46,100.00019836,0.13706490882011854,0.13919810621339085,0.1370648926669336,C
630.95855713,0,2023-02-22T18:04:31Z,118.07075998522222,46,100.00019836,0.13706490882011854,0.13919810621339085,0.1370648926669336,C
735.64367676,0,2023-02-22T18:04:31Z,118.07075998522222,46,100.00019836,0.13706490882011854,0.13919810621339085,0.1370648926669336,C
857.69757080,0,2023-02-22T18:04:31Z,118.07075998522222,46,100.00019836,0.13706490882011854,0.13919810621339085,0.1370648926669336,C
1000.00195313,0,2023-02-22T18:04:31Z,118.07075998522222,46,100.00019836,0.13706490882011854,0.13919810621339085,0.1370648926669336,C
0.10000020,0,2023-02-22T18:04:32Z,123.13116158377778,46,100.00019836,0.1287562941888796,0.13071551563721745,0.12875629418406626,C
0.11659167,0,2023-02-22T18:04:32Z,123.13116158377778,46,100.00019836,0.1287562941888796,0.13071551563721745,0.12875629418406626,C
0.13593590,0,2023-02-22T18:04:32Z,123.13116158377778,46,100.00019836,0.1287562941888796,0.13071551563721745,0.12875629418406626,C
0.15848963,0,2023-02-22T18:04:32Z,123.13116158377778,46,100.00019836,0.1287562941888796,0.13071551563721745,0.12875629418406626,C
0.18478534,0,2023-02-22T18:04:32Z,123.13116158377778,46,100.00019836,0.1287562941888796,0.13071551563721745,0.12875629418406626,C
0.21544389,0,2023-02-22T18:04:32Z,123.13116158377778,46,100.00019836,0.1287562941888796,0.13071551563721745,0.12875629418406626,C
0.25118914,0,2023-02-22T18:04:32Z,123.13116158377778,46,100.00019836,0.1287562941888796,0.13071551563721745,0.12875629418406626,C
0.29286504,0,2023-02-22T18:04:32Z,123.13116158377778,46,100.00019836,0.1287562941888796,0.13071551563721745,0.12875629418406626,C
0.34145555,0,2023-02-22T18:04:32Z,123.13116158377778,46,100.00019836,0.1287562941888796,0.13071551563721745,0.12875629418406626,C
0.39810795,0,2023-02-22T18:04:32Z,123.13116158377778,46,100.00019836,0.1287562941888796,0.13071551563721745,0.12875629418406626,C
0.46415979,0,2023-02-22T18:04:32Z,123.13116158377778,46,100.00019836,0.1287562941888796,0.13071551563721745,0.12875629418406626,C
0.54117060,0,2023-02-22T18:04:32Z,123.13116158377778,46,100.00019836,0.1287562941888796,0.13071551563721745,0.12875629418406626,C
0.63095856,0,2023-02-22T18:04:32Z,123.13116158377778,46,100.00019836,0.1287562941888796,0.13071551563721745,0.12875629418406626,C
0.73564368,0,2023-02-22T18:04:32Z,123.13116158377778,46,100.00019836,0.1287562941888796,0.13071551563721745,0.12875629418406626,C
0.85769761,0,2023-02-22T18:04:32Z,123.13116158377778,46,100.00019836,0.1287562941888796,0.13071551563721745,0.12875629418406626,C
1.00000191,2.77807589216e-13,2023-02-22T18:04:32Z,123.13116158377778,46,100.00019836,0.1287562941888796,0.13071551563721745,0.12875629418406626,C
1.16591668,0.00429826090112,2023-02-22T18:04:32Z,123.13116158377778,46,100.00019836,0.1287562941888796,0.13071551563721745,0.12875629418406626,C
1.35935903,9.32218933105,2023-02-22T18:04:32Z,123.13116158377778,46,100.00019836,0.1287562941888796,0.13071551563721745,0.12875629418406626,C
1.58489633,3.54769515991,2023-02-22T18:04:32Z,123.13116158377778,46,100.00019836,0.1287562941888796,0.13071551563721745,0.12875629418406626,C
1.84785342,0.00144666654523,2023-02-22T18:04:32Z,123.13116158377778,46,100.00019836,0.1287562941888796,0.13071551563721745,0.12875629418406626,C
2.15443897,4.81330975077e-10,2023-02-22T18:04:32Z,123.13116158377778,46,100.00019836,0.1287562941888796,0.13071551563721745,0.12875629418406626,C
2.51189137,3.48798557521e-21,2023-02-22T18:04:32Z,123.13116158377778,46,100.00019836,0.1287562941888796,0.13071551563721745,0.12875629418406626,C
2.92865038,0,2023-02-22T18:04:32Z,123.13116158377778,46,100.00019836,0.1287562941888796,0.13071551563721745,0.12875629418406626,C
3.41455555,0,2023-02-22T18:04:32Z,123.13116158377778,46,100.00019836,0.1287562941888796,0.13071551563721745,0.12875629418406626,C
3.98107958,0,2023-02-22T18:04:32Z,123.13116158377778,46,100.00019836,0.1287562941888796,0.13071551563721745,0.12875629418406626,C
4.64159775,0,2023-02-22T18:04:32Z,123.13116158377778,46,100.00019836,0.1287562941888796,0.13071551563721745,0.12875629418406626,C
5.41170597,0,2023-02-22T18:04:32Z,123.13116158377778,46,100.00019836,0.1287562941888796,0.13071551563721745,0.12875629418406626,C
6.30958605,2.64725793386e-4,2023-02-22T18:04:32Z,123.13116158377778,46,100.00019836,0.1287562941888796,0.13071551563721745,0.12875629418406626,C
7.35643721,0.0292468387634,2023-02-22T18:04:32Z,123.13116158377778,46,100.00019836,0.1287562941888796,0.13071551563721745,0.12875629418406626,C
8.57697582,0.166410580277,2023-02-22T18:04:32Z,123.13116158377778,46,100.00019836,0.1287562941888796,0.13071551563721745,0.12875629418406626,C
10.00002003,0.574397921562,2023-02-22T18:04:32Z,123.13116158377778,46,100.00019836,0.1287562941888796,0.13071551563721745,0.12875629418406626,C
11.65916729,1.48579514027,2023-02-22T18:04:32Z,123.13116158377778,46,100.00019836,0.1287562941888796,0.13071551563721745,0.12875629418406626,C
13.59359074,3.04473876953,2023-02-22T18:04:32Z,123.13116158377778,46,100.00019836,0.1287562941888796,0.13071551563721745,0.12875629418406626,C
15.84896278,4.9572725296,2023-02-22T18:04:32Z,123.13116158377778,46,100.00019836,0.1287562941888796,0.13071551563721745,0.12875629418406626,C
18.47853470,6.17079257965,2023-02-22T18:04:32Z,123.13116158377778,46,100.00019836,0.1287562941888796,0.13071551563721745,0.12875629418406626,C
21.54438972,5.19785690308,2023-02-22T18:04:32Z,123.13116158377778,46,100.00019836,0.1287562941888796,0.13071551563721745,0.12875629418406626,C
25.11891365,1.76633107662,2023-02-22T18:04:32Z,123.13116158377778,46,100.00019836,0.1287562941888796,0.13071551563721745,0.12875629418406626,C
29.28650284,0,2023-02-22T18:04:32Z,123.13116158377778,46,100.00019836,0.1287562941888796,0.13071551563721745,0.12875629418406626,C
34.14555740,0,2023-02-22T18:04:32Z,123.13116158377778,46,100.00019836,0.1287562941888796,0.13071551563721745,0.12875629418406626,C
39.81079483,0,2023-02-22T18:04:32Z,123.13116158377778,46,100.00019836,0.1287562941888796,0.13071551563721745,0.12875629418406626,C
46.41598129,0,2023-02-22T18:04:32Z,123.13116158377778,46,100.00019836,0.1287562941888796,0.13071551563721745,0.12875629418406626,C
54.11705780,0,2023-02-22T18:04:32Z,123.13116158377778,46,100.00019836,0.1287562941888796,0.13071551563721745,0.12875629418406626,C
63.09585953,0,2023-02-22T18:04:32Z,123.13116158377778,46,100.00019836,0.1287562941888796,0.13071551563721745,0.12875629418406626,C
73.56436920,0,2023-02-22T18:04:32Z,123.13116158377778,46,100.00019836,0.1287562941888796,0.13071551563721745,0.12875629418406626,C
85.76976013,0,2023-02-22T18:04:32Z,123.13116158377778,46,100.00019836,0.1287562941888796,0.13071551563721745,0.12875629418406626,C
100.00019836,63.7312660217,2023-02-22T18:04:32Z,123.13116158377778,46,100.00019836,0.1287562941888796,0.13071551563721745,0.12875629418406626,C
116.59166718,0,2023-02-22T18:04:32Z,123.13116158377778,46,100.00019836,0.1287562941888796,0.13071551563721745,0.12875629418406626,C
135.93591309,0,2023-02-22T18:04:32Z,123.13116158377778,46,100.00019836,0.1287562941888796,0.13071551563721745,0.12875629418406626,C
158.48962402,0,2023-02-22T18:04:32Z,123.13116158377778,46,100.00019836,0.1287562941888796,0.13071551563721745,0.12875629418406626,C
184.78533936,0,2023-02-22T18:04:32Z,123.13116158377778,46,100.00019836,0.1287562941888796,0.13071551563721745,0.12875629418406626,C
215.44389343,0,2023-02-22T18:04:32Z,123.13116158377778,46,100.00019836,0.1287562941888796,0.13071551563721745,0.12875629418406626,C
251.18913269,0,2023-02-22T18:04:32Z,123.13116158377778,46,100.00019836,0.1287562941888796,0.13071551563721745,0.12875629418406626,C
292.86502075,0,2023-02-22T18:04:32Z,123.13116158377778,46,100.00019836,0.1287562941888796,0.13071551563721745,0.12875629418406626,C
341.45556641,0,2023-02-22T18:04:32Z,123.13116158377778,46,100.00019836,0.1287562941888796,0.13071551563721745,0.12875629418406626,C
398.10794067,0,2023-02-22T18:04:32Z,123.13116158377778,46,100.00019836,0.1287562941888796,0.13071551563721745,0.12875629418406626,C
464.15979004,0,2023-02-22T18:04:32Z,123.13116158377778,46,100.00019836,0.1287562941888796,0.13071551563721745,0.12875629418406626,C
541.17059326,0,2023-02-22T18:04:32Z,123.13116158377778,46,100.00019836,0.1287562941888796,0.13071551563721745,0.12875629418406626,C
630.95855713,0,2023-02-22T18:04:32Z,123.13116158377778,46,100.00019836,0.1287562941888796,0.13071551563721745,0.12875629418406626,C
735.64367676,0,2023-02-22T18:04:32Z,123.13116158377778,46,100.00019836,0.1287562941888796,0.13071551563721745,0.12875629418406626,C
857.69757080,0,2023-02-22T18:04:32Z,123.13116158377778,46,100.00019836,0.1287562941888796,0.13071551563721745,0.12875629418406626,C
1000.00195313,0,2023-02-22T18:04:32Z,123.13116158377778,46,100.00019836,0.1287562941888796,0.13071551563721745,0.12875629418406626,C
0.10000020,0,2023-02-22T18:04:33Z,112.91506099699723,46,100.00019836,0.11523303031902478,0.12521103873829376,0.11523303031902478,C
0.11659167,0,2023-02-22T18:04:33Z,112.91506099699723,46,100.00019836,0.11523303031902478,0.12521103873829376,0.11523303031902478,C
0.13593590,0,2023-02-22T18:04:33Z,112.91506099699723,46,100.00019836,0.11523303031902478,0.12521103873829376,0.11523303031902478,C
0.15848963,0,2023-02-22T18:04:33Z,112.91506099699723,46,100.00019836,0.11523303031902478,0.12521103873829376,0.11523303031902478,C
0.18478534,0,2023-02-22T18:04:33Z,112.91506099699723,46,100.00019836,0.11523303031902478,0.12521103873829376,0.11523303031902478,C
0.21544389,0,2023-02-22T18:04:33Z,112.91506099699723,46,100.00019836,0.11523303031902478,0.12521103873829376,0.11523303031902478,C
0.25118914,0,2023-02-22T18:04:33Z,112.91506099699723,46,100.00019836,0.11523303031902478,0.12521103873829376,0.11523303031902478,C
0.29286504,0,2023-02-22T18:04:33Z,112.91506099699723,46,100.00019836,0.11523303031902478,0.12521103873829376,0.11523303031902478,C
0.34145555,0,2023-02-22T18:04:33Z,112.91506099699723,46,100.00019836,0.11523303031902478,0.12521103873829376,0.11523303031902478,C
0.39810795,0,2023-02-22T18:04:33Z,112.91506099699723,46,100.00019836,0.11523303031902478,0.12521103873829376,0.11523303031902478,C
0.46415979,0,2023-02-22T18:04:33Z,112.91506099699723,46,100.00019836,0.11523303031902478,0.12521103873829376,0.11523303031902478,C
0.54117060,0,2023-02-22T18:04:33Z,112.91506099699723,46,100.00019836,0.11523303031902478,0.12521103873829376,0.11523303031902478,C
0.63095856,0,2023-02-22T18:04:33Z,112.91506099699723,46,100.00019836,0.11523303031902478,0.12521103873829376,0.11523303031902478,C
0.73564368,0,2023-02-22T18:04:33Z,112.91506099699723,46,100.00019836,0.11523303031902478,0.12521103873829376,0.11523303031902478,C
0.85769761,0,2023-02-22T18:04:33Z,112.91506099699723,46,100.00019836,0.11523303031902478,0.12521103873829376,0.11523303031902478,C
1.00000191,0,2023-02-22T18:04:33Z,112.91506099699723,46,100.00019836,0.11523303031902478,0.12521103873829376,0.11523303031902478,C
1.16591668,2.47787402576e-12,2023-02-22T18:04:33Z,112.91506099699723,46,100.00019836,0.11523303031902478,0.12521103873829376,0.11523303031902478,C
1.35935903,11.5233030319,2023-02-22T18:04:33Z,112.91506099699723,46,100.00019836,0.11523303031902478,0.12521103873829376,0.11523303031902478,C
1.58489633,3.27674331686e-17,2023-02-22T18:04:33Z,112.91506099699723,46,100.00019836,0.11523303031902478,0.12521103873829376,0.11523303031902478,C
1.84785342,0,2023-02-22T18:04:33Z,112.91506099699723,46,100.00019836,0.11523303031902478,0.12521103873829376,0.11523303031902478,C
2.15443897,0,2023-02-22T18:04:33Z,112.91506099699723,46,100.00019836,0.11523303031902478,0.12521103873829376,0.11523303031902478,C
2.51189137,0,2023-02-22T18:04:33Z,112.91506099699723,46,100.00019836,0.11523303031902478,0.12521103873829376,0.11523303031902478,C
2.92865038,0,2023-02-22T18:04:33Z,112.91506099699723,46,100.00019836,0.11523303031902478,0.12521103873829376,0.11523303031902478,C
3.41455555,0,2023-02-22T18:04:33Z,112.91506099699723,46,100.00019836,0.11523303031902478,0.12521103873829376,0.11523303031902478,C
3.98107958,0,2023-02-22T18:04:33Z,112.91506099699723,46,100.00019836,0.11523303031902478,0.12521103873829376,0.11523303031902478,C
4.64159775,0,2023-02-22T18:04:33Z,112.91506099699723,46,100.00019836,0.11523303031902478,0.12521103873829376,0.11523303031902478,C
5.41170597,0,2023-02-22T18:04:33Z,112.91506099699723,46,100.00019836,0.11523303031902478,0.12521103873829376,0.11523303031902478,C
6.30958605,0.0369377881289,2023-02-22T18:04:33Z,112.91506099699723,46,100.00019836,0.11523303031902478,0.12521103873829376,0.11523303031902478,C
7.35643721,0.232523500919,2023-02-22T18:04:33Z,112.91506099699723,46,100.00019836,0.11523303031902478,0.12521103873829376,0.11523303031902478,C
8.57697582,0.728339552879,2023-02-22T18:04:33Z,112.91506099699723,46,100.00019836,0.11523303031902478,0.12521103873829376,0.11523303031902478,C
10.00002003,1.66107451916,2023-02-22T18:04:33Z,112.91506099699723,46,100.00019836,0.11523303031902478,0.12521103873829376,0.11523303031902478,C
11.65916729,3.01838970184,2023-02-22T18:04:33Z,112.91506099699723,46,100.00019836,0.11523303031902478,0.12521103873829376,0.11523303031902478,C
13.59359074,4.4615650177,2023-02-22T18:04:33Z,112.91506099699723,46,100.00019836,0.11523303031902478,0.12521103873829376,0.11523303031902478,C
15.84896278,5.26773023605,2023-02-22T18:04:33Z,112.91506099699723,46,100.00019836,0.11523303031902478,0.12521103873829376,0.11523303031902478,C
18.47853470,4.61761808395,2023-02-22T18:04:33Z,112.91506099699723,46,100.00019836,0.11523303031902478,0.12521103873829376,0.11523303031902478,C
21.54438972,2.29819369316,2023-02-22T18:04:33Z,112.91506099699723,46,100.00019836,0.11523303031902478,0.12521103873829376,0.11523303031902478,C
25.11891365,0,2023-02-22T18:04:33Z,112.91506099699723,46,100.00019836,0.11523303031902478,0.12521103873829376,0.11523303031902478,C
29.28650284,0,2023-02-22T18:04:33Z,112.91506099699723,46,100.00019836,0.11523303031902478,0.12521103873829376,0.11523303031902478,C
34.14555740,0,2023-02-22T18:04:33Z,112.91506099699723,46,100.00019836,0.11523303031902478,0.12521103873829376,0.11523303031902478,C
39.81079483,0,2023-02-22T18:04:33Z,112.91506099699723,46,100.00019836,0.11523303031902478,0.12521103873829376,0.11523303031902478,C
46.41598129,0,2023-02-22T18:04:33Z,112.91506099699723,46,100.00019836,0.11523303031902478,0.12521103873829376,0.11523303031902478,C
54.11705780,0,2023-02-22T18:04:33Z,112.91506099699723,46,100.00019836,0.11523303031902478,0.12521103873829376,0.11523303031902478,C
63.09585953,0,2023-02-22T18:04:33Z,112.91506099699723,46,100.00019836,0.11523303031902478,0.12521103873829376,0.11523303031902478,C
73.56436920,0,2023-02-22T18:04:33Z,112.91506099699723,46,100.00019836,0.11523303031902478,0.12521103873829376,0.11523303031902478,C
85.76976013,0,2023-02-22T18:04:33Z,112.91506099699723,46,100.00019836,0.11523303031902478,0.12521103873829376,0.11523303031902478,C
100.00019836,66.1543273926,2023-02-22T18:04:33Z,112.91506099699723,46,100.00019836,0.11523303031902478,0.12521103873829376,0.11523303031902478,C
116.59166718,0,2023-02-22T18:04:33Z,112.91506099699723,46,100.00019836,0.11523303031902478,0.12521103873829376,0.11523303031902478,C
135.93591309,0,2023-02-22T18:04:33Z,112.91506099699723,46,100.00019836,0.11523303031902478,0.12521103873829376,0.11523303031902478,C
158.48962402,0,2023-02-22T18:04:33Z,112.91506099699723,46,100.00019836,0.11523303031902478,0.12521103873829376,0.11523303031902478,C
184.78533936,0,2023-02-22T18:04:33Z,112.91506099699723,46,100.00019836,0.11523303031902478,0.12521103873829376,0.11523303031902478,C
215.44389343,0,2023-02-22T18:04:33Z,112.91506099699723,46,100.00019836,0.11523303031902478,0.12521103873829376,0.11523303031902478,C
251.18913269,0,2023-02-22T18:04:33Z,112.91506099699723,46,100.00019836,0.11523303031902478,0.12521103873829376,0.11523303031902478,C
292.86502075,0,2023-02-22T18:04:33Z,112.91506099699723,46,100.00019836,0.11523303031902478,0.12521103873829376,0.11523303031902478,C
341.45556641,0,2023-02-22T18:04:33Z,112.91506099699723,46,100.00019836,0.11523303031902478,0.12521103873829376,0.11523303031902478,C
398.10794067,0,2023-02-22T18:04:33Z,112.91506099699723,46,100.00019836,0.11523303031902478,0.12521103873829376,0.11523303031902478,C
464.15979004,0,2023-02-22T18:04:33Z,112.91506099699723,46,100.00019836,0.11523303031902478,0.12521103873829376,0.11523303031902478,C
541.17059326,0,2023-02-22T18:04:33Z,112.91506099699723,46,100.00019836,0.11523303031902478,0.12521103873829376,0.11523303031902478,C
630.95855713,0,2023-02-22T18:04:33Z,112.91506099699723,46,100.00019836,0.11523303031902478,0.12521103873829376,0.11523303031902478,C
735.64367676,0,2023-02-22T18:04:33Z,112.91506099699723,46,100.00019836,0.11523303031902478,0.12521103873829376,0.11523303031902478,C
857.69757080,0,2023-02-22T18:04:33Z,112.91506099699723,46,100.00019836,0.11523303031902478,0.12521103873829376,0.11523303031902478,C
1000.00195313,0,2023-02-22T18:04:33Z,112.91506099699723,46,100.00019836,0.11523303031902478,0.12521103873829376,0.11523303031902478,C
0.10000020,0,2023-02-22T18:04:34Z,130.78008556366112,46,100.00019836,0.1165652065012218,0.11990904196380563,0.11656520650122047,C
0.11659167,0,2023-02-22T18:04:34Z,130.78008556366112,46,100.00019836,0.1165652065012218,0.11990904196380563,0.11656520650122047,C
0.13593590,0,2023-02-22T18:04:34Z,130.78008556366112,46,100.00019836,0.1165652065012218,0.11990904196380563,0.11656520650122047,C
0.15848963,0,2023-02-22T18:04:34Z,130.78008556366112,46,100.00019836,0.1165652065012218,0.11990904196380563,0.11656520650122047,C
0.18478534,0,2023-02-22T18:04:34Z,130.78008556366112,46,100.00019836,0.1165652065012218,0.11990904196380563,0.11656520650122047,C
0.21544389,0,2023-02-22T18:04:34Z,130.78008556366112,46,100.00019836,0.1165652065012218,0.11990904196380563,0.11656520650122047,C
0.25118914,0,2023-02-22T18:04:34Z,130.78008556366112,46,100.00019836,0.1165652065012218,0.11990904196380563,0.11656520650122047,C
0.29286504,0,2023-02-22T18:04:34Z,130.78008556366112,46,100.00019836,0.1165652065012218,0.11990904196380563,0.11656520650122047,C
0.34145555,0,2023-02-22T18:04:34Z,130.78008556366112,46,100.00019836,0.1165652065012218,0.11990904196380563,0.11656520650122047,C
0.39810795,0,2023-02-22T18:04:34Z,130.78008556366112,46,100.00019836,0.1165652065012218,0.11990904196380563,0.11656520650122047,C
0.46415979,0,2023-02-22T18:04:34Z,130.78008556366112,46,100.00019836,0.1165652065012218,0.11990904196380563,0.11656520650122047,C
0.54117060,0,2023-02-22T18:04:34Z,130.78008556366112,46,100.00019836,0.1165652065012218,0.11990904196380563,0.11656520650122047,C
0.63095856,0,2023-02-22T18:04:34Z,130.78008556366112,46,100.00019836,0.1165652065012218,0.11990904196380563,0.11656520650122047,C
0.73564368,0,2023-02-22T18:04:34Z,130.78008556366112,46,100.00019836,0.1165652065012218,0.11990904196380563,0.11656520650122047,C
0.85769761,0,2023-02-22T18:04:34Z,130.78008556366112,46,100.00019836,0.1165652065012218,0.11990904196380563,0.11656520650122047,C
1.00000191,2.09960663493e-15,2023-02-22T18:04:34Z,130.78008556366112,46,100.00019836,0.1165652065012218,0.11990904196380563,0.11656520650122047,C
1.16591668,0.00153210933786,2023-02-22T18:04:34Z,130.78008556366112,46,100.00019836,0.1165652065012218,0.11990904196380563,0.11656520650122047,C
1.35935903,10.0740098953,2023-02-22T18:04:34Z,130.78008556366112,46,100.00019836,0.1165652065012218,0.11990904196380563,0.11656520650122047,C
1.58489633,1.58093607426,2023-02-22T18:04:34Z,130.78008556366112,46,100.00019836,0.1165652065012218,0.11990904196380563,0.11656520650122047,C
1.84785342,4.25712241849e-5,2023-02-22T18:04:34Z,130.78008556366112,46,100.00019836,0.1165652065012218,0.11990904196380563,0.11656520650122047,C
2.15443897,1.33698106297e-13,2023-02-22T18:04:34Z,130.78008556366112,46,100.00019836,0.1165652065012218,0.11990904196380563,0.11656520650122047,C
2.51189137,7.02483380549e-28,2023-02-22T18:04:34Z,130.78008556366112,46,100.00019836,0.1165652065012218,0.11990904196380563,0.11656520650122047,C
2.92865038,0,2023-02-22T18:04:34Z,130.78008556366112,46,100.00019836,0.1165652065012218,0.11990904196380563,0.11656520650122047,C
3.41455555,0,2023-02-22T18:04:34Z,130.78008556366112,46,100.00019836,0.1165652065012218,0.11990904196380563,0.11656520650122047,C
3.98107958,0,2023-02-22T18:04:34Z,130.78008556366112,46,100.00019836,0.1165652065012218,0.11990904196380563,0.11656520650122047,C
4.64159775,0,2023-02-22T18:04:34Z,130.78008556366112,46,100.00019836,0.1165652065012218,0.11990904196380563,0.11656520650122047,C
5.41170597,0,2023-02-22T18:04:34Z,130.78008556366112,46,100.00019836,0.1165652065012218,0.11990904196380563,0.11656520650122047,C
6.30958605,6.85489620082e-4,2023-02-22T18:04:34Z,130.78008556366112,46,100.00019836,0.1165652065012218,0.11990904196380563,0.11656520650122047,C
7.35643721,0.0535942539573,2023-02-22T18:04:34Z,130.78008556366112,46,100.00019836,0.1165652065012218,0.11990904196380563,0.11656520650122047,C
8.57697582,0.280103802681,2023-02-22T18:04:34Z,130.78008556366112,46,100.00019836,0.1165652065012218,0.11990904196380563,0.11656520650122047,C
10.00002003,0.878084421158,2023-02-22T18:04:34Z,130.78008556366112,46,100.00019836,0.1165652065012218,0.11990904196380563,0.11656520650122047,C
11.65916729,2.05719518661,2023-02-22T18:04:34Z,130.78008556366112,46,100.00019836,0.1165652065012218,0.11990904196380563,0.11656520650122047,C
13.59359074,3.81210184097,2023-02-22T18:04:34Z,130.78008556366112,46,100.00019836,0.1165652065012218,0.11990904196380563,0.11656520650122047,C
15.84896278,5.5848855972300004,2023-02-22T18:04:34Z,130.78008556366112,46,100.00019836,0.1165652065012218,0.11990904196380563,0.11656520650122047,C
18.47853470,6.15828847885,2023-02-22T18:04:34Z,130.78008556366112,46,100.00019836,0.1165652065012218,0.11990904196380563,0.11656520650122047,C
21.54438972,4.357026577,2023-02-22T18:04:34Z,130.78008556366112,46,100.00019836,0.1165652065012218,0.11990904196380563,0.11656520650122047,C
25.11891365,0.879299104214,2023-02-22T18:04:34Z,130.78008556366112,46,100.00019836,0.1165652065012218,0.11990904196380563,0.11656520650122047,C
29.28650284,0,2023-02-22T18:04:34Z,130.78008556366112,46,100.00019836,0.1165652065012218,0.11990904196380563,0.11656520650122047,C
34.14555740,0,2023-02-22T18:04:34Z,130.78008556366112,46,100.00019836,0.1165652065012218,0.11990904196380563,0.11656520650122047,C
39.81079483,0,2023-02-22T18:04:34Z,130.78008556366112,46,100.00019836,0.1165652065012218,0.11990904196380563,0.11656520650122047,C
46.41598129,0,2023-02-22T18:04:34Z,130.78008556366112,46,100.00019836,0.1165652065012218,0.11990904196380563,0.11656520650122047,C
54.11705780,0,2023-02-22T18:04:34Z,130.78008556366112,46,100.00019836,0.1165652065012218,0.11990904196380563,0.11656520650122047,C
63.09585953,0,2023-02-22T18:04:34Z,130.78008556366112,46,100.00019836,0.1165652065012218,0.11990904196380563,0.11656520650122047,C
73.56436920,0,2023-02-22T18:04:34Z,130.78008556366112,46,100.00019836,0.1165652065012218,0.11990904196380563,0.11656520650122047,C
85.76976013,0,2023-02-22T18:04:34Z,130.78008556366112,46,100.00019836,0.1165652065012218,0.11990904196380563,0.11656520650122047,C
100.00019836,64.2822113037,2023-02-22T18:04:34Z,130.78008556366112,46,100.00019836,0.1165652065012218,0.11990904196380563,0.11656520650122047,C
116.59166718,0,2023-02-22T18:04:34Z,130.78008556366112,46,100.00019836,0.1165652065012218,0.11990904196380563,0.11656520650122047,C
135.93591309,0,2023-02-22T18:04:34Z,130.78008556366112,46,100.00019836,0.1165652065012218,0.11990904196380563,0.11656520650122047,C
158.48962402,0,2023-02-22T18:04:34Z,130.78008556366112,46,100.00019836,0.1165652065012218,0.11990904196380563,0.11656520650122047,C
184.78533936,0,2023-02-22T18:04:34Z,130.78008556366112,46,100.00019836,0.1165652065012218,0.11990904196380563,0.11656520650122047,C
215.44389343,0,2023-02-22T18:04:34Z,130.78008556366112,46,100.00019836,0.1165652065012218,0.11990904196380563,0.11656520650122047,C
251.18913269,0,2023-02-22T18:04:34Z,130.78008556366112,46,100.00019836,0.1165652065012218,0.11990904196380563,0.11656520650122047,C
292.86502075,0,2023-02-22T18:04:34Z,130.78008556366112,46,100.00019836,0.1165652065012218,0.11990904196380563,0.11656520650122047,C
341.45556641,0,2023-02-22T18:04:34Z,130.78008556366112,46,100.00019836,0.1165652065012218,0.11990904196380563,0.11656520650122047,C
398.10794067,0,2023-02-22T18:04:34Z,130.78008556366112,46,100.00019836,0.1165652065012218,0.11990904196380563,0.11656520650122047,C
464.15979004,0,2023-02-22T18:04:34Z,130.78008556366112,46,100.00019836,0.1165652065012218,0.11990904196380563,0.11656520650122047,C
541.17059326,0,2023-02-22T18:04:34Z,130.78008556366112,46,100.00019836,0.1165652065012218,0.11990904196380563,0.11656520650122047,C
630.95855713,0,2023-02-22T18:04:34Z,130.78008556366112,46,100.00019836,0.1165652065012218,0.11990904196380563,0.11656520650122047,C
735.64367676,0,2023-02-22T18:04:34Z,130.78008556366112,46,100.00019836,0.1165652065012218,0.11990904196380563,0.11656520650122047,C
857.69757080,0,2023-02-22T18:04:34Z,130.78008556366112,46,100.00019836,0.1165652065012218,0.11990904196380563,0.11656520650122047,C
1000.00195313,0,2023-02-22T18:04:34Z,130.78008556366112,46,100.00019836,0.1165652065012218,0.11990904196380563,0.11656520650122047,C
0.10000020,0,2023-02-22T18:04:35Z,146.4540414810111,46,100.00019836,0.1107259655,0.112187806014097,0.1107259655,C
0.11659167,0,2023-02-22T18:04:35Z,146.4540414810111,46,100.00019836,0.1107259655,0.112187806014097,0.1107259655,C
0.13593590,0,2023-02-22T18:04:35Z,146.4540414810111,46,100.00019836,0.1107259655,0.112187806014097,0.1107259655,C
0.15848963,0,2023-02-22T18:04:35Z,146.4540414810111,46,100.00019836,0.1107259655,0.112187806014097,0.1107259655,C
0.18478534,0,2023-02-22T18:04:35Z,146.4540414810111,46,100.00019836,0.1107259655,0.112187806014097,0.1107259655,C
0.21544389,0,2023-02-22T18:04:35Z,146.4540414810111,46,100.00019836,0.1107259655,0.112187806014097,0.1107259655,C
0.25118914,0,2023-02-22T18:04:35Z,146.4540414810111,46,100.00019836,0.1107259655,0.112187806014097,0.1107259655,C
0.29286504,0,2023-02-22T18:04:35Z,146.4540414810111,46,100.00019836,0.1107259655,0.112187806014097,0.1107259655,C
0.34145555,0,2023-02-22T18:04:35Z,146.4540414810111,46,100.00019836,0.1107259655,0.112187806014097,0.1107259655,C
0.39810795,0,2023-02-22T18:04:35Z,146.4540414810111,46,100.00019836,0.1107259655,0.112187806014097,0.1107259655,C
0.46415979,0,2023-02-22T18:04:35Z,146.4540414810111,46,100.00019836,0.1107259655,0.112187806014097,0.1107259655,C
0.54117060,0,2023-02-22T18:04:35Z,146.4540414810111,46,100.00019836,0.1107259655,0.112187806014097,0.1107259655,C
0.63095856,0,2023-02-22T18:04:35Z,146.4540414810111,46,100.00019836,0.1107259655,0.112187806014097,0.1107259655,C
0.73564368,0,2023-02-22T18:04:35Z,146.4540414810111,46,100.00019836,0.1107259655,0.112187806014097,0.1107259655,C
0.85769761,0,2023-02-22T18:04:35Z,146.4540414810111,46,100.00019836,0.1107259655,0.112187806014097,0.1107259655,C
1.00000191,0,2023-02-22T18:04:35Z,146.4540414810111,46,100.00019836,0.1107259655,0.112187806014097,0.1107259655,C
1.16591668,0,2023-02-22T18:04:35Z,146.4540414810111,46,100.00019836,0.1107259655,0.112187806014097,0.1107259655,C
1.35935903,11.07259655,2023-02-22T18:04:35Z,146.4540414810111,46,100.00019836,0.1107259655,0.112187806014097,0.1107259655,C
1.58489633,0,2023-02-22T18:04:35Z,146.4540414810111,46,100.00019836,0.1107259655,0.112187806014097,0.1107259655,C
1.84785342,0,2023-02-22T18:04:35Z,146.4540414810111,46,100.00019836,0.1107259655,0.112187806014097,0.1107259655,C
2.15443897,0,2023-02-22T18:04:35Z,146.4540414810111,46,100.00019836,0.1107259655,0.112187806014097,0.1107259655,C
2.51189137,0,2023-02-22T18:04:35Z,146.4540414810111,46,100.00019836,0.1107259655,0.112187806014097,0.1107259655,C
2.92865038,0,2023-02-22T18:04:35Z,146.4540414810111,46,100.00019836,0.1107259655,0.112187806014097,0.1107259655,C
3.41455555,0,2023-02-22T18:04:35Z,146.4540414810111,46,100.00019836,0.1107259655,0.112187806014097,0.1107259655,C
3.98107958,0,2023-02-22T18:04:35Z,146.4540414810111,46,100.00019836,0.1107259655,0.112187806014097,0.1107259655,C
4.64159775,0,2023-02-22T18:04:35Z,146.4540414810111,46,100.00019836,0.1107259655,0.112187806014097,0.1107259655,C
5.41170597,0,2023-02-22T18:04:35Z,146.4540414810111,46,100.00019836,0.1107259655,0.112187806014097,0.1107259655,C
6.30958605,0,2023-02-22T18:04:35Z,146.4540414810111,46,100.00019836,0.1107259655,0.112187806014097,0.1107259655,C
7.35643721,0.0155923310667,2023-02-22T18:04:35Z,146.4540414810111,46,100.00019836,0.1107259655,0.112187806014097,0.1107259655,C
8.57697582,0.130591720343,2023-02-22T18:04:35Z,146.4540414810111,46,100.00019836,0.1107259655,0.112187806014097,0.1107259655,C
10.00002003,0.545118272305,2023-02-22T18:04:35Z,146.4540414810111,46,100.00019836,0.1107259655,0.112187806014097,0.1107259655,C
11.65916729,1.57347381115,2023-02-22T18:04:35Z,146.4540414810111,46,100.00019836,0.1107259655,0.112187806014097,0.1107259655,C
13.59359074,3.41030478477,2023-02-22T18:04:35Z,146.4540414810111,46,100.00019836,0.1107259655,0.112187806014097,0.1107259655,C
15.84896278,5.5947098732,2023-02-22T18:04:35Z,146.4540414810111,46,100.00019836,0.1107259655,0.112187806014097,0.1107259655,C
18.47853470,6.63139057159,2023-02-22T18:04:35Z,146.4540414810111,46,100.00019836,0.1107259655,0.112187806014097,0.1107259655,C
21.54438972,4.86711025238,2023-02-22T18:04:35Z,146.4540414810111,46,100.00019836,0.1107259655,0.112187806014097,0.1107259655,C
25.11891365,1.13615334034,2023-02-22T18:04:35Z,146.4540414810111,46,100.00019836,0.1107259655,0.112187806014097,0.1107259655,C
29.28650284,0,2023-02-22T18:04:35Z,146.4540414810111,46,100.00019836,0.1107259655,0.112187806014097,0.1107259655,C
34.14555740,0,2023-02-22T18:04:35Z,146.4540414810111,46,100.00019836,0.1107259655,0.112187806014097,0.1107259655,C
39.81079483,0,2023-02-22T18:04:35Z,146.4540414810111,46,100.00019836,0.1107259655,0.112187806014097,0.1107259655,C
46.41598129,0,2023-02-22T18:04:35Z,146.4540414810111,46,100.00019836,0.1107259655,0.112187806014097,0.1107259655,C
54.11705780,0,2023-02-22T18:04:35Z,146.4540414810111,46,100.00019836,0.1107259655,0.112187806014097,0.1107259655,C
63.09585953,0,2023-02-22T18:04:35Z,146.4540414810111,46,100.00019836,0.1107259655,0.112187806014097,0.1107259655,C
73.56436920,0,2023-02-22T18:04:35Z,146.4540414810111,46,100.00019836,0.1107259655,0.112187806014097,0.1107259655,C
85.76976013,0,2023-02-22T18:04:35Z,146.4540414810111,46,100.00019836,0.1107259655,0.112187806014097,0.1107259655,C
100.00019836,65.0229568481,2023-02-22T18:04:35Z,146.4540414810111,46,100.00019836,0.1107259655,0.112187806014097,0.1107259655,C
116.59166718,0,2023-02-22T18:04:35Z,146.4540414810111,46,100.00019836,0.1107259655,0.112187806014097,0.1107259655,C
135.93591309,0,2023-02-22T18:04:35Z,146.4540414810111,46,100.00019836,0.1107259655,0.112187806014097,0.1107259655,C
158.48962402,0,2023-02-22T18:04:35Z,146.4540414810111,46,100.00019836,0.1107259655,0.112187806014097,0.1107259655,C
184.78533936,0,2023-02-22T18:04:35Z,146.4540414810111,46,100.00019836,0.1107259655,0.112187806014097,0.1107259655,C
215.44389343,0,2023-02-22T18:04:35Z,146.4540414810111,46,100.00019836,0.1107259655,0.112187806014097,0.1107259655,C
251.18913269,0,2023-02-22T18:04:35Z,146.4540414810111,46,100.00019836,0.1107259655,0.112187806014097,0.1107259655,C
292.86502075,0,2023-02-22T18:04:35Z,146.4540414810111,46,100.00019836,0.1107259655,0.112187806014097,0.1107259655,C
341.45556641,0,2023-02-22T18:04:35Z,146.4540414810111,46,100.00019836,0.1107259655,0.112187806014097,0.1107259655,C
398.10794067,0,2023-02-22T18:04:35Z,146.4540414810111,46,100.00019836,0.1107259655,0.112187806014097,0.1107259655,C
464.15979004,0,2023-02-22T18:04:35Z,146.4540414810111,46,100.00019836,0.1107259655,0.112187806014097,0.1107259655,C
541.17059326,0,2023-02-22T18:04:35Z,146.4540414810111,46,100.00019836,0.1107259655,0.112187806014097,0.1107259655,C
630.95855713,0,2023-02-22T18:04:35Z,146.4540414810111,46,100.00019836,0.1107259655,0.112187806014097,0.1107259655,C
735.64367676,0,2023-02-22T18:04:35Z,146.4540414810111,46,100.00019836,0.1107259655,0.112187806014097,0.1107259655,C
857.69757080,0,2023-02-22T18:04:35Z,146.4540414810111,46,100.00019836,0.1107259655,0.112187806014097,0.1107259655,C
1000.00195313,0,2023-02-22T18:04:35Z,146.4540414810111,46,100.00019836,0.1107259655,0.112187806014097,0.1107259655,C
0.10000020,0,2023-02-22T18:04:36Z,136.60217020246668,46,100.00019836,0.13077463873324147,0.14139648944267358,0.13077462893947453,C
0.11659167,0,2023-02-22T18:04:36Z,136.60217020246668,46,100.00019836,0.13077463873324147,0.14139648944267358,0.13077462893947453,C
0.13593590,0,2023-02-22T18:04:36Z,136.60217020246668,46,100.00019836,0.13077463873324147,0.14139648944267358,0.13077462893947453,C
0.15848963,0,2023-02-22T18:04:36Z,136.60217020246668,46,100.00019836,0.13077463873324147,0.14139648944267358,0.13077462893947453,C
0.18478534,0,2023-02-22T18:04:36Z,136.60217020246668,46,100.00019836,0.13077463873324147,0.14139648944267358,0.13077462893947453,C
0.21544389,0,2023-02-22T18:04:36Z,136.60217020246668,46,100.00019836,0.13077463873324147,0.14139648944267358,0.13077462893947453,C
0.25118914,0,2023-02-22T18:04:36Z,136.60217020246668,46,100.00019836,0.13077463873324147,0.14139648944267358,0.13077462893947453,C
0.29286504,0,2023-02-22T18:04:36Z,136.60217020246668,46,100.00019836,0.13077463873324147,0.14139648944267358,0.13077462893947453,C
0.34145555,0,2023-02-22T18:04:36Z,136.60217020246668,46,100.00019836,0.13077463873324147,0.14139648944267358,0.13077462893947453,C
0.39810795,0,2023-02-22T18:04:36Z,136.60217020246668,46,100.00019836,0.13077463873324147,0.14139648944267358,0.13077462893947453,C
0.46415979,0,2023-02-22T18:04:36Z,136.60217020246668,46,100.00019836,0.13077463873324147,0.14139648944267358,0.13077462893947453,C
0.54117060,0,2023-02-22T18:04:36Z,136.60217020246668,46,100.00019836,0.13077463873324147,0.14139648944267358,0.13077462893947453,C
0.63095856,0,2023-02-22T18:04:36Z,136.60217020246668,46,100.00019836,0.13077463873324147,0.14139648944267358,0.13077462893947453,C
0.73564368,0,2023-02-22T18:04:36Z,136.60217020246668,46,100.00019836,0.13077463873324147,0.14139648944267358,0.13077462893947453,C
0.85769761,0,2023-02-22T18:04:36Z,136.60217020246668,46,100.00019836,0.13077463873324147,0.14139648944267358,0.13077462893947453,C
1.00000191,9.68054192363e-10,2023-02-22T18:04:36Z,136.60217020246668,46,100.00019836,0.13077463873324147,0.14139648944267358,0.13077462893947453,C
1.16591668,0.0197377633303,2023-02-22T18:04:36Z,136.60217020246668,46,100.00019836,0.13077463873324147,0.14139648944267358,0.13077462893947453,C
1.35935903,7.49586677551,2023-02-22T18:04:36Z,136.60217020246668,46,100.00019836,0.13077463873324147,0.14139648944267358,0.13077462893947453,C
1.58489633,5.5341835022,2023-02-22T18:04:36Z,136.60217020246668,46,100.00019836,0.13077463873324147,0.14139648944267358,0.13077462893947453,C
1.84785342,0.0276748519391,2023-02-22T18:04:36Z,136.60217020246668,46,100.00019836,0.13077463873324147,0.14139648944267358,0.13077462893947453,C
2.15443897,9.79376636678e-7,2023-02-22T18:04:36Z,136.60217020246668,46,100.00019836,0.13077463873324147,0.14139648944267358,0.13077462893947453,C
2.51189137,5.7038141571e-14,2023-02-22T18:04:36Z,136.60217020246668,46,100.00019836,0.13077463873324147,0.14139648944267358,0.13077462893947453,C
2.92865038,8.5847695566e-27,2023-02-22T18:04:36Z,136.60217020246668,46,100.00019836,0.13077463873324147,0.14139648944267358,0.13077462893947453,C
3.41455555,0,2023-02-22T18:04:36Z,136.60217020246668,46,100.00019836,0.13077463873324147,0.14139648944267358,0.13077462893947453,C
3.98107958,0,2023-02-22T18:04:36Z,136.60217020246668,46,100.00019836,0.13077463873324147,0.14139648944267358,0.13077462893947453,C
4.64159775,0,2023-02-22T18:04:36Z,136.60217020246668,46,100.00019836,0.13077463873324147,0.14139648944267358,0.13077462893947453,C
5.41170597,0.00204164488241,2023-02-22T18:04:36Z,136.60217020246668,46,100.00019836,0.13077463873324147,0.14139648944267358,0.13077462893947453,C
6.30958605,0.0543935149908,2023-02-22T18:04:36Z,136.60217020246668,46,100.00019836,0.13077463873324147,0.14139648944267358,0.13077462893947453,C
7.35643721,0.25513574481,2023-02-22T18:04:36Z,136.60217020246668,46,100.00019836,0.13077463873324147,0.14139648944267358,0.13077462893947453,C
8.57697582,0.75061416626,2023-02-22T18:04:36Z,136.60217020246668,46,100.00019836,0.13077463873324147,0.14139648944267358,0.13077462893947453,C
10.00002003,1.6977339983,2023-02-22T18:04:36Z,136.60217020246668,46,100.00019836,0.13077463873324147,0.14139648944267358,0.13077462893947453,C
11.65916729,3.15391540527,2023-02-22T18:04:36Z,136.60217020246668,46,100.00019836,0.13077463873324147,0.14139648944267358,0.13077462893947453,C
13.59359074,4.89881563187,2023-02-22T18:04:36Z,136.60217020246668,46,100.00019836,0.13077463873324147,0.14139648944267358,0.13077462893947453,C
15.84896278,6.28850078583,2023-02-22T18:04:36Z,136.60217020246668,46,100.00019836,0.13077463873324147,0.14139648944267358,0.13077462893947453,C
18.47853470,6.3836312294,2023-02-22T18:04:36Z,136.60217020246668,46,100.00019836,0.13077463873324147,0.14139648944267358,0.13077462893947453,C
21.54438972,4.57247400284,2023-02-22T18:04:36Z,136.60217020246668,46,100.00019836,0.13077463873324147,0.14139648944267358,0.13077462893947453,C
25.11891365,1.57450699806,2023-02-22T18:04:36Z,136.60217020246668,46,100.00019836,0.13077463873324147,0.14139648944267358,0.13077462893947453,C
29.28650284,0,2023-02-22T18:04:36Z,136.60217020246668,46,100.00019836,0.13077463873324147,0.14139648944267358,0.13077462893947453,C
34.14555740,0,2023-02-22T18:04:36Z,136.60217020246668,46,100.00019836,0.13077463873324147,0.14139648944267358,0.13077462893947453,C
39.81079483,0,2023-02-22T18:04:36Z,136.60217020246668,46,100.00019836,0.13077463873324147,0.14139648944267358,0.13077462893947453,C
46.41598129,0,2023-02-22T18:04:36Z,136.60217020246668,46,100.00019836,0.13077463873324147,0.14139648944267358,0.13077462893947453,C
54.11705780,0,2023-02-22T18:04:36Z,136.60217020246668,46,100.00019836,0.13077463873324147,0.14139648944267358,0.13077462893947453,C
63.09585953,0,2023-02-22T18:04:36Z,136.60217020246668,46,100.00019836,0.13077463873324147,0.14139648944267358,0.13077462893947453,C
73.56436920,0,2023-02-22T18:04:36Z,136.60217020246668,46,100.00019836,0.13077463873324147,0.14139648944267358,0.13077462893947453,C
85.76976013,0,2023-02-22T18:04:36Z,136.60217020246668,46,100.00019836,0.13077463873324147,0.14139648944267358,0.13077462893947453,C
100.00019836,57.2907752991,2023-02-22T18:04:36Z,136.60217020246668,46,100.00019836,0.13077463873324147,0.14139648944267358,0.13077462893947453,C
116.59166718,0,2023-02-22T18:04:36Z,136.60217020246668,46,100.00019836,0.13077463873324147,0.14139648944267358,0.13077462893947453,C
135.93591309,0,2023-02-22T18:04:36Z,136.60217020246668,46,100.00019836,0.13077463873324147,0.14139648944267358,0.13077462893947453,C
158.48962402,0,2023-02-22T18:04:36Z,136.60217020246668,46,100.00019836,0.13077463873324147,0.14139648944267358,0.13077462893947453,C
184.78533936,0,2023-02-22T18:04:36Z,136.60217020246668,46,100.00019836,0.13077463873324147,0.14139648944267358,0.13077462893947453,C
215.44389343,0,2023-02-22T18:04:36Z,136.60217020246668,46,100.00019836,0.13077463873324147,0.14139648944267358,0.13077462893947453,C
251.18913269,0,2023-02-22T18:04:36Z,136.60217020246668,46,100.00019836,0.13077463873324147,0.14139648944267358,0.13077462893947453,C
292.86502075,0,2023-02-22T18:04:36Z,136.60217020246668,46,100.00019836,0.13077463873324147,0.14139648944267358,0.13077462893947453,C
341.45556641,0,2023-02-22T18:04:36Z,136.60217020246668,46,100.00019836,0.13077463873324147,0.14139648944267358,0.13077462893947453,C
398.10794067,0,2023-02-22T18:04:36Z,136.60217020246668,46,100.00019836,0.13077463873324147,0.14139648944267358,0.13077462893947453,C
464.15979004,0,2023-02-22T18:04:36Z,136.60217020246668,46,100.00019836,0.13077463873324147,0.14139648944267358,0.13077462893947453,C
541.17059326,0,2023-02-22T18:04:36Z,136.60217020246668,46,100.00019836,0.13077463873324147,0.14139648944267358,0.13077462893947453,C
630.95855713,0,2023-02-22T18:04:36Z,136.60217020246668,46,100.00019836,0.13077463873324147,0.14139648944267358,0.13077462893947453,C
735.64367676,0,2023-02-22T18:04:36Z,136.60217020246668,46,100.00019836,0.13077463873324147,0.14139648944267358,0.13077462893947453,C
857.69757080,0,2023-02-22T18:04:36Z,136.60217020246668,46,100.00019836,0.13077463873324147,0.14139648944267358,0.13077462893947453,C
1000.00195313,0,2023-02-22T18:04:36Z,136.60217020246668,46,100.00019836,0.13077463873324147,0.14139648944267358,0.13077462893947453,C
0.10000020,0,2023-02-22T18:04:37Z,115.88069311778334,42,54.1170578,0.14678049168327834,0.18472507900336732,0.14677922684142056,C
0.11659167,0,2023-02-22T18:04:37Z,115.88069311778334,42,54.1170578,0.14678049168327834,0.18472507900336732,0.14677922684142056,C
0.13593590,0,2023-02-22T18:04:37Z,115.88069311778334,42,54.1170578,0.14678049168327834,0.18472507900336732,0.14677922684142056,C
0.15848963,0,2023-02-22T18:04:37Z,115.88069311778334,42,54.1170578,0.14678049168327834,0.18472507900336732,0.14677922684142056,C
0.18478534,0,2023-02-22T18:04:37Z,115.88069311778334,42,54.1170578,0.14678049168327834,0.18472507900336732,0.14677922684142056,C
0.21544389,0,2023-02-22T18:04:37Z,115.88069311778334,42,54.1170578,0.14678049168327834,0.18472507900336732,0.14677922684142056,C
0.25118914,0,2023-02-22T18:04:37Z,115.88069311778334,42,54.1170578,0.14678049168327834,0.18472507900336732,0.14677922684142056,C
0.29286504,0,2023-02-22T18:04:37Z,115.88069311778334,42,54.1170578,0.14678049168327834,0.18472507900336732,0.14677922684142056,C
0.34145555,0,2023-02-22T18:04:37Z,115.88069311778334,42,54.1170578,0.14678049168327834,0.18472507900336732,0.14677922684142056,C
0.39810795,0,2023-02-22T18:04:37Z,115.88069311778334,42,54.1170578,0.14678049168327834,0.18472507900336732,0.14677922684142056,C
0.46415979,0,2023-02-22T18:04:37Z,115.88069311778334,42,54.1170578,0.14678049168327834,0.18472507900336732,0.14677922684142056,C
0.54117060,0,2023-02-22T18:04:37Z,115.88069311778334,42,54.1170578,0.14678049168327834,0.18472507900336732,0.14677922684142056,C
0.63095856,0,2023-02-22T18:04:37Z,115.88069311778334,42,54.1170578,0.14678049168327834,0.18472507900336732,0.14677922684142056,C
0.73564368,0,2023-02-22T18:04:37Z,115.88069311778334,42,54.1170578,0.14678049168327834,0.18472507900336732,0.14677922684142056,C
0.85769761,0,2023-02-22T18:04:37Z,115.88069311778334,42,54.1170578,0.14678049168327834,0.18472507900336732,0.14677922684142056,C
1.00000191,5.72669669054e-4,2023-02-22T18:04:37Z,115.88069311778334,42,54.1170578,0.14678049168327834,0.18472507900336732,0.14677922684142056,C
1.16591668,1.37373530865,2023-02-22T18:04:37Z,115.88069311778334,42,54.1170578,0.14678049168327834,0.18472507900336732,0.14677922684142056,C
1.35935903,10.1938838959,2023-02-22T18:04:37Z,115.88069311778334,42,54.1170578,0.14678049168327834,0.18472507900336732,0.14677922684142056,C
1.58489633,3.03874135017,2023-02-22T18:04:37Z,115.88069311778334,42,54.1170578,0.14678049168327834,0.18472507900336732,0.14677922684142056,C
1.84785342,0.070989459753,2023-02-22T18:04:37Z,115.88069311778334,42,54.1170578,0.14678049168327834,0.18472507900336732,0.14677922684142056,C
2.15443897,1.26477913e-4,2023-02-22T18:04:37Z,115.88069311778334,42,54.1170578,0.14678049168327834,0.18472507900336732,0.14677922684142056,C
2.51189137,6.27277740861e-9,2023-02-22T18:04:37Z,115.88069311778334,42,54.1170578,0.14678049168327834,0.18472507900336732,0.14677922684142056,C
2.92865038,6.07366232143e-17,2023-02-22T18:04:37Z,115.88069311778334,42,54.1170578,0.14678049168327834,0.18472507900336732,0.14677922684142056,C
3.41455555,0,2023-02-22T18:04:37Z,115.88069311778334,42,54.1170578,0.14678049168327834,0.18472507900336732,0.14677922684142056,C
3.98107958,0,2023-02-22T18:04:37Z,115.88069311778334,42,54.1170578,0.14678049168327834,0.18472507900336732,0.14677922684142056,C
4.64159775,0,2023-02-22T18:04:37Z,115.88069311778334,42,54.1170578,0.14678049168327834,0.18472507900336732,0.14677922684142056,C
5.41170597,0.0585853308439,2023-02-22T18:04:37Z,115.88069311778334,42,54.1170578,0.14678049168327834,0.18472507900336732,0.14677922684142056,C
6.30958605,0.494404137135,2023-02-22T18:04:37Z,115.88069311778334,42,54.1170578,0.14678049168327834,0.18472507900336732,0.14677922684142056,C
7.35643721,1.18083965778,2023-02-22T18:04:37Z,115.88069311778334,42,54.1170578,0.14678049168327834,0.18472507900336732,0.14677922684142056,C
8.57697582,2.06062960625,2023-02-22T18:04:37Z,115.88069311778334,42,54.1170578,0.14678049168327834,0.18472507900336732,0.14677922684142056,C
10.00002003,3.04644227028,2023-02-22T18:04:37Z,115.88069311778334,42,54.1170578,0.14678049168327834,0.18472507900336732,0.14677922684142056,C
11.65916729,4.00408744812,2023-02-22T18:04:37Z,115.88069311778334,42,54.1170578,0.14678049168327834,0.18472507900336732,0.14677922684142056,C
13.59359074,4.75292491913,2023-02-22T18:04:37Z,115.88069311778334,42,54.1170578,0.14678049168327834,0.18472507900336732,0.14677922684142056,C
15.84896278,5.0853471756,2023-02-22T18:04:37Z,115.88069311778334,42,54.1170578,0.14678049168327834,0.18472507900336732,0.14677922684142056,C
18.47853470,4.82597351074,2023-02-22T18:04:37Z,115.88069311778334,42,54.1170578,0.14678049168327834,0.18472507900336732,0.14677922684142056,C
21.54438972,3.91995835304,2023-02-22T18:04:37Z,115.88069311778334,42,54.1170578,0.14678049168327834,0.18472507900336732,0.14677922684142056,C
25.11891365,2.53427028656,2023-02-22T18:04:37Z,115.88069311778334,42,54.1170578,0.14678049168327834,0.18472507900336732,0.14677922684142056,C
29.28650284,1.10227441788,2023-02-22T18:04:37Z,115.88069311778334,42,54.1170578,0.14678049168327834,0.18472507900336732,0.14677922684142056,C
34.14555740,0.203429982066,2023-02-22T18:04:37Z,115.88069311778334,42,54.1170578,0.14678049168327834,0.18472507900336732,0.14677922684142056,C
39.81079483,0.190450295806,2023-02-22T18:04:37Z,115.88069311778334,42,54.1170578,0.14678049168327834,0.18472507900336732,0.14677922684142056,C
46.41598129,1.52284944057,2023-02-22T18:04:37Z,115.88069311778334,42,54.1170578,0.14678049168327834,0.18472507900336732,0.14677922684142056,C
54.11705780,4.78685474396,2023-02-22T18:04:37Z,115.88069311778334,42,54.1170578,0.14678049168327834,0.18472507900336732,0.14677922684142056,C
63.09585953,9.42898178101,2023-02-22T18:04:37Z,115.88069311778334,42,54.1170578,0.14678049168327834,0.18472507900336732,0.14677922684142056,C
73.56436920,13.4433422089,2023-02-22T18:04:37Z,115.88069311778334,42,54.1170578,0.14678049168327834,0.18472507900336732,0.14677922684142056,C
85.76976013,13.9205265045,2023-02-22T18:04:37Z,115.88069311778334,42,54.1170578,0.14678049168327834,0.18472507900336732,0.14677922684142056,C
100.00019836,8.75976753235,2023-02-22T18:04:37Z,115.88069311778334,42,54.1170578,0.14678049168327834,0.18472507900336732,0.14677922684142056,C
116.59166718,0,2023-02-22T18:04:37Z,115.88069311778334,42,54.1170578,0.14678049168327834,0.18472507900336732,0.14677922684142056,C
135.93591309,0,2023-02-22T18:04:37Z,115.88069311778334,42,54.1170578,0.14678049168327834,0.18472507900336732,0.14677922684142056,C
158.48962402,0,2023-02-22T18:04:37Z,115.88069311778334,42,54.1170578,0.14678049168327834,0.18472507900336732,0.14677922684142056,C
184.78533936,0,2023-02-22T18:04:37Z,115.88069311778334,42,54.1170578,0.14678049168327834,0.18472507900336732,0.14677922684142056,C
215.44389343,0,2023-02-22T18:04:37Z,115.88069311778334,42,54.1170578,0.14678049168327834,0.18472507900336732,0.14677922684142056,C
251.18913269,0,2023-02-22T18:04:37Z,115.88069311778334,42,54.1170578,0.14678049168327834,0.18472507900336732,0.14677922684142056,C
292.86502075,0,2023-02-22T18:04:37Z,115.88069311778334,42,54.1170578,0.14678049168327834,0.18472507900336732,0.14677922684142056,C
341.45556641,0,2023-02-22T18:04:37Z,115.88069311778334,42,54.1170578,0.14678049168327834,0.18472507900336732,0.14677922684142056,C
398.10794067,0,2023-02-22T18:04:37Z,115.88069311778334,42,54.1170578,0.14678049168327834,0.18472507900336732,0.14677922684142056,C
464.15979004,0,2023-02-22T18:04:37Z,115.88069311778334,42,54.1170578,0.14678049168327834,0.18472507900336732,0.14677922684142056,C
541.17059326,0,2023-02-22T18:04:37Z,115.88069311778334,42,54.1170578,0.14678049168327834,0.18472507900336732,0.14677922684142056,C
630.95855713,0,2023-02-22T18:04:37Z,115.88069311778334,42,54.1170578,0.14678049168327834,0.18472507900336732,0.14677922684142056,C
735.64367676,0,2023-02-22T18:04:37Z,115.88069311778334,42,54.1170578,0.14678049168327834,0.18472507900336732,0.14677922684142056,C
857.69757080,0,2023-02-22T18:04:37Z,115.88069311778334,42,54.1170578,0.14678049168327834,0.18472507900336732,0.14677922684142056,C
1000.00195313,0,2023-02-22T18:04:37Z,115.88069311778334,42,54.1170578,0.14678049168327834,0.18472507900336732,0.14677922684142056,C
0.10000020,0,2023-02-22T18:04:38Z,121.4800046285,46,100.00019836,0.11460246567928065,0.13023942401014066,0.1146024656399395,C
0.11659167,0,2023-02-22T18:04:38Z,121.4800046285,46,100.00019836,0.11460246567928065,0.13023942401014066,0.1146024656399395,C
0.13593590,0,2023-02-22T18:04:38Z,121.4800046285,46,100.00019836,0.11460246567928065,0.13023942401014066,0.1146024656399395,C
0.15848963,0,2023-02-22T18:04:38Z,121.4800046285,46,100.00019836,0.11460246567928065,0.13023942401014066,0.1146024656399395,C
0.18478534,0,2023-02-22T18:04:38Z,121.4800046285,46,100.00019836,0.11460246567928065,0.13023942401014066,0.1146024656399395,C
0.21544389,0,2023-02-22T18:04:38Z,121.4800046285,46,100.00019836,0.11460246567928065,0.13023942401014066,0.1146024656399395,C
0.25118914,0,2023-02-22T18:04:38Z,121.4800046285,46,100.00019836,0.11460246567928065,0.13023942401014066,0.1146024656399395,C
0.29286504,0,2023-02-22T18:04:38Z,121.4800046285,46,100.00019836,0.11460246567928065,0.13023942401014066,0.1146024656399395,C
0.34145555,0,2023-02-22T18:04:38Z,121.4800046285,46,100.00019836,0.11460246567928065,0.13023942401014066,0.1146024656399395,C
0.39810795,0,2023-02-22T18:04:38Z,121.4800046285,46,100.00019836,0.11460246567928065,0.13023942401014066,0.1146024656399395,C
0.46415979,0,2023-02-22T18:04:38Z,121.4800046285,46,100.00019836,0.11460246567928065,0.13023942401014066,0.1146024656399395,C
0.54117060,0,2023-02-22T18:04:38Z,121.4800046285,46,100.00019836,0.11460246567928065,0.13023942401014066,0.1146024656399395,C
0.63095856,0,2023-02-22T18:04:38Z,121.4800046285,46,100.00019836,0.11460246567928065,0.13023942401014066,0.1146024656399395,C
0.73564368,0,2023-02-22T18:04:38Z,121.4800046285,46,100.00019836,0.11460246567928065,0.13023942401014066,0.1146024656399395,C
0.85769761,0,2023-02-22T18:04:38Z,121.4800046285,46,100.00019836,0.11460246567928065,0.13023942401014066,0.1146024656399395,C
1.00000191,1.03097974602e-9,2023-02-22T18:04:38Z,121.4800046285,46,100.00019836,0.11460246567928065,0.13023942401014066,0.1146024656399395,C
1.16591668,0.0393161028624,2023-02-22T18:04:38Z,121.4800046285,46,100.00019836,0.11460246567928065,0.13023942401014066,0.1146024656399395,C
1.35935903,9.26711750031,2023-02-22T18:04:38Z,121.4800046285,46,100.00019836,0.11460246567928065,0.13023942401014066,0.1146024656399395,C
1.58489633,2.15206694603,2023-02-22T18:04:38Z,121.4800046285,46,100.00019836,0.11460246567928065,0.13023942401014066,0.1146024656399395,C
1.84785342,0.00174601376057,2023-02-22T18:04:38Z,121.4800046285,46,100.00019836,0.11460246567928065,0.13023942401014066,0.1146024656399395,C
2.15443897,3.93411569988e-9,2023-02-22T18:04:38Z,121.4800046285,46,100.00019836,0.11460246567928065,0.13023942401014066,0.1146024656399395,C
2.51189137,1.84424198228e-18,2023-02-22T18:04:38Z,121.4800046285,46,100.00019836,0.11460246567928065,0.13023942401014066,0.1146024656399395,C
2.92865038,5.18436991548e-38,2023-02-22T18:04:38Z,121.4800046285,46,100.00019836,0.11460246567928065,0.13023942401014066,0.1146024656399395,C
3.41455555,0,2023-02-22T18:04:38Z,121.4800046285,46,100.00019836,0.11460246567928065,0.13023942401014066,0.1146024656399395,C
3.98107958,0,2023-02-22T18:04:38Z,121.4800046285,46,100.00019836,0.11460246567928065,0.13023942401014066,0.1146024656399395,C
4.64159775,0,2023-02-22T18:04:38Z,121.4800046285,46,100.00019836,0.11460246567928065,0.13023942401014066,0.1146024656399395,C
5.41170597,0,2023-02-22T18:04:38Z,121.4800046285,46,100.00019836,0.11460246567928065,0.13023942401014066,0.1146024656399395,C
6.30958605,0.106005892158,2023-02-22T18:04:38Z,121.4800046285,46,100.00019836,0.11460246567928065,0.13023942401014066,0.1146024656399395,C
7.35643721,0.418370902538,2023-02-22T18:04:38Z,121.4800046285,46,100.00019836,0.11460246567928065,0.13023942401014066,0.1146024656399395,C
8.57697582,1.03931903839,2023-02-22T18:04:38Z,121.4800046285,46,100.00019836,0.11460246567928065,0.13023942401014066,0.1146024656399395,C
10.00002003,2.04471516609,2023-02-22T18:04:38Z,121.4800046285,46,100.00019836,0.11460246567928065,0.13023942401014066,0.1146024656399395,C
11.65916729,3.40021634102,2023-02-22T18:04:38Z,121.4800046285,46,100.00019836,0.11460246567928065,0.13023942401014066,0.1146024656399395,C
13.59359074,4.86518287659,2023-02-22T18:04:38Z,121.4800046285,46,100.00019836,0.11460246567928065,0.13023942401014066,0.1146024656399395,C
15.84896278,5.94298315048,2023-02-22T18:04:38Z,121.4800046285,46,100.00019836,0.11460246567928065,0.13023942401014066,0.1146024656399395,C
18.47853470,5.98189592361,2023-02-22T18:04:38Z,121.4800046285,46,100.00019836,0.11460246567928065,0.13023942401014066,0.1146024656399395,C
21.54438972,4.49991464615,2023-02-22T18:04:38Z,121.4800046285,46,100.00019836,0.11460246567928065,0.13023942401014066,0.1146024656399395,C
25.11891365,1.73907053471,2023-02-22T18:04:38Z,121.4800046285,46,100.00019836,0.11460246567928065,0.13023942401014066,0.1146024656399395,C
29.28650284,0,2023-02-22T18:04:38Z,121.4800046285,46,100.00019836,0.11460246567928065,0.13023942401014066,0.1146024656399395,C
34.14555740,0,2023-02-22T18:04:38Z,121.4800046285,46,100.00019836,0.11460246567928065,0.13023942401014066,0.1146024656399395,C
39.81079483,0,2023-02-22T18:04:38Z,121.4800046285,46,100.00019836,0.11460246567928065,0.13023942401014066,0.1146024656399395,C
46.41598129,0,2023-02-22T18:04:38Z,121.4800046285,46,100.00019836,0.11460246567928065,0.13023942401014066,0.1146024656399395,C
54.11705780,0,2023-02-22T18:04:38Z,121.4800046285,46,100.00019836,0.11460246567928065,0.13023942401014066,0.1146024656399395,C
63.09585953,0,2023-02-22T18:04:38Z,121.4800046285,46,100.00019836,0.11460246567928065,0.13023942401014066,0.1146024656399395,C
73.56436920,0,2023-02-22T18:04:38Z,121.4800046285,46,100.00019836,0.11460246567928065,0.13023942401014066,0.1146024656399395,C
85.76976013,0,2023-02-22T18:04:38Z,121.4800046285,46,100.00019836,0.11460246567928065,0.13023942401014066,0.1146024656399395,C
100.00019836,58.50207901,2023-02-22T18:04:38Z,121.4800046285,46,100.00019836,0.11460246567928065,0.13023942401014066,0.1146024656399395,C
116.59166718,0,2023-02-22T18:04:38Z,121.4800046285,46,100.00019836,0.11460246567928065,0.13023942401014066,0.1146024656399395,C
135.93591309,0,2023-02-22T18:04:38Z,121.4800046285,46,100.00019836,0.11460246567928065,0.13023942401014066,0.1146024656399395,C
158.48962402,0,2023-02-22T18:04:38Z,121.4800046285,46,100.00019836,0.11460246567928065,0.13023942401014066,0.1146024656399395,C
184.78533936,0,2023-02-22T18:04:38Z,121.4800046285,46,100.00019836,0.11460246567928065,0.13023942401014066,0.1146024656399395,C
215.44389343,0,2023-02-22T18:04:38Z,121.4800046285,46,100.00019836,0.11460246567928065,0.13023942401014066,0.1146024656399395,C
251.18913269,0,2023-02-22T18:04:38Z,121.4800046285,46,100.00019836,0.11460246567928065,0.13023942401014066,0.1146024656399395,C
292.86502075,0,2023-02-22T18:04:38Z,121.4800046285,46,100.00019836,0.11460246567928065,0.13023942401014066,0.1146024656399395,C
341.45556641,0,2023-02-22T18:04:38Z,121.4800046285,46,100.00019836,0.11460246567928065,0.13023942401014066,0.1146024656399395,C
398.10794067,0,2023-02-22T18:04:38Z,121.4800046285,46,100.00019836,0.11460246567928065,0.13023942401014066,0.1146024656399395,C
464.15979004,0,2023-02-22T18:04:38Z,121.4800046285,46,100.00019836,0.11460246567928065,0.13023942401014066,0.1146024656399395,C
541.17059326,0,2023-02-22T18:04:38Z,121.4800046285,46,100.00019836,0.11460246567928065,0.13023942401014066,0.1146024656399395,C
630.95855713,0,2023-02-22T18:04:38Z,121.4800046285,46,100.00019836,0.11460246567928065,0.13023942401014066,0.1146024656399395,C
735.64367676,0,2023-02-22T18:04:38Z,121.4800046285,46,100.00019836,0.11460246567928065,0.13023942401014066,0.1146024656399395,C
857.69757080,0,2023-02-22T18:04:38Z,121.4800046285,46,100.00019836,0.11460246567928065,0.13023942401014066,0.1146024656399395,C
1000.00195313,0,2023-02-22T18:04:38Z,121.4800046285,46,100.00019836,0.11460246567928065,0.13023942401014066,0.1146024656399395,C
0.10000020,0,2023-02-22T18:04:39Z,177.54998630962777,46,100.00019836,0.12578463507195073,0.12658829360746066,0.1257846350342945,B
0.11659167,0,2023-02-22T18:04:39Z,177.54998630962777,46,100.00019836,0.12578463507195073,0.12658829360746066,0.1257846350342945,B
0.13593590,0,2023-02-22T18:04:39Z,177.54998630962777,46,100.00019836,0.12578463507195073,0.12658829360746066,0.1257846350342945,B
0.15848963,0,2023-02-22T18:04:39Z,177.54998630962777,46,100.00019836,0.12578463507195073,0.12658829360746066,0.1257846350342945,B
0.18478534,0,2023-02-22T18:04:39Z,177.54998630962777,46,100.00019836,0.12578463507195073,0.12658829360746066,0.1257846350342945,B
0.21544389,0,2023-02-22T18:04:39Z,177.54998630962777,46,100.00019836,0.12578463507195073,0.12658829360746066,0.1257846350342945,B
0.25118914,0,2023-02-22T18:04:39Z,177.54998630962777,46,100.00019836,0.12578463507195073,0.12658829360746066,0.1257846350342945,B
0.29286504,0,2023-02-22T18:04:39Z,177.54998630962777,46,100.00019836,0.12578463507195073,0.12658829360746066,0.1257846350342945,B
0.34145555,0,2023-02-22T18:04:39Z,177.54998630962777,46,100.00019836,0.12578463507195073,0.12658829360746066,0.1257846350342945,B
0.39810795,0,2023-02-22T18:04:39Z,177.54998630962777,46,100.00019836,0.12578463507195073,0.12658829360746066,0.1257846350342945,B
0.46415979,0,2023-02-22T18:04:39Z,177.54998630962777,46,100.00019836,0.12578463507195073,0.12658829360746066,0.1257846350342945,B
0.54117060,0,2023-02-22T18:04:39Z,177.54998630962777,46,100.00019836,0.12578463507195073,0.12658829360746066,0.1257846350342945,B
0.63095856,0,2023-02-22T18:04:39Z,177.54998630962777,46,100.00019836,0.12578463507195073,0.12658829360746066,0.1257846350342945,B
0.73564368,0,2023-02-22T18:04:39Z,177.54998630962777,46,100.00019836,0.12578463507195073,0.12658829360746066,0.1257846350342945,B
0.85769761,0,2023-02-22T18:04:39Z,177.54998630962777,46,100.00019836,0.12578463507195073,0.12658829360746066,0.1257846350342945,B
1.00000191,3.85185633389e-11,2023-02-22T18:04:39Z,177.54998630962777,46,100.00019836,0.12578463507195073,0.12658829360746066,0.1257846350342945,B
1.16591668,0.0138897374272,2023-02-22T18:04:39Z,177.54998630962777,46,100.00019836,0.12578463507195073,0.12658829360746066,0.1257846350342945,B
1.35935903,9.31904029846,2023-02-22T18:04:39Z,177.54998630962777,46,100.00019836,0.12578463507195073,0.12658829360746066,0.1257846350342945,B
1.58489633,3.2430164814,2023-02-22T18:04:39Z,177.54998630962777,46,100.00019836,0.12578463507195073,0.12658829360746066,0.1257846350342945,B
1.84785342,0.00251698610373,2023-02-22T18:04:39Z,177.54998630962777,46,100.00019836,0.12578463507195073,0.12658829360746066,0.1257846350342945,B
2.15443897,3.76562514504e-9,2023-02-22T18:04:39Z,177.54998630962777,46,100.00019836,0.12578463507195073,0.12658829360746066,0.1257846350342945,B
2.51189137,8.14867357051e-19,2023-02-22T18:04:39Z,177.54998630962777,46,100.00019836,0.12578463507195073,0.12658829360746066,0.1257846350342945,B
2.92865038,1.24751997085e-38,2023-02-22T18:04:39Z,177.54998630962777,46,100.00019836,0.12578463507195073,0.12658829360746066,0.1257846350342945,B
3.41455555,0,2023-02-22T18:04:39Z,177.54998630962777,46,100.00019836,0.12578463507195073,0.12658829360746066,0.1257846350342945,B
3.98107958,0,2023-02-22T18:04:39Z,177.54998630962777,46,100.00019836,0.12578463507195073,0.12658829360746066,0.1257846350342945,B
4.64159775,0,2023-02-22T18:04:39Z,177.54998630962777,46,100.00019836,0.12578463507195073,0.12658829360746066,0.1257846350342945,B
5.41170597,0,2023-02-22T18:04:39Z,177.54998630962777,46,100.00019836,0.12578463507195073,0.12658829360746066,0.1257846350342945,B
6.30958605,6.25446364211e-6,2023-02-22T18:04:39Z,177.54998630962777,46,100.00019836,0.12578463507195073,0.12658829360746066,0.1257846350342945,B
7.35643721,0.00664070108905,2023-02-22T18:04:39Z,177.54998630962777,46,100.00019836,0.12578463507195073,0.12658829360746066,0.1257846350342945,B
8.57697582,0.0737188979983,2023-02-22T18:04:39Z,177.54998630962777,46,100.00019836,0.12578463507195073,0.12658829360746066,0.1257846350342945,B
10.00002003,0.38505753874799997,2023-02-22T18:04:39Z,177.54998630962777,46,100.00019836,0.12578463507195073,0.12658829360746066,0.1257846350342945,B
11.65916729,1.32763159275,2023-02-22T18:04:39Z,177.54998630962777,46,100.00019836,0.12578463507195073,0.12658829360746066,0.1257846350342945,B
13.59359074,3.30483365059,2023-02-22T18:04:39Z,177.54998630962777,46,100.00019836,0.12578463507195073,0.12658829360746066,0.1257846350342945,B
15.84896278,5.98236370087,2023-02-22T18:04:39Z,177.54998630962777,46,100.00019836,0.12578463507195073,0.12658829360746066,0.1257846350342945,B
18.47853470,7.46734714508,2023-02-22T18:04:39Z,177.54998630962777,46,100.00019836,0.12578463507195073,0.12658829360746066,0.1257846350342945,B
21.54438972,5.45431137085,2023-02-22T18:04:39Z,177.54998630962777,46,100.00019836,0.12578463507195073,0.12658829360746066,0.1257846350342945,B
25.11891365,1.27919852734,2023-02-22T18:04:39Z,177.54998630962777,46,100.00019836,0.12578463507195073,0.12658829360746066,0.1257846350342945,B
29.28650284,0,2023-02-22T18:04:39Z,177.54998630962777,46,100.00019836,0.12578463507195073,0.12658829360746066,0.1257846350342945,B
34.14555740,0,2023-02-22T18:04:39Z,177.54998630962777,46,100.00019836,0.12578463507195073,0.12658829360746066,0.1257846350342945,B
39.81079483,0,2023-02-22T18:04:39Z,177.54998630962777,46,100.00019836,0.12578463507195073,0.12658829360746066,0.1257846350342945,B
46.41598129,0,2023-02-22T18:04:39Z,177.54998630962777,46,100.00019836,0.12578463507195073,0.12658829360746066,0.1257846350342945,B
54.11705780,0,2023-02-22T18:04:39Z,177.54998630962777,46,100.00019836,0.12578463507195073,0.12658829360746066,0.1257846350342945,B
63.09585953,0,2023-02-22T18:04:39Z,177.54998630962777,46,100.00019836,0.12578463507195073,0.12658829360746066,0.1257846350342945,B
73.56436920,0,2023-02-22T18:04:39Z,177.54998630962777,46,100.00019836,0.12578463507195073,0.12658829360746066,0.1257846350342945,B
85.76976013,0,2023-02-22T18:04:39Z,177.54998630962777,46,100.00019836,0.12578463507195073,0.12658829360746066,0.1257846350342945,B
100.00019836,62.1404304504,2023-02-22T18:04:39Z,177.54998630962777,46,100.00019836,0.12578463507195073,0.12658829360746066,0.1257846350342945,B
116.59166718,0,2023-02-22T18:04:39Z,177.54998630962777,46,100.00019836,0.12578463507195073,0.12658829360746066,0.1257846350342945,B
135.93591309,0,2023-02-22T18:04:39Z,177.54998630962777,46,100.00019836,0.12578463507195073,0.12658829360746066,0.1257846350342945,B
158.48962402,0,2023-02-22T18:04:39Z,177.54998630962777,46,100.00019836,0.12578463507195073,0.12658829360746066,0.1257846350342945,B
184.78533936,0,2023-02-22T18:04:39Z,177.54998630962777,46,100.00019836,0.12578463507195073,0.12658829360746066,0.1257846350342945,B
215.44389343,0,2023-02-22T18:04:39Z,177.54998630962777,46,100.00019836,0.12578463507195073,0.12658829360746066,0.1257846350342945,B
251.18913269,0,2023-02-22T18:04:39Z,177.54998630962777,46,100.00019836,0.12578463507195073,0.12658829360746066,0.1257846350342945,B
292.86502075,0,2023-02-22T18:04:39Z,177.54998630962777,46,100.00019836,0.12578463507195073,0.12658829360746066,0.1257846350342945,B
341.45556641,0,2023-02-22T18:04:39Z,177.54998630962777,46,100.00019836,0.12578463507195073,0.12658829360746066,0.1257846350342945,B
398.10794067,0,2023-02-22T18:04:39Z,177.54998630962777,46,100.00019836,0.12578463507195073,0.12658829360746066,0.1257846350342945,B
464.15979004,0,2023-02-22T18:04:39Z,177.54998630962777,46,100.00019836,0.12578463507195073,0.12658829360746066,0.1257846350342945,B
541.17059326,0,2023-02-22T18:04:39Z,177.54998630962777,46,100.00019836,0.12578463507195073,0.12658829360746066,0.1257846350342945,B
630.95855713,0,2023-02-22T18:04:39Z,177.54998630962777,46,100.00019836,0.12578463507195073,0.12658829360746066,0.1257846350342945,B
735.64367676,0,2023-02-22T18:04:39Z,177.54998630962777,46,100.00019836,0.12578463507195073,0.12658829360746066,0.1257846350342945,B
857.69757080,0,2023-02-22T18:04:39Z,177.54998630962777,46,100.00019836,0.12578463507195073,0.12658829360746066,0.1257846350342945,B
1000.00195313,0,2023-02-22T18:04:39Z,177.54998630962777,46,100.00019836,0.12578463507195073,0.12658829360746066,0.1257846350342945,B
0.10000020,0,2023-02-22T18:04:40Z,143.3774021997,46,100.00019836,0.11429406859853337,0.1244050533364417,0.11429406852697956,C
0.11659167,0,2023-02-22T18:04:40Z,143.3774021997,46,100.00019836,0.11429406859853337,0.1244050533364417,0.11429406852697956,C
0.13593590,0,2023-02-22T18:04:40Z,143.3774021997,46,100.00019836,0.11429406859853337,0.1244050533364417,0.11429406852697956,C
0.15848963,0,2023-02-22T18:04:40Z,143.3774021997,46,100.00019836,0.11429406859853337,0.1244050533364417,0.11429406852697956,C
0.18478534,0,2023-02-22T18:04:40Z,143.3774021997,46,100.00019836,0.11429406859853337,0.1244050533364417,0.11429406852697956,C
0.21544389,0,2023-02-22T18:04:40Z,143.3774021997,46,100.00019836,0.11429406859853337,0.1244050533364417,0.11429406852697956,C
0.25118914,0,2023-02-22T18:04:40Z,143.3774021997,46,100.00019836,0.11429406859853337,0.1244050533364417,0.11429406852697956,C
0.29286504,0,2023-02-22T18:04:40Z,143.3774021997,46,100.00019836,0.11429406859853337,0.1244050533364417,0.11429406852697956,C
0.34145555,0,2023-02-22T18:04:40Z,143.3774021997,46,100.00019836,0.11429406859853337,0.1244050533364417,0.11429406852697956,C
0.39810795,0,2023-02-22T18:04:40Z,143.3774021997,46,100.00019836,0.11429406859853337,0.1244050533364417,0.11429406852697956,C
0.46415979,0,2023-02-22T18:04:40Z,143.3774021997,46,100.00019836,0.11429406859853337,0.1244050533364417,0.11429406852697956,C
0.54117060,0,2023-02-22T18:04:40Z,143.3774021997,46,100.00019836,0.11429406859853337,0.1244050533364417,0.11429406852697956,C
0.63095856,0,2023-02-22T18:04:40Z,143.3774021997,46,100.00019836,0.11429406859853337,0.1244050533364417,0.11429406852697956,C
0.73564368,0,2023-02-22T18:04:40Z,143.3774021997,46,100.00019836,0.11429406859853337,0.1244050533364417,0.11429406852697956,C
0.85769761,0,2023-02-22T18:04:40Z,143.3774021997,46,100.00019836,0.11429406859853337,0.1244050533364417,0.11429406852697956,C
1.00000191,6.1840064319300004e-12,2023-02-22T18:04:40Z,143.3774021997,46,100.00019836,0.11429406859853337,0.1244050533364417,0.11429406852697956,C
1.16591668,0.0067566325888,2023-02-22T18:04:40Z,143.3774021997,46,100.00019836,0.11429406859853337,0.1244050533364417,0.11429406852697956,C
1.35935903,7.79676866531,2023-02-22T18:04:40Z,143.3774021997,46,100.00019836,0.11429406859853337,0.1244050533364417,0.11429406852697956,C
1.58489633,3.62247490883,2023-02-22T18:04:40Z,143.3774021997,46,100.00019836,0.11429406859853337,0.1244050533364417,0.11429406852697956,C
1.84785342,0.00340664596297,2023-02-22T18:04:40Z,143.3774021997,46,100.00019836,0.11429406859853337,0.1244050533364417,0.11429406852697956,C
2.15443897,7.15538206464e-9,2023-02-22T18:04:40Z,143.3774021997,46,100.00019836,0.11429406859853337,0.1244050533364417,0.11429406852697956,C
2.51189137,6.0000720328e-18,2023-02-22T18:04:40Z,143.3774021997,46,100.00019836,0.11429406859853337,0.1244050533364417,0.11429406852697956,C
2.92865038,1.14595518798e-33,2023-02-22T18:04:40Z,143.3774021997,46,100.00019836,0.11429406859853337,0.1244050533364417,0.11429406852697956,C
3.41455555,0,2023-02-22T18:04:40Z,143.3774021997,46,100.00019836,0.11429406859853337,0.1244050533364417,0.11429406852697956,C
3.98107958,0,2023-02-22T18:04:40Z,143.3774021997,46,100.00019836,0.11429406859853337,0.1244050533364417,0.11429406852697956,C
4.64159775,0,2023-02-22T18:04:40Z,143.3774021997,46,100.00019836,0.11429406859853337,0.1244050533364417,0.11429406852697956,C
5.41170597,1.15975264634e-4,2023-02-22T18:04:40Z,143.3774021997,46,100.00019836,0.11429406859853337,0.1244050533364417,0.11429406852697956,C
6.30958605,0.0489275157452,2023-02-22T18:04:40Z,143.3774021997,46,100.00019836,0.11429406859853337,0.1244050533364417,0.11429406852697956,C
7.35643721,0.243175521493,2023-02-22T18:04:40Z,143.3774021997,46,100.00019836,0.11429406859853337,0.1244050533364417,0.11429406852697956,C
8.57697582,0.718879461288,2023-02-22T18:04:40Z,143.3774021997,46,100.00019836,0.11429406859853337,0.1244050533364417,0.11429406852697956,C
10.00002003,1.62354505062,2023-02-22T18:04:40Z,143.3774021997,46,100.00019836,0.11429406859853337,0.1244050533364417,0.11429406852697956,C
11.65916729,3.0180644989,2023-02-22T18:04:40Z,143.3774021997,46,100.00019836,0.11429406859853337,0.1244050533364417,0.11429406852697956,C
13.59359074,4.71787834167,2023-02-22T18:04:40Z,143.3774021997,46,100.00019836,0.11429406859853337,0.1244050533364417,0.11429406852697956,C
15.84896278,6.15955495834,2023-02-22T18:04:40Z,143.3774021997,46,100.00019836,0.11429406859853337,0.1244050533364417,0.11429406852697956,C
18.47853470,6.48877382278,2023-02-22T18:04:40Z,143.3774021997,46,100.00019836,0.11429406859853337,0.1244050533364417,0.11429406852697956,C
21.54438972,5.04651594162,2023-02-22T18:04:40Z,143.3774021997,46,100.00019836,0.11429406859853337,0.1244050533364417,0.11429406852697956,C
25.11891365,2.20507764816,2023-02-22T18:04:40Z,143.3774021997,46,100.00019836,0.11429406859853337,0.1244050533364417,0.11429406852697956,C
29.28650284,0.00304369651712,2023-02-22T18:04:40Z,143.3774021997,46,100.00019836,0.11429406859853337,0.1244050533364417,0.11429406852697956,C
34.14555740,0,2023-02-22T18:04:40Z,143.3774021997,46,100.00019836,0.11429406859853337,0.1244050533364417,0.11429406852697956,C
39.81079483,0,2023-02-22T18:04:40Z,143.3774021997,46,100.00019836,0.11429406859853337,0.1244050533364417,0.11429406852697956,C
46.41598129,0,2023-02-22T18:04:40Z,143.3774021997,46,100.00019836,0.11429406859853337,0.1244050533364417,0.11429406852697956,C
54.11705780,0,2023-02-22T18:04:40Z,143.3774021997,46,100.00019836,0.11429406859853337,0.1244050533364417,0.11429406852697956,C
63.09585953,0,2023-02-22T18:04:40Z,143.3774021997,46,100.00019836,0.11429406859853337,0.1244050533364417,0.11429406852697956,C
73.56436920,0,2023-02-22T18:04:40Z,143.3774021997,46,100.00019836,0.11429406859853337,0.1244050533364417,0.11429406852697956,C
85.76976013,0,2023-02-22T18:04:40Z,143.3774021997,46,100.00019836,0.11429406859853337,0.1244050533364417,0.11429406852697956,C
100.00019836,58.297039032,2023-02-22T18:04:40Z,143.3774021997,46,100.00019836,0.11429406859853337,0.1244050533364417,0.11429406852697956,C
116.59166718,0,2023-02-22T18:04:40Z,143.3774021997,46,100.00019836,0.11429406859853337,0.1244050533364417,0.11429406852697956,C
135.93591309,0,2023-02-22T18:04:40Z,143.3774021997,46,100.00019836,0.11429406859853337,0.1244050533364417,0.11429406852697956,C
158.48962402,0,2023-02-22T18:04:40Z,143.3774021997,46,100.00019836,0.11429406859853337,0.1244050533364417,0.11429406852697956,C
184.78533936,0,2023-02-22T18:04:40Z,143.3774021997,46,100.00019836,0.11429406859853337,0.1244050533364417,0.11429406852697956,C
215.44389343,0,2023-02-22T18:04:40Z,143.3774021997,46,100.00019836,0.11429406859853337,0.1244050533364417,0.11429406852697956,C
251.18913269,0,2023-02-22T18:04:40Z,143.3774021997,46,100.00019836,0.11429406859853337,0.1244050533364417,0.11429406852697956,C
292.86502075,0,2023-02-22T18:04:40Z,143.3774021997,46,100.00019836,0.11429406859853337,0.1244050533364417,0.11429406852697956,C
341.45556641,0,2023-02-22T18:04:40Z,143.3774021997,46,100.00019836,0.11429406859853337,0.1244050533364417,0.11429406852697956,C
398.10794067,0,2023-02-22T18:04:40Z,143.3774021997,46,100.00019836,0.11429406859853337,0.1244050533364417,0.11429406852697956,C
464.15979004,0,2023-02-22T18:04:40Z,143.3774021997,46,100.00019836,0.11429406859853337,0.1244050533364417,0.11429406852697956,C
541.17059326,0,2023-02-22T18:04:40Z,143.3774021997,46,100.00019836,0.11429406859853337,0.1244050533364417,0.11429406852697956,C
630.95855713,0,2023-02-22T18:04:40Z,143.3774021997,46,100.00019836,0.11429406859853337,0.1244050533364417,0.11429406852697956,C
735.64367676,0,2023-02-22T18:04:40Z,143.3774021997,46,100.00019836,0.11429406859853337,0.1244050533364417,0.11429406852697956,C
857.69757080,0,2023-02-22T18:04:40Z,143.3774021997,46,100.00019836,0.11429406859853337,0.1244050533364417,0.11429406852697956,C
1000.00195313,0,2023-02-22T18:04:40Z,143.3774021997,46,100.00019836,0.11429406859853337,0.1244050533364417,0.11429406852697956,C
0.10000020,0,2023-02-22T18:04:41Z,212.31382921009165,46,100.00019836,0.11008993148800199,0.11513445090498639,0.11008993148800199,B
0.11659167,0,2023-02-22T18:04:41Z,212.31382921009165,46,100.00019836,0.11008993148800199,0.11513445090498639,0.11008993148800199,B
0.13593590,0,2023-02-22T18:04:41Z,212.31382921009165,46,100.00019836,0.11008993148800199,0.11513445090498639,0.11008993148800199,B
0.15848963,0,2023-02-22T18:04:41Z,212.31382921009165,46,100.00019836,0.11008993148800199,0.11513445090498639,0.11008993148800199,B
0.18478534,0,2023-02-22T18:04:41Z,212.31382921009165,46,100.00019836,0.11008993148800199,0.11513445090498639,0.11008993148800199,B
0.21544389,0,2023-02-22T18:04:41Z,212.31382921009165,46,100.00019836,0.11008993148800199,0.11513445090498639,0.11008993148800199,B
0.25118914,0,2023-02-22T18:04:41Z,212.31382921009165,46,100.00019836,0.11008993148800199,0.11513445090498639,0.11008993148800199,B
0.29286504,0,2023-02-22T18:04:41Z,212.31382921009165,46,100.00019836,0.11008993148800199,0.11513445090498639,0.11008993148800199,B
0.34145555,0,2023-02-22T18:04:41Z,212.31382921009165,46,100.00019836,0.11008993148800199,0.11513445090498639,0.11008993148800199,B
0.39810795,0,2023-02-22T18:04:41Z,212.31382921009165,46,100.00019836,0.11008993148800199,0.11513445090498639,0.11008993148800199,B
0.46415979,0,2023-02-22T18:04:41Z,212.31382921009165,46,100.00019836,0.11008993148800199,0.11513445090498639,0.11008993148800199,B
0.54117060,0,2023-02-22T18:04:41Z,212.31382921009165,46,100.00019836,0.11008993148800199,0.11513445090498639,0.11008993148800199,B
0.63095856,0,2023-02-22T18:04:41Z,212.31382921009165,46,100.00019836,0.11008993148800199,0.11513445090498639,0.11008993148800199,B
0.73564368,0,2023-02-22T18:04:41Z,212.31382921009165,46,100.00019836,0.11008993148800199,0.11513445090498639,0.11008993148800199,B
0.85769761,0,2023-02-22T18:04:41Z,212.31382921009165,46,100.00019836,0.11008993148800199,0.11513445090498639,0.11008993148800199,B
1.00000191,0,2023-02-22T18:04:41Z,212.31382921009165,46,100.00019836,0.11008993148800199,0.11513445090498639,0.11008993148800199,B
1.16591668,1.69415303726e-13,2023-02-22T18:04:41Z,212.31382921009165,46,100.00019836,0.11008993148800199,0.11513445090498639,0.11008993148800199,B
1.35935903,11.0089931488,2023-02-22T18:04:41Z,212.31382921009165,46,100.00019836,0.11008993148800199,0.11513445090498639,0.11008993148800199,B
1.58489633,2.87661638487e-14,2023-02-22T18:04:41Z,212.31382921009165,46,100.00019836,0.11008993148800199,0.11513445090498639,0.11008993148800199,B
1.84785342,0,2023-02-22T18:04:41Z,212.31382921009165,46,100.00019836,0.11008993148800199,0.11513445090498639,0.11008993148800199,B
2.15443897,0,2023-02-22T18:04:41Z,212.31382921009165,46,100.00019836,0.11008993148800199,0.11513445090498639,0.11008993148800199,B
2.51189137,0,2023-02-22T18:04:41Z,212.31382921009165,46,100.00019836,0.11008993148800199,0.11513445090498639,0.11008993148800199,B
2.92865038,0,2023-02-22T18:04:41Z,212.31382921009165,46,100.00019836,0.11008993148800199,0.11513445090498639,0.11008993148800199,B
3.41455555,0,2023-02-22T18:04:41Z,212.31382921009165,46,100.00019836,0.11008993148800199,0.11513445090498639,0.11008993148800199,B
3.98107958,0,2023-02-22T18:04:41Z,212.31382921009165,46,100.00019836,0.11008993148800199,0.11513445090498639,0.11008993148800199,B
4.64159775,0,2023-02-22T18:04:41Z,212.31382921009165,46,100.00019836,0.11008993148800199,0.11513445090498639,0.11008993148800199,B
5.41170597,0,2023-02-22T18:04:41Z,212.31382921009165,46,100.00019836,0.11008993148800199,0.11513445090498639,0.11008993148800199,B
6.30958605,0.00327476486564,2023-02-22T18:04:41Z,212.31382921009165,46,100.00019836,0.11008993148800199,0.11513445090498639,0.11008993148800199,B
7.35643721,0.0954554527998,2023-02-22T18:04:41Z,212.31382921009165,46,100.00019836,0.11008993148800199,0.11513445090498639,0.11008993148800199,B
8.57697582,0.405721724033,2023-02-22T18:04:41Z,212.31382921009165,46,100.00019836,0.11008993148800199,0.11513445090498639,0.11008993148800199,B
10.00002003,1.10608661175,2023-02-22T18:04:41Z,212.31382921009165,46,100.00019836,0.11008993148800199,0.11513445090498639,0.11008993148800199,B
11.65916729,2.32290863991,2023-02-22T18:04:41Z,212.31382921009165,46,100.00019836,0.11008993148800199,0.11513445090498639,0.11008993148800199,B
13.59359074,3.94569516182,2023-02-22T18:04:41Z,212.31382921009165,46,100.00019836,0.11008993148800199,0.11513445090498639,0.11008993148800199,B
15.84896278,5.42245864868,2023-02-22T18:04:41Z,212.31382921009165,46,100.00019836,0.11008993148800199,0.11513445090498639,0.11008993148800199,B
18.47853470,5.79247951508,2023-02-22T18:04:41Z,212.31382921009165,46,100.00019836,0.11008993148800199,0.11513445090498639,0.11008993148800199,B
21.54438972,4.24157047272,2023-02-22T18:04:41Z,212.31382921009165,46,100.00019836,0.11008993148800199,0.11513445090498639,0.11008993148800199,B
25.11891365,1.225689888,2023-02-22T18:04:41Z,212.31382921009165,46,100.00019836,0.11008993148800199,0.11513445090498639,0.11008993148800199,B
29.28650284,0,2023-02-22T18:04:41Z,212.31382921009165,46,100.00019836,0.11008993148800199,0.11513445090498639,0.11008993148800199,B
34.14555740,0,2023-02-22T18:04:41Z,212.31382921009165,46,100.00019836,0.11008993148800199,0.11513445090498639,0.11008993148800199,B
39.81079483,0,2023-02-22T18:04:41Z,212.31382921009165,46,100.00019836,0.11008993148800199,0.11513445090498639,0.11008993148800199,B
46.41598129,0,2023-02-22T18:04:41Z,212.31382921009165,46,100.00019836,0.11008993148800199,0.11513445090498639,0.11008993148800199,B
54.11705780,0,2023-02-22T18:04:41Z,212.31382921009165,46,100.00019836,0.11008993148800199,0.11513445090498639,0.11008993148800199,B
63.09585953,0,2023-02-22T18:04:41Z,212.31382921009165,46,100.00019836,0.11008993148800199,0.11513445090498639,0.11008993148800199,B
73.56436920,0,2023-02-22T18:04:41Z,212.31382921009165,46,100.00019836,0.11008993148800199,0.11513445090498639,0.11008993148800199,B
85.76976013,0,2023-02-22T18:04:41Z,212.31382921009165,46,100.00019836,0.11008993148800199,0.11513445090498639,0.11008993148800199,B
100.00019836,64.4296646118,2023-02-22T18:04:41Z,212.31382921009165,46,100.00019836,0.11008993148800199,0.11513445090498639,0.11008993148800199,B
116.59166718,0,2023-02-22T18:04:41Z,212.31382921009165,46,100.00019836,0.11008993148800199,0.11513445090498639,0.11008993148800199,B
135.93591309,0,2023-02-22T18:04:41Z,212.31382921009165,46,100.00019836,0.11008993148800199,0.11513445090498639,0.11008993148800199,B
158.48962402,0,2023-02-22T18:04:41Z,212.31382921009165,46,100.00019836,0.11008993148800199,0.11513445090498639,0.11008993148800199,B
184.78533936,0,2023-02-22T18:04:41Z,212.31382921009165,46,100.00019836,0.11008993148800199,0.11513445090498639,0.11008993148800199,B
215.44389343,0,2023-02-22T18:04:41Z,212.31382921009165,46,100.00019836,0.11008993148800199,0.11513445090498639,0.11008993148800199,B
251.18913269,0,2023-02-22T18:04:41Z,212.31382921009165,46,100.00019836,0.11008993148800199,0.11513445090498639,0.11008993148800199,B
292.86502075,0,2023-02-22T18:04:41Z,212.31382921009165,46,100.00019836,0.11008993148800199,0.11513445090498639,0.11008993148800199,B
341.45556641,0,2023-02-22T18:04:41Z,212.31382921009165,46,100.00019836,0.11008993148800199,0.11513445090498639,0.11008993148800199,B
398.10794067,0,2023-02-22T18:04:41Z,212.31382921009165,46,100.00019836,0.11008993148800199,0.11513445090498639,0.11008993148800199,B
464.15979004,0,2023-02-22T18:04:41Z,212.31382921009165,46,100.00019836,0.11008993148800199,0.11513445090498639,0.11008993148800199,B
541.17059326,0,2023-02-22T18:04:41Z,212.31382921009165,46,100.00019836,0.11008993148800199,0.11513445090498639,0.11008993148800199,B
630.95855713,0,2023-02-22T18:04:41Z,212.31382921009165,46,100.00019836,0.11008993148800199,0.11513445090498639,0.11008993148800199,B
735.64367676,0,2023-02-22T18:04:41Z,212.31382921009165,46,100.00019836,0.11008993148800199,0.11513445090498639,0.11008993148800199,B
857.69757080,0,2023-02-22T18:04:41Z,212.31382921009165,46,100.00019836,0.11008993148800199,0.11513445090498639,0.11008993148800199,B
1000.00195313,0,2023-02-22T18:04:41Z,212.31382921009165,46,100.00019836,0.11008993148800199,0.11513445090498639,0.11008993148800199,B
0.10000020,0,2023-02-22T18:04:42Z,123.17139699726944,46,100.00019836,0.12014549749095707,0.13329733497819768,0.12014549748616725,C
0.11659167,0,2023-02-22T18:04:42Z,123.17139699726944,46,100.00019836,0.12014549749095707,0.13329733497819768,0.12014549748616725,C
0.13593590,0,2023-02-22T18:04:42Z,123.17139699726944,46,100.00019836,0.12014549749095707,0.13329733497819768,0.12014549748616725,C
0.15848963,0,2023-02-22T18:04:42Z,123.17139699726944,46,100.00019836,0.12014549749095707,0.13329733497819768,0.12014549748616725,C
0.18478534,0,2023-02-22T18:04:42Z,123.17139699726944,46,100.00019836,0.12014549749095707,0.13329733497819768,0.12014549748616725,C
0.21544389,0,2023-02-22T18:04:42Z,123.17139699726944,46,100.00019836,0.12014549749095707,0.13329733497819768,0.12014549748616725,C
0.25118914,0,2023-02-22T18:04:42Z,123.17139699726944,46,100.00019836,0.12014549749095707,0.13329733497819768,0.12014549748616725,C
0.29286504,0,2023-02-22T18:04:42Z,123.17139699726944,46,100.00019836,0.12014549749095707,0.13329733497819768,0.12014549748616725,C
0.34145555,0,2023-02-22T18:04:42Z,123.17139699726944,46,100.00019836,0.12014549749095707,0.13329733497819768,0.12014549748616725,C
0.39810795,0,2023-02-22T18:04:42Z,123.17139699726944,46,100.00019836,0.12014549749095707,0.13329733497819768,0.12014549748616725,C
0.46415979,0,2023-02-22T18:04:42Z,123.17139699726944,46,100.00019836,0.12014549749095707,0.13329733497819768,0.12014549748616725,C
0.54117060,0,2023-02-22T18:04:42Z,123.17139699726944,46,100.00019836,0.12014549749095707,0.13329733497819768,0.12014549748616725,C
0.63095856,0,2023-02-22T18:04:42Z,123.17139699726944,46,100.00019836,0.12014549749095707,0.13329733497819768,0.12014549748616725,C
0.73564368,0,2023-02-22T18:04:42Z,123.17139699726944,46,100.00019836,0.12014549749095707,0.13329733497819768,0.12014549748616725,C
0.85769761,0,2023-02-22T18:04:42Z,123.17139699726944,46,100.00019836,0.12014549749095707,0.13329733497819768,0.12014549748616725,C
1.00000191,1.65407032689e-12,2023-02-22T18:04:42Z,123.17139699726944,46,100.00019836,0.12014549749095707,0.13329733497819768,0.12014549748616725,C
1.16591668,0.00567117286846,2023-02-22T18:04:42Z,123.17139699726944,46,100.00019836,0.12014549749095707,0.13329733497819768,0.12014549748616725,C
1.35935903,8.88485240936,2023-02-22T18:04:42Z,123.17139699726944,46,100.00019836,0.12014549749095707,0.13329733497819768,0.12014549748616725,C
1.58489633,3.12280106544,2023-02-22T18:04:42Z,123.17139699726944,46,100.00019836,0.12014549749095707,0.13329733497819768,0.12014549748616725,C
1.84785342,0.00122510094661,2023-02-22T18:04:42Z,123.17139699726944,46,100.00019836,0.12014549749095707,0.13329733497819768,0.12014549748616725,C
2.15443897,4.78981965202e-10,2023-02-22T18:04:42Z,123.17139699726944,46,100.00019836,0.12014549749095707,0.13329733497819768,0.12014549748616725,C
2.51189137,1.45687201542e-20,2023-02-22T18:04:42Z,123.17139699726944,46,100.00019836,0.12014549749095707,0.13329733497819768,0.12014549748616725,C
2.92865038,9.19251792597e-41,2023-02-22T18:04:42Z,123.17139699726944,46,100.00019836,0.12014549749095707,0.13329733497819768,0.12014549748616725,C
3.41455555,0,2023-02-22T18:04:42Z,123.17139699726944,46,100.00019836,0.12014549749095707,0.13329733497819768,0.12014549748616725,C
3.98107958,0,2023-02-22T18:04:42Z,123.17139699726944,46,100.00019836,0.12014549749095707,0.13329733497819768,0.12014549748616725,C
4.64159775,0,2023-02-22T18:04:42Z,123.17139699726944,46,100.00019836,0.12014549749095707,0.13329733497819768,0.12014549748616725,C
5.41170597,0.00108342361636,2023-02-22T18:04:42Z,123.17139699726944,46,100.00019836,0.12014549749095707,0.13329733497819768,0.12014549748616725,C
6.30958605,0.0867679715157,2023-02-22T18:04:42Z,123.17139699726944,46,100.00019836,0.12014549749095707,0.13329733497819768,0.12014549748616725,C
7.35643721,0.344385921955,2023-02-22T18:04:42Z,123.17139699726944,46,100.00019836,0.12014549749095707,0.13329733497819768,0.12014549748616725,C
8.57697582,0.882946431637,2023-02-22T18:04:42Z,123.17139699726944,46,100.00019836,0.12014549749095707,0.13329733497819768,0.12014549748616725,C
10.00002003,1.79762876034,2023-02-22T18:04:42Z,123.17139699726944,46,100.00019836,0.12014549749095707,0.13329733497819768,0.12014549748616725,C
11.65916729,3.09111523628,2023-02-22T18:04:42Z,123.17139699726944,46,100.00019836,0.12014549749095707,0.13329733497819768,0.12014549748616725,C
13.59359074,4.56476163864,2023-02-22T18:04:42Z,123.17139699726944,46,100.00019836,0.12014549749095707,0.13329733497819768,0.12014549748616725,C
15.84896278,5.73803758621,2023-02-22T18:04:42Z,123.17139699726944,46,100.00019836,0.12014549749095707,0.13329733497819768,0.12014549748616725,C
18.47853470,5.91860389709,2023-02-22T18:04:42Z,123.17139699726944,46,100.00019836,0.12014549749095707,0.13329733497819768,0.12014549748616725,C
21.54438972,4.53933382034,2023-02-22T18:04:42Z,123.17139699726944,46,100.00019836,0.12014549749095707,0.13329733497819768,0.12014549748616725,C
25.11891365,1.80487632751,2023-02-22T18:04:42Z,123.17139699726944,46,100.00019836,0.12014549749095707,0.13329733497819768,0.12014549748616725,C
29.28650284,0,2023-02-22T18:04:42Z,123.17139699726944,46,100.00019836,0.12014549749095707,0.13329733497819768,0.12014549748616725,C
34.14555740,0,2023-02-22T18:04:42Z,123.17139699726944,46,100.00019836,0.12014549749095707,0.13329733497819768,0.12014549748616725,C
39.81079483,0,2023-02-22T18:04:42Z,123.17139699726944,46,100.00019836,0.12014549749095707,0.13329733497819768,0.12014549748616725,C
46.41598129,0,2023-02-22T18:04:42Z,123.17139699726944,46,100.00019836,0.12014549749095707,0.13329733497819768,0.12014549748616725,C
54.11705780,0,2023-02-22T18:04:42Z,123.17139699726944,46,100.00019836,0.12014549749095707,0.13329733497819768,0.12014549748616725,C
63.09585953,0,2023-02-22T18:04:42Z,123.17139699726944,46,100.00019836,0.12014549749095707,0.13329733497819768,0.12014549748616725,C
73.56436920,0,2023-02-22T18:04:42Z,123.17139699726944,46,100.00019836,0.12014549749095707,0.13329733497819768,0.12014549748616725,C
85.76976013,0,2023-02-22T18:04:42Z,123.17139699726944,46,100.00019836,0.12014549749095707,0.13329733497819768,0.12014549748616725,C
100.00019836,59.2159080505,2023-02-22T18:04:42Z,123.17139699726944,46,100.00019836,0.12014549749095707,0.13329733497819768,0.12014549748616725,C
116.59166718,0,2023-02-22T18:04:42Z,123.17139699726944,46,100.00019836,0.12014549749095707,0.13329733497819768,0.12014549748616725,C
135.93591309,0,2023-02-22T18:04:42Z,123.17139699726944,46,100.00019836,0.12014549749095707,0.13329733497819768,0.12014549748616725,C
158.48962402,0,2023-02-22T18:04:42Z,123.17139699726944,46,100.00019836,0.12014549749095707,0.13329733497819768,0.12014549748616725,C
184.78533936,0,2023-02-22T18:04:42Z,123.17139699726944,46,100.00019836,0.12014549749095707,0.13329733497819768,0.12014549748616725,C
215.44389343,0,2023-02-22T18:04:42Z,123.17139699726944,46,100.00019836,0.12014549749095707,0.13329733497819768,0.12014549748616725,C
251.18913269,0,2023-02-22T18:04:42Z,123.17139699726944,46,100.00019836,0.12014549749095707,0.13329733497819768,0.12014549748616725,C
292.86502075,0,2023-02-22T18:04:42Z,123.17139699726944,46,100.00019836,0.12014549749095707,0.13329733497819768,0.12014549748616725,C
341.45556641,0,2023-02-22T18:04:42Z,123.17139699726944,46,100.00019836,0.12014549749095707,0.13329733497819768,0.12014549748616725,C
398.10794067,0,2023-02-22T18:04:42Z,123.17139699726944,46,100.00019836,0.12014549749095707,0.13329733497819768,0.12014549748616725,C
464.15979004,0,2023-02-22T18:04:42Z,123.17139699726944,46,100.00019836,0.12014549749095707,0.13329733497819768,0.12014549748616725,C
541.17059326,0,2023-02-22T18:04:42Z,123.17139699726944,46,100.00019836,0.12014549749095707,0.13329733497819768,0.12014549748616725,C
630.95855713,0,2023-02-22T18:04:42Z,123.17139699726944,46,100.00019836,0.12014549749095707,0.13329733497819768,0.12014549748616725,C
735.64367676,0,2023-02-22T18:04:42Z,123.17139699726944,46,100.00019836,0.12014549749095707,0.13329733497819768,0.12014549748616725,C
857.69757080,0,2023-02-22T18:04:42Z,123.17139699726944,46,100.00019836,0.12014549749095707,0.13329733497819768,0.12014549748616725,C
1000.00195313,0,2023-02-22T18:04:42Z,123.17139699726944,46,100.00019836,0.12014549749095707,0.13329733497819768,0.12014549748616725,C
0.10000020,0,2023-02-22T18:04:43Z,245.53468640654444,46,100.00019836,0.0980802822113,0.11090950118377639,0.0980802822113,B
0.11659167,0,2023-02-22T18:04:43Z,245.53468640654444,46,100.00019836,0.0980802822113,0.11090950118377639,0.0980802822113,B
0.13593590,0,2023-02-22T18:04:43Z,245.53468640654444,46,100.00019836,0.0980802822113,0.11090950118377639,0.0980802822113,B
0.15848963,0,2023-02-22T18:04:43Z,245.53468640654444,46,100.00019836,0.0980802822113,0.11090950118377639,0.0980802822113,B
0.18478534,0,2023-02-22T18:04:43Z,245.53468640654444,46,100.00019836,0.0980802822113,0.11090950118377639,0.0980802822113,B
0.21544389,0,2023-02-22T18:04:43Z,245.53468640654444,46,100.00019836,0.0980802822113,0.11090950118377639,0.0980802822113,B
0.25118914,0,2023-02-22T18:04:43Z,245.53468640654444,46,100.00019836,0.0980802822113,0.11090950118377639,0.0980802822113,B
0.29286504,0,2023-02-22T18:04:43Z,245.53468640654444,46,100.00019836,0.0980802822113,0.11090950118377639,0.0980802822113,B
0.34145555,0,2023-02-22T18:04:43Z,245.53468640654444,46,100.00019836,0.0980802822113,0.11090950118377639,0.0980802822113,B
0.39810795,0,2023-02-22T18:04:43Z,245.53468640654444,46,100.00019836,0.0980802822113,0.11090950118377639,0.0980802822113,B
0.46415979,0,2023-02-22T18:04:43Z,245.53468640654444,46,100.00019836,0.0980802822113,0.11090950118377639,0.0980802822113,B
0.54117060,0,2023-02-22T18:04:43Z,245.53468640654444,46,100.00019836,0.0980802822113,0.11090950118377639,0.0980802822113,B
0.63095856,0,2023-02-22T18:04:43Z,245.53468640654444,46,100.00019836,0.0980802822113,0.11090950118377639,0.0980802822113,B
0.73564368,0,2023-02-22T18:04:43Z,245.53468640654444,46,100.00019836,0.0980802822113,0.11090950118377639,0.0980802822113,B
0.85769761,0,2023-02-22T18:04:43Z,245.53468640654444,46,100.00019836,0.0980802822113,0.11090950118377639,0.0980802822113,B
1.00000191,0,2023-02-22T18:04:43Z,245.53468640654444,46,100.00019836,0.0980802822113,0.11090950118377639,0.0980802822113,B
1.16591668,0,2023-02-22T18:04:43Z,245.53468640654444,46,100.00019836,0.0980802822113,0.11090950118377639,0.0980802822113,B
1.35935903,9.80802822113,2023-02-22T18:04:43Z,245.53468640654444,46,100.00019836,0.0980802822113,0.11090950118377639,0.0980802822113,B
1.58489633,0,2023-02-22T18:04:43Z,245.53468640654444,46,100.00019836,0.0980802822113,0.11090950118377639,0.0980802822113,B
1.84785342,0,2023-02-22T18:04:43Z,245.53468640654444,46,100.00019836,0.0980802822113,0.11090950118377639,0.0980802822113,B
2.15443897,0,2023-02-22T18:04:43Z,245.53468640654444,46,100.00019836,0.0980802822113,0.11090950118377639,0.0980802822113,B
2.51189137,0,2023-02-22T18:04:43Z,245.53468640654444,46,100.00019836,0.0980802822113,0.11090950118377639,0.0980802822113,B
2.92865038,0,2023-02-22T18:04:43Z,245.53468640654444,46,100.00019836,0.0980802822113,0.11090950118377639,0.0980802822113,B
3.41455555,0,2023-02-22T18:04:43Z,245.53468640654444,46,100.00019836,0.0980802822113,0.11090950118377639,0.0980802822113,B
3.98107958,0,2023-02-22T18:04:43Z,245.53468640654444,46,100.00019836,0.0980802822113,0.11090950118377639,0.0980802822113,B
4.64159775,0,2023-02-22T18:04:43Z,245.53468640654444,46,100.00019836,0.0980802822113,0.11090950118377639,0.0980802822113,B
5.41170597,0.00411610491574,2023-02-22T18:04:43Z,245.53468640654444,46,100.00019836,0.0980802822113,0.11090950118377639,0.0980802822113,B
6.30958605,0.0852253139019,2023-02-22T18:04:43Z,245.53468640654444,46,100.00019836,0.0980802822113,0.11090950118377639,0.0980802822113,B
7.35643721,0.332149773836,2023-02-22T18:04:43Z,245.53468640654444,46,100.00019836,0.0980802822113,0.11090950118377639,0.0980802822113,B
8.57697582,0.861430704594,2023-02-22T18:04:43Z,245.53468640654444,46,100.00019836,0.0980802822113,0.11090950118377639,0.0980802822113,B
10.00002003,1.78073906898,2023-02-22T18:04:43Z,245.53468640654444,46,100.00019836,0.0980802822113,0.11090950118377639,0.0980802822113,B
11.65916729,3.10984158516,2023-02-22T18:04:43Z,245.53468640654444,46,100.00019836,0.0980802822113,0.11090950118377639,0.0980802822113,B
13.59359074,4.66715288162,2023-02-22T18:04:43Z,245.53468640654444,46,100.00019836,0.0980802822113,0.11090950118377639,0.0980802822113,B
15.84896278,5.98593330383,2023-02-22T18:04:43Z,245.53468640654444,46,100.00019836,0.0980802822113,0.11090950118377639,0.0980802822113,B
18.47853470,6.38485240936,2023-02-22T18:04:43Z,245.53468640654444,46,100.00019836,0.0980802822113,0.11090950118377639,0.0980802822113,B
21.54438972,5.29535293579,2023-02-22T18:04:43Z,245.53468640654444,46,100.00019836,0.0980802822113,0.11090950118377639,0.0980802822113,B
25.11891365,2.83724975586,2023-02-22T18:04:43Z,245.53468640654444,46,100.00019836,0.0980802822113,0.11090950118377639,0.0980802822113,B
29.28650284,0.32211175561,2023-02-22T18:04:43Z,245.53468640654444,46,100.00019836,0.0980802822113,0.11090950118377639,0.0980802822113,B
34.14555740,0,2023-02-22T18:04:43Z,245.53468640654444,46,100.00019836,0.0980802822113,0.11090950118377639,0.0980802822113,B
39.81079483,0,2023-02-22T18:04:43Z,245.53468640654444,46,100.00019836,0.0980802822113,0.11090950118377639,0.0980802822113,B
46.41598129,0,2023-02-22T18:04:43Z,245.53468640654444,46,100.00019836,0.0980802822113,0.11090950118377639,0.0980802822113,B
54.11705780,0,2023-02-22T18:04:43Z,245.53468640654444,46,100.00019836,0.0980802822113,0.11090950118377639,0.0980802822113,B
63.09585953,0,2023-02-22T18:04:43Z,245.53468640654444,46,100.00019836,0.0980802822113,0.11090950118377639,0.0980802822113,B
73.56436920,0,2023-02-22T18:04:43Z,245.53468640654444,46,100.00019836,0.0980802822113,0.11090950118377639,0.0980802822113,B
85.76976013,0,2023-02-22T18:04:43Z,245.53468640654444,46,100.00019836,0.0980802822113,0.11090950118377639,0.0980802822113,B
100.00019836,58.5258178711,2023-02-22T18:04:43Z,245.53468640654444,46,100.00019836,0.0980802822113,0.11090950118377639,0.0980802822113,B
116.59166718,0,2023-02-22T18:04:43Z,245.53468640654444,46,100.00019836,0.0980802822113,0.11090950118377639,0.0980802822113,B
135.93591309,0,2023-02-22T18:04:43Z,245.53468640654444,46,100.00019836,0.0980802822113,0.11090950118377639,0.0980802822113,B
158.48962402,0,2023-02-22T18:04:43Z,245.53468640654444,46,100.00019836,0.0980802822113,0.11090950118377639,0.0980802822113,B
184.78533936,0,2023-02-22T18:04:43Z,245.53468640654444,46,100.00019836,0.0980802822113,0.11090950118377639,0.0980802822113,B
215.44389343,0,2023-02-22T18:04:43Z,245.53468640654444,46,100.00019836,0.0980802822113,0.11090950118377639,0.0980802822113,B
251.18913269,0,2023-02-22T18:04:43Z,245.53468640654444,46,100.00019836,0.0980802822113,0.11090950118377639,0.0980802822113,B
292.86502075,0,2023-02-22T18:04:43Z,245.53468640654444,46,100.00019836,0.0980802822113,0.11090950118377639,0.0980802822113,B
341.45556641,0,2023-02-22T18:04:43Z,245.53468640654444,46,100.00019836,0.0980802822113,0.11090950118377639,0.0980802822113,B
398.10794067,0,2023-02-22T18:04:43Z,245.53468640654444,46,100.00019836,0.0980802822113,0.11090950118377639,0.0980802822113,B
464.15979004,0,2023-02-22T18:04:43Z,245.53468640654444,46,100.00019836,0.0980802822113,0.11090950118377639,0.0980802822113,B
541.17059326,0,2023-02-22T18:04:43Z,245.53468640654444,46,100.00019836,0.0980802822113,0.11090950118377639,0.0980802822113,B
630.95855713,0,2023-02-22T18:04:43Z,245.53468640654444,46,100.00019836,0.0980802822113,0.11090950118377639,0.0980802822113,B
735.64367676,0,2023-02-22T18:04:43Z,245.53468640654444,46,100.00019836,0.0980802822113,0.11090950118377639,0.0980802822113,B
857.69757080,0,2023-02-22T18:04:43Z,245.53468640654444,46,100.00019836,0.0980802822113,0.11090950118377639,0.0980802822113,B
1000.00195313,0,2023-02-22T18:04:43Z,245.53468640654444,46,100.00019836,0.0980802822113,0.11090950118377639,0.0980802822113,B
0.10000020,0,2023-02-22T18:04:44Z,142.30404620700557,46,100.00019836,0.11058169645536223,0.13137143976335122,0.11058169645380309,C
0.11659167,0,2023-02-22T18:04:44Z,142.30404620700557,46,100.00019836,0.11058169645536223,0.13137143976335122,0.11058169645380309,C
0.13593590,0,2023-02-22T18:04:44Z,142.30404620700557,46,100.00019836,0.11058169645536223,0.13137143976335122,0.11058169645380309,C
0.15848963,0,2023-02-22T18:04:44Z,142.30404620700557,46,100.00019836,0.11058169645536223,0.13137143976335122,0.11058169645380309,C
0.18478534,0,2023-02-22T18:04:44Z,142.30404620700557,46,100.00019836,0.11058169645536223,0.13137143976335122,0.11058169645380309,C
0.21544389,0,2023-02-22T18:04:44Z,142.30404620700557,46,100.00019836,0.11058169645536223,0.13137143976335122,0.11058169645380309,C
0.25118914,0,2023-02-22T18:04:44Z,142.30404620700557,46,100.00019836,0.11058169645536223,0.13137143976335122,0.11058169645380309,C
0.29286504,0,2023-02-22T18:04:44Z,142.30404620700557,46,100.00019836,0.11058169645536223,0.13137143976335122,0.11058169645380309,C
0.34145555,0,2023-02-22T18:04:44Z,142.30404620700557,46,100.00019836,0.11058169645536223,0.13137143976335122,0.11058169645380309,C
0.39810795,0,2023-02-22T18:04:44Z,142.30404620700557,46,100.00019836,0.11058169645536223,0.13137143976335122,0.11058169645380309,C
0.46415979,0,2023-02-22T18:04:44Z,142.30404620700557,46,100.00019836,0.11058169645536223,0.13137143976335122,0.11058169645380309,C
0.54117060,0,2023-02-22T18:04:44Z,142.30404620700557,46,100.00019836,0.11058169645536223,0.13137143976335122,0.11058169645380309,C
0.63095856,0,2023-02-22T18:04:44Z,142.30404620700557,46,100.00019836,0.11058169645536223,0.13137143976335122,0.11058169645380309,C
0.73564368,0,2023-02-22T18:04:44Z,142.30404620700557,46,100.00019836,0.11058169645536223,0.13137143976335122,0.11058169645380309,C
0.85769761,0,2023-02-22T18:04:44Z,142.30404620700557,46,100.00019836,0.11058169645536223,0.13137143976335122,0.11058169645380309,C
1.00000191,1.30508212744e-12,2023-02-22T18:04:44Z,142.30404620700557,46,100.00019836,0.11058169645536223,0.13137143976335122,0.11058169645380309,C
1.16591668,0.00665657361969,2023-02-22T18:04:44Z,142.30404620700557,46,100.00019836,0.11058169645536223,0.13137143976335122,0.11058169645380309,C
1.35935903,8.90356063843,2023-02-22T18:04:44Z,142.30404620700557,46,100.00019836,0.11058169645536223,0.13137143976335122,0.11058169645380309,C
1.58489633,2.14741110802,2023-02-22T18:04:44Z,142.30404620700557,46,100.00019836,0.11058169645536223,0.13137143976335122,0.11058169645380309,C
1.84785342,5.41325309314e-4,2023-02-22T18:04:44Z,142.30404620700557,46,100.00019836,0.11058169645536223,0.13137143976335122,0.11058169645380309,C
2.15443897,1.55914892108e-10,2023-02-22T18:04:44Z,142.30404620700557,46,100.00019836,0.11058169645536223,0.13137143976335122,0.11058169645380309,C
2.51189137,7.79448090682e-21,2023-02-22T18:04:44Z,142.30404620700557,46,100.00019836,0.11058169645536223,0.13137143976335122,0.11058169645380309,C
2.92865038,2.39100754371e-38,2023-02-22T18:04:44Z,142.30404620700557,46,100.00019836,0.11058169645536223,0.13137143976335122,0.11058169645380309,C
3.41455555,0,2023-02-22T18:04:44Z,142.30404620700557,46,100.00019836,0.11058169645536223,0.13137143976335122,0.11058169645380309,C
3.98107958,0,2023-02-22T18:04:44Z,142.30404620700557,46,100.00019836,0.11058169645536223,0.13137143976335122,0.11058169645380309,C
4.64159775,0,2023-02-22T18:04:44Z,142.30404620700557,46,100.00019836,0.11058169645536223,0.13137143976335122,0.11058169645380309,C
5.41170597,0.0268278960139,2023-02-22T18:04:44Z,142.30404620700557,46,100.00019836,0.11058169645536223,0.13137143976335122,0.11058169645380309,C
6.30958605,0.19541490078,2023-02-22T18:04:44Z,142.30404620700557,46,100.00019836,0.11058169645536223,0.13137143976335122,0.11058169645380309,C
7.35643721,0.582240104675,2023-02-22T18:04:44Z,142.30404620700557,46,100.00019836,0.11058169645536223,0.13137143976335122,0.11058169645380309,C
8.57697582,1.27449142933,2023-02-22T18:04:44Z,142.30404620700557,46,100.00019836,0.11058169645536223,0.13137143976335122,0.11058169645380309,C
10.00002003,2.30968260765,2023-02-22T18:04:44Z,142.30404620700557,46,100.00019836,0.11058169645536223,0.13137143976335122,0.11058169645380309,C
11.65916729,3.60886240005,2023-02-22T18:04:44Z,142.30404620700557,46,100.00019836,0.11058169645536223,0.13137143976335122,0.11058169645380309,C
13.59359074,4.9067029953,2023-02-22T18:04:44Z,142.30404620700557,46,100.00019836,0.11058169645536223,0.13137143976335122,0.11058169645380309,C
15.84896278,5.73826169968,2023-02-22T18:04:44Z,142.30404620700557,46,100.00019836,0.11058169645536223,0.13137143976335122,0.11058169645380309,C
18.47853470,5.55848884583,2023-02-22T18:04:44Z,142.30404620700557,46,100.00019836,0.11058169645536223,0.13137143976335122,0.11058169645380309,C
21.54438972,4.02695894241,2023-02-22T18:04:44Z,142.30404620700557,46,100.00019836,0.11058169645536223,0.13137143976335122,0.11058169645380309,C
25.11891365,1.43725442886,2023-02-22T18:04:44Z,142.30404620700557,46,100.00019836,0.11058169645536223,0.13137143976335122,0.11058169645380309,C
29.28650284,0,2023-02-22T18:04:44Z,142.30404620700557,46,100.00019836,0.11058169645536223,0.13137143976335122,0.11058169645380309,C
34.14555740,0,2023-02-22T18:04:44Z,142.30404620700557,46,100.00019836,0.11058169645536223,0.13137143976335122,0.11058169645380309,C
39.81079483,0,2023-02-22T18:04:44Z,142.30404620700557,46,100.00019836,0.11058169645536223,0.13137143976335122,0.11058169645380309,C
46.41598129,0,2023-02-22T18:04:44Z,142.30404620700557,46,100.00019836,0.11058169645536223,0.13137143976335122,0.11058169645380309,C
54.11705780,0,2023-02-22T18:04:44Z,142.30404620700557,46,100.00019836,0.11058169645536223,0.13137143976335122,0.11058169645380309,C
63.09585953,0,2023-02-22T18:04:44Z,142.30404620700557,46,100.00019836,0.11058169645536223,0.13137143976335122,0.11058169645380309,C
73.56436920,0,2023-02-22T18:04:44Z,142.30404620700557,46,100.00019836,0.11058169645536223,0.13137143976335122,0.11058169645380309,C
85.76976013,0,2023-02-22T18:04:44Z,142.30404620700557,46,100.00019836,0.11058169645536223,0.13137143976335122,0.11058169645380309,C
100.00019836,59.2766532898,2023-02-22T18:04:44Z,142.30404620700557,46,100.00019836,0.11058169645536223,0.13137143976335122,0.11058169645380309,C
116.59166718,0,2023-02-22T18:04:44Z,142.30404620700557,46,100.00019836,0.11058169645536223,0.13137143976335122,0.11058169645380309,C
135.93591309,0,2023-02-22T18:04:44Z,142.30404620700557,46,100.00019836,0.11058169645536223,0.13137143976335122,0.11058169645380309,C
158.48962402,0,2023-02-22T18:04:44Z,142.30404620700557,46,100.00019836,0.11058169645536223,0.13137143976335122,0.11058169645380309,C
184.78533936,0,2023-02-22T18:04:44Z,142.30404620700557,46,100.00019836,0.11058169645536223,0.13137143976335122,0.11058169645380309,C
215.44389343,0,2023-02-22T18:04:44Z,142.30404620700557,46,100.00019836,0.11058169645536223,0.13137143976335122,0.11058169645380309,C
251.18913269,0,2023-02-22T18:04:44Z,142.30404620700557,46,100.00019836,0.11058169645536223,0.13137143976335122,0.11058169645380309,C
292.86502075,0,2023-02-22T18:04:44Z,142.30404620700557,46,100.00019836,0.11058169645536223,0.13137143976335122,0.11058169645380309,C
341.45556641,0,2023-02-22T18:04:44Z,142.30404620700557,46,100.00019836,0.11058169645536223,0.13137143976335122,0.11058169645380309,C
398.10794067,0,2023-02-22T18:04:44Z,142.30404620700557,46,100.00019836,0.11058169645536223,0.13137143976335122,0.11058169645380309,C
464.15979004,0,2023-02-22T18:04:44Z,142.30404620700557,46,100.00019836,0.11058169645536223,0.13137143976335122,0.11058169645380309,C
541.17059326,0,2023-02-22T18:04:44Z,142.30404620700557,46,100.00019836,0.11058169645536223,0.13137143976335122,0.11058169645380309,C
630.95855713,0,2023-02-22T18:04:44Z,142.30404620700557,46,100.00019836,0.11058169645536223,0.13137143976335122,0.11058169645380309,C
735.64367676,0,2023-02-22T18:04:44Z,142.30404620700557,46,100.00019836,0.11058169645536223,0.13137143976335122,0.11058169645380309,C
857.69757080,0,2023-02-22T18:04:44Z,142.30404620700557,46,100.00019836,0.11058169645536223,0.13137143976335122,0.11058169645380309,C
1000.00195313,0,2023-02-22T18:04:44Z,142.30404620700557,46,100.00019836,0.11058169645536223,0.13137143976335122,0.11058169645380309,C
0.10000020,0,2023-02-22T18:04:45Z,124.77058739130555,46,100.00019836,0.11911785125701145,0.12913713809071545,0.11911785125701145,C
0.11659167,0,2023-02-22T18:04:45Z,124.77058739130555,46,100.00019836,0.11911785125701145,0.12913713809071545,0.11911785125701145,C
0.13593590,0,2023-02-22T18:04:45Z,124.77058739130555,46,100.00019836,0.11911785125701145,0.12913713809071545,0.11911785125701145,C
0.15848963,0,2023-02-22T18:04:45Z,124.77058739130555,46,100.00019836,0.11911785125701145,0.12913713809071545,0.11911785125701145,C
0.18478534,0,2023-02-22T18:04:45Z,124.77058739130555,46,100.00019836,0.11911785125701145,0.12913713809071545,0.11911785125701145,C
0.21544389,0,2023-02-22T18:04:45Z,124.77058739130555,46,100.00019836,0.11911785125701145,0.12913713809071545,0.11911785125701145,C
0.25118914,0,2023-02-22T18:04:45Z,124.77058739130555,46,100.00019836,0.11911785125701145,0.12913713809071545,0.11911785125701145,C
0.29286504,0,2023-02-22T18:04:45Z,124.77058739130555,46,100.00019836,0.11911785125701145,0.12913713809071545,0.11911785125701145,C
0.34145555,0,2023-02-22T18:04:45Z,124.77058739130555,46,100.00019836,0.11911785125701145,0.12913713809071545,0.11911785125701145,C
0.39810795,0,2023-02-22T18:04:45Z,124.77058739130555,46,100.00019836,0.11911785125701145,0.12913713809071545,0.11911785125701145,C
0.46415979,0,2023-02-22T18:04:45Z,124.77058739130555,46,100.00019836,0.11911785125701145,0.12913713809071545,0.11911785125701145,C
0.54117060,0,2023-02-22T18:04:45Z,124.77058739130555,46,100.00019836,0.11911785125701145,0.12913713809071545,0.11911785125701145,C
0.63095856,0,2023-02-22T18:04:45Z,124.77058739130555,46,100.00019836,0.11911785125701145,0.12913713809071545,0.11911785125701145,C
0.73564368,0,2023-02-22T18:04:45Z,124.77058739130555,46,100.00019836,0.11911785125701145,0.12913713809071545,0.11911785125701145,C
0.85769761,0,2023-02-22T18:04:45Z,124.77058739130555,46,100.00019836,0.11911785125701145,0.12913713809071545,0.11911785125701145,C
1.00000191,0,2023-02-22T18:04:45Z,124.77058739130555,46,100.00019836,0.11911785125701145,0.12913713809071545,0.11911785125701145,C
1.16591668,1.14550133701e-12,2023-02-22T18:04:45Z,124.77058739130555,46,100.00019836,0.11911785125701145,0.12913713809071545,0.11911785125701145,C
1.35935903,11.9117851257,2023-02-22T18:04:45Z,124.77058739130555,46,100.00019836,0.11911785125701145,0.12913713809071545,0.11911785125701145,C
1.58489633,1.59057802453e-25,2023-02-22T18:04:45Z,124.77058739130555,46,100.00019836,0.11911785125701145,0.12913713809071545,0.11911785125701145,C
1.84785342,0,2023-02-22T18:04:45Z,124.77058739130555,46,100.00019836,0.11911785125701145,0.12913713809071545,0.11911785125701145,C
2.15443897,0,2023-02-22T18:04:45Z,124.77058739130555,46,100.00019836,0.11911785125701145,0.12913713809071545,0.11911785125701145,C
2.51189137,0,2023-02-22T18:04:45Z,124.77058739130555,46,100.00019836,0.11911785125701145,0.12913713809071545,0.11911785125701145,C
2.92865038,0,2023-02-22T18:04:45Z,124.77058739130555,46,100.00019836,0.11911785125701145,0.12913713809071545,0.11911785125701145,C
3.41455555,0,2023-02-22T18:04:45Z,124.77058739130555,46,100.00019836,0.11911785125701145,0.12913713809071545,0.11911785125701145,C
3.98107958,0,2023-02-22T18:04:45Z,124.77058739130555,46,100.00019836,0.11911785125701145,0.12913713809071545,0.11911785125701145,C
4.64159775,0,2023-02-22T18:04:45Z,124.77058739130555,46,100.00019836,0.11911785125701145,0.12913713809071545,0.11911785125701145,C
5.41170597,0,2023-02-22T18:04:45Z,124.77058739130555,46,100.00019836,0.11911785125701145,0.12913713809071545,0.11911785125701145,C
6.30958605,0.0388859920204,2023-02-22T18:04:45Z,124.77058739130555,46,100.00019836,0.11911785125701145,0.12913713809071545,0.11911785125701145,C
7.35643721,0.236247554421,2023-02-22T18:04:45Z,124.77058739130555,46,100.00019836,0.11911785125701145,0.12913713809071545,0.11911785125701145,C
8.57697582,0.726795136929,2023-02-22T18:04:45Z,124.77058739130555,46,100.00019836,0.11911785125701145,0.12913713809071545,0.11911785125701145,C
10.00002003,1.64692628384,2023-02-22T18:04:45Z,124.77058739130555,46,100.00019836,0.11911785125701145,0.12913713809071545,0.11911785125701145,C
11.65916729,3.00984096527,2023-02-22T18:04:45Z,124.77058739130555,46,100.00019836,0.11911785125701145,0.12913713809071545,0.11911785125701145,C
13.59359074,4.53681755066,2023-02-22T18:04:45Z,124.77058739130555,46,100.00019836,0.11911785125701145,0.12913713809071545,0.11911785125701145,C
15.84896278,5.56072282791,2023-02-22T18:04:45Z,124.77058739130555,46,100.00019836,0.11911785125701145,0.12913713809071545,0.11911785125701145,C
18.47853470,5.22104310989,2023-02-22T18:04:45Z,124.77058739130555,46,100.00019836,0.11911785125701145,0.12913713809071545,0.11911785125701145,C
21.54438972,3.09497690201,2023-02-22T18:04:45Z,124.77058739130555,46,100.00019836,0.11911785125701145,0.12913713809071545,0.11911785125701145,C
25.11891365,0.229692161083,2023-02-22T18:04:45Z,124.77058739130555,46,100.00019836,0.11911785125701145,0.12913713809071545,0.11911785125701145,C
29.28650284,0,2023-02-22T18:04:45Z,124.77058739130555,46,100.00019836,0.11911785125701145,0.12913713809071545,0.11911785125701145,C
34.14555740,0,2023-02-22T18:04:45Z,124.77058739130555,46,100.00019836,0.11911785125701145,0.12913713809071545,0.11911785125701145,C
39.81079483,0,2023-02-22T18:04:45Z,124.77058739130555,46,100.00019836,0.11911785125701145,0.12913713809071545,0.11911785125701145,C
46.41598129,0,2023-02-22T18:04:45Z,124.77058739130555,46,100.00019836,0.11911785125701145,0.12913713809071545,0.11911785125701145,C
54.11705780,0,2023-02-22T18:04:45Z,124.77058739130555,46,100.00019836,0.11911785125701145,0.12913713809071545,0.11911785125701145,C
63.09585953,0,2023-02-22T18:04:45Z,124.77058739130555,46,100.00019836,0.11911785125701145,0.12913713809071545,0.11911785125701145,C
73.56436920,0,2023-02-22T18:04:45Z,124.77058739130555,46,100.00019836,0.11911785125701145,0.12913713809071545,0.11911785125701145,C
85.76976013,0,2023-02-22T18:04:45Z,124.77058739130555,46,100.00019836,0.11911785125701145,0.12913713809071545,0.11911785125701145,C
100.00019836,63.7862701416,2023-02-22T18:04:45Z,124.77058739130555,46,100.00019836,0.11911785125701145,0.12913713809071545,0.11911785125701145,C
116.59166718,0,2023-02-22T18:04:45Z,124.77058739130555,46,100.00019836,0.11911785125701145,0.12913713809071545,0.11911785125701145,C
135.93591309,0,2023-02-22T18:04:45Z,124.77058739130555,46,100.00019836,0.11911785125701145,0.12913713809071545,0.11911785125701145,C
158.48962402,0,2023-02-22T18:04:45Z,124.77058739130555,46,100.00019836,0.11911785125701145,0.12913713809071545,0.11911785125701145,C
184.78533936,0,2023-02-22T18:04:45Z,124.77058739130555,46,100.00019836,0.11911785125701145,0.12913713809071545,0.11911785125701145,C
215.44389343,0,2023-02-22T18:04:45Z,124.77058739130555,46,100.00019836,0.11911785125701145,0.12913713809071545,0.11911785125701145,C
251.18913269,0,2023-02-22T18:04:45Z,124.77058739130555,46,100.00019836,0.11911785125701145,0.12913713809071545,0.11911785125701145,C
292.86502075,0,2023-02-22T18:04:45Z,124.77058739130555,46,100.00019836,0.11911785125701145,0.12913713809071545,0.11911785125701145,C
341.45556641,0,2023-02-22T18:04:45Z,124.77058739130555,46,100.00019836,0.11911785125701145,0.12913713809071545,0.11911785125701145,C
398.10794067,0,2023-02-22T18:04:45Z,124.77058739130555,46,100.00019836,0.11911785125701145,0.12913713809071545,0.11911785125701145,C
464.15979004,0,2023-02-22T18:04:45Z,124.77058739130555,46,100.00019836,0.11911785125701145,0.12913713809071545,0.11911785125701145,C
541.17059326,0,2023-02-22T18:04:45Z,124.77058739130555,46,100.00019836,0.11911785125701145,0.12913713809071545,0.11911785125701145,C
630.95855713,0,2023-02-22T18:04:45Z,124.77058739130555,46,100.00019836,0.11911785125701145,0.12913713809071545,0.11911785125701145,C
735.64367676,0,2023-02-22T18:04:45Z,124.77058739130555,46,100.00019836,0.11911785125701145,0.12913713809071545,0.11911785125701145,C
857.69757080,0,2023-02-22T18:04:45Z,124.77058739130555,46,100.00019836,0.11911785125701145,0.12913713809071545,0.11911785125701145,C
1000.00195313,0,2023-02-22T18:04:45Z,124.77058739130555,46,100.00019836,0.11911785125701145,0.12913713809071545,0.11911785125701145,C
0.10000020,0,2023-02-22T18:04:46Z,114.64582411450277,46,100.00019836,0.128704208536314,0.13053779838572577,0.1287042082451593,C
0.11659167,0,2023-02-22T18:04:46Z,114.64582411450277,46,100.00019836,0.128704208536314,0.13053779838572577,0.1287042082451593,C
0.13593590,0,2023-02-22T18:04:46Z,114.64582411450277,46,100.00019836,0.128704208536314,0.13053779838572577,0.1287042082451593,C
0.15848963,0,2023-02-22T18:04:46Z,114.64582411450277,46,100.00019836,0.128704208536314,0.13053779838572577,0.1287042082451593,C
0.18478534,0,2023-02-22T18:04:46Z,114.64582411450277,46,100.00019836,0.128704208536314,0.13053779838572577,0.1287042082451593,C
0.21544389,0,2023-02-22T18:04:46Z,114.64582411450277,46,100.00019836,0.128704208536314,0.13053779838572577,0.1287042082451593,C
0.25118914,0,2023-02-22T18:04:46Z,114.64582411450277,46,100.00019836,0.128704208536314,0.13053779838572577,0.1287042082451593,C
0.29286504,0,2023-02-22T18:04:46Z,114.64582411450277,46,100.00019836,0.128704208536314,0.13053779838572577,0.1287042082451593,C
0.34145555,0,2023-02-22T18:04:46Z,114.64582411450277,46,100.00019836,0.128704208536314,0.13053779838572577,0.1287042082451593,C
0.39810795,0,2023-02-22T18:04:46Z,114.64582411450277,46,100.00019836,0.128704208536314,0.13053779838572577,0.1287042082451593,C
0.46415979,0,2023-02-22T18:04:46Z,114.64582411450277,46,100.00019836,0.128704208536314,0.13053779838572577,0.1287042082451593,C
0.54117060,0,2023-02-22T18:04:46Z,114.64582411450277,46,100.00019836,0.128704208536314,0.13053779838572577,0.1287042082451593,C
0.63095856,0,2023-02-22T18:04:46Z,114.64582411450277,46,100.00019836,0.128704208536314,0.13053779838572577,0.1287042082451593,C
0.73564368,0,2023-02-22T18:04:46Z,114.64582411450277,46,100.00019836,0.128704208536314,0.13053779838572577,0.1287042082451593,C
0.85769761,0,2023-02-22T18:04:46Z,114.64582411450277,46,100.00019836,0.128704208536314,0.13053779838572577,0.1287042082451593,C
1.00000191,2.46190484665e-10,2023-02-22T18:04:46Z,114.64582411450277,46,100.00019836,0.128704208536314,0.13053779838572577,0.1287042082451593,C
1.16591668,0.0190922897309,2023-02-22T18:04:46Z,114.64582411450277,46,100.00019836,0.128704208536314,0.13053779838572577,0.1287042082451593,C
1.35935903,8.854596138,2023-02-22T18:04:46Z,114.64582411450277,46,100.00019836,0.128704208536314,0.13053779838572577,0.1287042082451593,C
1.58489633,3.9903819561,2023-02-22T18:04:46Z,114.64582411450277,46,100.00019836,0.128704208536314,0.13053779838572577,0.1287042082451593,C
1.84785342,0.00635044043884,2023-02-22T18:04:46Z,114.64582411450277,46,100.00019836,0.128704208536314,0.13053779838572577,0.1287042082451593,C
2.15443897,2.91154709231e-8,2023-02-22T18:04:46Z,114.64582411450277,46,100.00019836,0.128704208536314,0.13053779838572577,0.1287042082451593,C
2.51189137,2.88236345313e-17,2023-02-22T18:04:46Z,114.64582411450277,46,100.00019836,0.128704208536314,0.13053779838572577,0.1287042082451593,C
2.92865038,1.12801432311e-36,2023-02-22T18:04:46Z,114.64582411450277,46,100.00019836,0.128704208536314,0.13053779838572577,0.1287042082451593,C
3.41455555,0,2023-02-22T18:04:46Z,114.64582411450277,46,100.00019836,0.128704208536314,0.13053779838572577,0.1287042082451593,C
3.98107958,0,2023-02-22T18:04:46Z,114.64582411450277,46,100.00019836,0.128704208536314,0.13053779838572577,0.1287042082451593,C
4.64159775,0,2023-02-22T18:04:46Z,114.64582411450277,46,100.00019836,0.128704208536314,0.13053779838572577,0.1287042082451593,C
5.41170597,0,2023-02-22T18:04:46Z,114.64582411450277,46,100.00019836,0.128704208536314,0.13053779838572577,0.1287042082451593,C
6.30958605,4.61724528577e-4,2023-02-22T18:04:46Z,114.64582411450277,46,100.00019836,0.128704208536314,0.13053779838572577,0.1287042082451593,C
7.35643721,0.0227065291256,2023-02-22T18:04:46Z,114.64582411450277,46,100.00019836,0.128704208536314,0.13053779838572577,0.1287042082451593,C
8.57697582,0.160190731287,2023-02-22T18:04:46Z,114.64582411450277,46,100.00019836,0.128704208536314,0.13053779838572577,0.1287042082451593,C
10.00002003,0.639622092247,2023-02-22T18:04:46Z,114.64582411450277,46,100.00019836,0.128704208536314,0.13053779838572577,0.1287042082451593,C
11.65916729,1.80870616436,2023-02-22T18:04:46Z,114.64582411450277,46,100.00019836,0.128704208536314,0.13053779838572577,0.1287042082451593,C
13.59359074,3.85086417198,2023-02-22T18:04:46Z,114.64582411450277,46,100.00019836,0.128704208536314,0.13053779838572577,0.1287042082451593,C
15.84896278,6.15373039246,2023-02-22T18:04:46Z,114.64582411450277,46,100.00019836,0.128704208536314,0.13053779838572577,0.1287042082451593,C
18.47853470,6.95548963547,2023-02-22T18:04:46Z,114.64582411450277,46,100.00019836,0.128704208536314,0.13053779838572577,0.1287042082451593,C
21.54438972,4.64993190765,2023-02-22T18:04:46Z,114.64582411450277,46,100.00019836,0.128704208536314,0.13053779838572577,0.1287042082451593,C
25.11891365,0.874717175961,2023-02-22T18:04:46Z,114.64582411450277,46,100.00019836,0.128704208536314,0.13053779838572577,0.1287042082451593,C
29.28650284,0,2023-02-22T18:04:46Z,114.64582411450277,46,100.00019836,0.128704208536314,0.13053779838572577,0.1287042082451593,C
34.14555740,0,2023-02-22T18:04:46Z,114.64582411450277,46,100.00019836,0.128704208536314,0.13053779838572577,0.1287042082451593,C
39.81079483,0,2023-02-22T18:04:46Z,114.64582411450277,46,100.00019836,0.128704208536314,0.13053779838572577,0.1287042082451593,C
46.41598129,0,2023-02-22T18:04:46Z,114.64582411450277,46,100.00019836,0.128704208536314,0.13053779838572577,0.1287042082451593,C
54.11705780,0,2023-02-22T18:04:46Z,114.64582411450277,46,100.00019836,0.128704208536314,0.13053779838572577,0.1287042082451593,C
63.09585953,0,2023-02-22T18:04:46Z,114.64582411450277,46,100.00019836,0.128704208536314,0.13053779838572577,0.1287042082451593,C
73.56436920,0,2023-02-22T18:04:46Z,114.64582411450277,46,100.00019836,0.128704208536314,0.13053779838572577,0.1287042082451593,C
85.76976013,0,2023-02-22T18:04:46Z,114.64582411450277,46,100.00019836,0.128704208536314,0.13053779838572577,0.1287042082451593,C
100.00019836,62.0131607056,2023-02-22T18:04:46Z,114.64582411450277,46,100.00019836,0.128704208536314,0.13053779838572577,0.1287042082451593,C
116.59166718,0,2023-02-22T18:04:46Z,114.64582411450277,46,100.00019836,0.128704208536314,0.13053779838572577,0.1287042082451593,C
135.93591309,0,2023-02-22T18:04:46Z,114.64582411450277,46,100.00019836,0.128704208536314,0.13053779838572577,0.1287042082451593,C
158.48962402,0,2023-02-22T18:04:46Z,114.64582411450277,46,100.00019836,0.128704208536314,0.13053779838572577,0.1287042082451593,C
184.78533936,0,2023-02-22T18:04:46Z,114.64582411450277,46,100.00019836,0.128704208536314,0.13053779838572577,0.1287042082451593,C
215.44389343,0,2023-02-22T18:04:46Z,114.64582411450277,46,100.00019836,0.128704208536314,0.13053779838572577,0.1287042082451593,C
251.18913269,0,2023-02-22T18:04:46Z,114.64582411450277,46,100.00019836,0.128704208536314,0.13053779838572577,0.1287042082451593,C
292.86502075,0,2023-02-22T18:04:46Z,114.64582411450277,46,100.00019836,0.128704208536314,0.13053779838572577,0.1287042082451593,C
341.45556641,0,2023-02-22T18:04:46Z,114.64582411450277,46,100.00019836,0.128704208536314,0.13053779838572577,0.1287042082451593,C
398.10794067,0,2023-02-22T18:04:46Z,114.64582411450277,46,100.00019836,0.128704208536314,0.13053779838572577,0.1287042082451593,C
464.15979004,0,2023-02-22T18:04:46Z,114.64582411450277,46,100.00019836,0.128704208536314,0.13053779838572577,0.1287042082451593,C
541.17059326,0,2023-02-22T18:04:46Z,114.64582411450277,46,100.00019836,0.128704208536314,0.13053779838572577,0.1287042082451593,C
630.95855713,0,2023-02-22T18:04:46Z,114.64582411450277,46,100.00019836,0.128704208536314,0.13053779838572577,0.1287042082451593,C
735.64367676,0,2023-02-22T18:04:46Z,114.64582411450277,46,100.00019836,0.128704208536314,0.13053779838572577,0.1287042082451593,C
857.69757080,0,2023-02-22T18:04:46Z,114.64582411450277,46,100.00019836,0.128704208536314,0.13053779838572577,0.1287042082451593,C
1000.00195313,0,2023-02-22T18:04:46Z,114.64582411450277,46,100.00019836,0.128704208536314,0.13053779838572577,0.1287042082451593,C
0.10000020,0,2023-02-22T18:04:47Z,165.0591184827611,37,25.11891365,0.1358794522769435,0.1711622764653835,0.1343408663664011,B
0.11659167,0,2023-02-22T18:04:47Z,165.0591184827611,37,25.11891365,0.1358794522769435,0.1711622764653835,0.1343408663664011,B
0.13593590,0,2023-02-22T18:04:47Z,165.0591184827611,37,25.11891365,0.1358794522769435,0.1711622764653835,0.1343408663664011,B
0.15848963,0,2023-02-22T18:04:47Z,165.0591184827611,37,25.11891365,0.1358794522769435,0.1711622764653835,0.1343408663664011,B
0.18478534,0,2023-02-22T18:04:47Z,165.0591184827611,37,25.11891365,0.1358794522769435,0.1711622764653835,0.1343408663664011,B
0.21544389,0,2023-02-22T18:04:47Z,165.0591184827611,37,25.11891365,0.1358794522769435,0.1711622764653835,0.1343408663664011,B
0.25118914,0,2023-02-22T18:04:47Z,165.0591184827611,37,25.11891365,0.1358794522769435,0.1711622764653835,0.1343408663664011,B
0.29286504,0,2023-02-22T18:04:47Z,165.0591184827611,37,25.11891365,0.1358794522769435,0.1711622764653835,0.1343408663664011,B
0.34145555,0,2023-02-22T18:04:47Z,165.0591184827611,37,25.11891365,0.1358794522769435,0.1711622764653835,0.1343408663664011,B
0.39810795,0,2023-02-22T18:04:47Z,165.0591184827611,37,25.11891365,0.1358794522769435,0.1711622764653835,0.1343408663664011,B
0.46415979,0,2023-02-22T18:04:47Z,165.0591184827611,37,25.11891365,0.1358794522769435,0.1711622764653835,0.1343408663664011,B
0.54117060,0,2023-02-22T18:04:47Z,165.0591184827611,37,25.11891365,0.1358794522769435,0.1711622764653835,0.1343408663664011,B
0.63095856,0,2023-02-22T18:04:47Z,165.0591184827611,37,25.11891365,0.1358794522769435,0.1711622764653835,0.1343408663664011,B
0.73564368,0,2023-02-22T18:04:47Z,165.0591184827611,37,25.11891365,0.1358794522769435,0.1711622764653835,0.1343408663664011,B
0.85769761,0,2023-02-22T18:04:47Z,165.0591184827611,37,25.11891365,0.1358794522769435,0.1711622764653835,0.1343408663664011,B
1.00000191,0.00480671320111,2023-02-22T18:04:47Z,165.0591184827611,37,25.11891365,0.1358794522769435,0.1711622764653835,0.1343408663664011,B
1.16591668,0.776595592499,2023-02-22T18:04:47Z,165.0591184827611,37,25.11891365,0.1358794522769435,0.1711622764653835,0.1343408663664011,B
1.35935903,5.13018941879,2023-02-22T18:04:47Z,165.0591184827611,37,25.11891365,0.1358794522769435,0.1711622764653835,0.1343408663664011,B
1.58489633,5.83146715164,2023-02-22T18:04:47Z,165.0591184827611,37,25.11891365,0.1358794522769435,0.1711622764653835,0.1343408663664011,B
1.84785342,1.69102776051,2023-02-22T18:04:47Z,165.0591184827611,37,25.11891365,0.1358794522769435,0.1711622764653835,0.1343408663664011,B
2.15443897,0.131663933396,2023-02-22T18:04:47Z,165.0591184827611,37,25.11891365,0.1358794522769435,0.1711622764653835,0.1343408663664011,B
2.51189137,0.00204602838494,2023-02-22T18:04:47Z,165.0591184827611,37,25.11891365,0.1358794522769435,0.1711622764653835,0.1343408663664011,B
2.92865038,2.13826592699e-6,2023-02-22T18:04:47Z,165.0591184827611,37,25.11891365,0.1358794522769435,0.1711622764653835,0.1343408663664011,B
3.41455555,1.37521753967e-12,2023-02-22T18:04:47Z,165.0591184827611,37,25.11891365,0.1358794522769435,0.1711622764653835,0.1343408663664011,B
3.98107958,0,2023-02-22T18:04:47Z,165.0591184827611,37,25.11891365,0.1358794522769435,0.1711622764653835,0.1343408663664011,B
4.64159775,0.020146491006,2023-02-22T18:04:47Z,165.0591184827611,37,25.11891365,0.1358794522769435,0.1711622764653835,0.1343408663664011,B
5.41170597,0.141096457839,2023-02-22T18:04:47Z,165.0591184827611,37,25.11891365,0.1358794522769435,0.1711622764653835,0.1343408663664011,B
6.30958605,0.448068886995,2023-02-22T18:04:47Z,165.0591184827611,37,25.11891365,0.1358794522769435,0.1711622764653835,0.1343408663664011,B
7.35643721,1.02218198776,2023-02-22T18:04:47Z,165.0591184827611,37,25.11891365,0.1358794522769435,0.1711622764653835,0.1343408663664011,B
8.57697582,1.91693508625,2023-02-22T18:04:47Z,165.0591184827611,37,25.11891365,0.1358794522769435,0.1711622764653835,0.1343408663664011,B
10.00002003,3.12147068977,2023-02-22T18:04:47Z,165.0591184827611,37,25.11891365,0.1358794522769435,0.1711622764653835,0.1343408663664011,B
11.65916729,4.51879024506,2023-02-22T18:04:47Z,165.0591184827611,37,25.11891365,0.1358794522769435,0.1711622764653835,0.1343408663664011,B
13.59359074,5.84815645218,2023-02-22T18:04:47Z,165.0591184827611,37,25.11891365,0.1358794522769435,0.1711622764653835,0.1343408663664011,B
15.84896278,6.71068716049,2023-02-22T18:04:47Z,165.0591184827611,37,25.11891365,0.1358794522769435,0.1711622764653835,0.1343408663664011,B
18.47853470,6.66542625427,2023-02-22T18:04:47Z,165.0591184827611,37,25.11891365,0.1358794522769435,0.1711622764653835,0.1343408663664011,B
21.54438972,5.4357843399,2023-02-22T18:04:47Z,165.0591184827611,37,25.11891365,0.1358794522769435,0.1711622764653835,0.1343408663664011,B
25.11891365,3.21076512337,2023-02-22T18:04:47Z,165.0591184827611,37,25.11891365,0.1358794522769435,0.1711622764653835,0.1343408663664011,B
29.28650284,0.872607707977,2023-02-22T18:04:47Z,165.0591184827611,37,25.11891365,0.1358794522769435,0.1711622764653835,0.1343408663664011,B
34.14555740,0,2023-02-22T18:04:47Z,165.0591184827611,37,25.11891365,0.1358794522769435,0.1711622764653835,0.1343408663664011,B
39.81079483,0,2023-02-22T18:04:47Z,165.0591184827611,37,25.11891365,0.1358794522769435,0.1711622764653835,0.1343408663664011,B
46.41598129,0,2023-02-22T18:04:47Z,165.0591184827611,37,25.11891365,0.1358794522769435,0.1711622764653835,0.1343408663664011,B
54.11705780,0,2023-02-22T18:04:47Z,165.0591184827611,37,25.11891365,0.1358794522769435,0.1711622764653835,0.1343408663664011,B
63.09585953,0,2023-02-22T18:04:47Z,165.0591184827611,37,25.11891365,0.1358794522769435,0.1711622764653835,0.1343408663664011,B
73.56436920,0,2023-02-22T18:04:47Z,165.0591184827611,37,25.11891365,0.1358794522769435,0.1711622764653835,0.1343408663664011,B
85.76976013,0,2023-02-22T18:04:47Z,165.0591184827611,37,25.11891365,0.1358794522769435,0.1711622764653835,0.1343408663664011,B
100.00019836,46.5000839233,2023-02-22T18:04:47Z,165.0591184827611,37,25.11891365,0.1358794522769435,0.1711622764653835,0.1343408663664011,B
116.59166718,0,2023-02-22T18:04:47Z,165.0591184827611,37,25.11891365,0.1358794522769435,0.1711622764653835,0.1343408663664011,B
135.93591309,0,2023-02-22T18:04:47Z,165.0591184827611,37,25.11891365,0.1358794522769435,0.1711622764653835,0.1343408663664011,B
158.48962402,0,2023-02-22T18:04:47Z,165.0591184827611,37,25.11891365,0.1358794522769435,0.1711622764653835,0.1343408663664011,B
184.78533936,0,2023-02-22T18:04:47Z,165.0591184827611,37,25.11891365,0.1358794522769435,0.1711622764653835,0.1343408663664011,B
215.44389343,0,2023-02-22T18:04:47Z,165.0591184827611,37,25.11891365,0.1358794522769435,0.1711622764653835,0.1343408663664011,B
251.18913269,0,2023-02-22T18:04:47Z,165.0591184827611,37,25.11891365,0.1358794522769435,0.1711622764653835,0.1343408663664011,B
292.86502075,0,2023-02-22T18:04:47Z,165.0591184827611,37,25.11891365,0.1358794522769435,0.1711622764653835,0.1343408663664011,B
341.45556641,0,2023-02-22T18:04:47Z,165.0591184827611,37,25.11891365,0.1358794522769435,0.1711622764653835,0.1343408663664011,B
398.10794067,0,2023-02-22T18:04:47Z,165.0591184827611,37,25.11891365,0.1358794522769435,0.1711622764653835,0.1343408663664011,B
464.15979004,0,2023-02-22T18:04:47Z,165.0591184827611,37,25.11891365,0.1358794522769435,0.1711622764653835,0.1343408663664011,B
541.17059326,0,2023-02-22T18:04:47Z,165.0591184827611,37,25.11891365,0.1358794522769435,0.1711622764653835,0.1343408663664011,B
630.95855713,0,2023-02-22T18:04:47Z,165.0591184827611,37,25.11891365,0.1358794522769435,0.1711622764653835,0.1343408663664011,B
735.64367676,0,2023-02-22T18:04:47Z,165.0591184827611,37,25.11891365,0.1358794522769435,0.1711622764653835,0.1343408663664011,B
857.69757080,0,2023-02-22T18:04:47Z,165.0591184827611,37,25.11891365,0.1358794522769435,0.1711622764653835,0.1343408663664011,B
1000.00195313,0,2023-02-22T18:04:47Z,165.0591184827611,37,25.11891365,0.1358794522769435,0.1711622764653835,0.1343408663664011,B
0.10000020,0,2023-02-22T18:04:48Z,166.72058953177776,46,100.00019836,0.14541915218494883,0.16480620985064984,0.14513064746164794,B
0.11659167,0,2023-02-22T18:04:48Z,166.72058953177776,46,100.00019836,0.14541915218494883,0.16480620985064984,0.14513064746164794,B
0.13593590,0,2023-02-22T18:04:48Z,166.72058953177776,46,100.00019836,0.14541915218494883,0.16480620985064984,0.14513064746164794,B
0.15848963,0,2023-02-22T18:04:48Z,166.72058953177776,46,100.00019836,0.14541915218494883,0.16480620985064984,0.14513064746164794,B
0.18478534,0,2023-02-22T18:04:48Z,166.72058953177776,46,100.00019836,0.14541915218494883,0.16480620985064984,0.14513064746164794,B
0.21544389,0,2023-02-22T18:04:48Z,166.72058953177776,46,100.00019836,0.14541915218494883,0.16480620985064984,0.14513064746164794,B
0.25118914,0,2023-02-22T18:04:48Z,166.72058953177776,46,100.00019836,0.14541915218494883,0.16480620985064984,0.14513064746164794,B
0.29286504,0,2023-02-22T18:04:48Z,166.72058953177776,46,100.00019836,0.14541915218494883,0.16480620985064984,0.14513064746164794,B
0.34145555,0,2023-02-22T18:04:48Z,166.72058953177776,46,100.00019836,0.14541915218494883,0.16480620985064984,0.14513064746164794,B
0.39810795,0,2023-02-22T18:04:48Z,166.72058953177776,46,100.00019836,0.14541915218494883,0.16480620985064984,0.14513064746164794,B
0.46415979,0,2023-02-22T18:04:48Z,166.72058953177776,46,100.00019836,0.14541915218494883,0.16480620985064984,0.14513064746164794,B
0.54117060,0,2023-02-22T18:04:48Z,166.72058953177776,46,100.00019836,0.14541915218494883,0.16480620985064984,0.14513064746164794,B
0.63095856,0,2023-02-22T18:04:48Z,166.72058953177776,46,100.00019836,0.14541915218494883,0.16480620985064984,0.14513064746164794,B
0.73564368,0,2023-02-22T18:04:48Z,166.72058953177776,46,100.00019836,0.14541915218494883,0.16480620985064984,0.14513064746164794,B
0.85769761,0,2023-02-22T18:04:48Z,166.72058953177776,46,100.00019836,0.14541915218494883,0.16480620985064984,0.14513064746164794,B
1.00000191,2.44353315793e-4,2023-02-22T18:04:48Z,166.72058953177776,46,100.00019836,0.14541915218494883,0.16480620985064984,0.14513064746164794,B
1.16591668,0.394129186869,2023-02-22T18:04:48Z,166.72058953177776,46,100.00019836,0.14541915218494883,0.16480620985064984,0.14513064746164794,B
1.35935903,5.94367027283,2023-02-22T18:04:48Z,166.72058953177776,46,100.00019836,0.14541915218494883,0.16480620985064984,0.14513064746164794,B
1.58489633,7.0145778656,2023-02-22T18:04:48Z,166.72058953177776,46,100.00019836,0.14541915218494883,0.16480620985064984,0.14513064746164794,B
1.84785342,1.16044306755,2023-02-22T18:04:48Z,166.72058953177776,46,100.00019836,0.14541915218494883,0.16480620985064984,0.14513064746164794,B
2.15443897,0.0287851989269,2023-02-22T18:04:48Z,166.72058953177776,46,100.00019836,0.14541915218494883,0.16480620985064984,0.14513064746164794,B
2.51189137,6.52715025353e-5,2023-02-22T18:04:48Z,166.72058953177776,46,100.00019836,0.14541915218494883,0.16480620985064984,0.14513064746164794,B
2.92865038,1.90065541084e-9,2023-02-22T18:04:48Z,166.72058953177776,46,100.00019836,0.14541915218494883,0.16480620985064984,0.14513064746164794,B
3.41455555,2.85088626105e-22,2023-02-22T18:04:48Z,166.72058953177776,46,100.00019836,0.14541915218494883,0.16480620985064984,0.14513064746164794,B
3.98107958,0,2023-02-22T18:04:48Z,166.72058953177776,46,100.00019836,0.14541915218494883,0.16480620985064984,0.14513064746164794,B
4.64159775,0,2023-02-22T18:04:48Z,166.72058953177776,46,100.00019836,0.14541915218494883,0.16480620985064984,0.14513064746164794,B
5.41170597,0.0278065148741,2023-02-22T18:04:48Z,166.72058953177776,46,100.00019836,0.14541915218494883,0.16480620985064984,0.14513064746164794,B
6.30958605,0.163072496653,2023-02-22T18:04:48Z,166.72058953177776,46,100.00019836,0.14541915218494883,0.16480620985064984,0.14513064746164794,B
7.35643721,0.519672453403,2023-02-22T18:04:48Z,166.72058953177776,46,100.00019836,0.14541915218494883,0.16480620985064984,0.14513064746164794,B
8.57697582,1.22815430164,2023-02-22T18:04:48Z,166.72058953177776,46,100.00019836,0.14541915218494883,0.16480620985064984,0.14513064746164794,B
10.00002003,2.37707090378,2023-02-22T18:04:48Z,166.72058953177776,46,100.00019836,0.14541915218494883,0.16480620985064984,0.14513064746164794,B
11.65916729,3.91571044922,2023-02-22T18:04:48Z,166.72058953177776,46,100.00019836,0.14541915218494883,0.16480620985064984,0.14513064746164794,B
13.59359074,5.5381026268,2023-02-22T18:04:48Z,166.72058953177776,46,100.00019836,0.14541915218494883,0.16480620985064984,0.14513064746164794,B
15.84896278,6.63557958603,2023-02-22T18:04:48Z,166.72058953177776,46,100.00019836,0.14541915218494883,0.16480620985064984,0.14513064746164794,B
18.47853470,6.46623086929,2023-02-22T18:04:48Z,166.72058953177776,46,100.00019836,0.14541915218494883,0.16480620985064984,0.14513064746164794,B
21.54438972,4.63485193253,2023-02-22T18:04:48Z,166.72058953177776,46,100.00019836,0.14541915218494883,0.16480620985064984,0.14513064746164794,B
25.11891365,1.78082311153,2023-02-22T18:04:48Z,166.72058953177776,46,100.00019836,0.14541915218494883,0.16480620985064984,0.14513064746164794,B
29.28650284,0,2023-02-22T18:04:48Z,166.72058953177776,46,100.00019836,0.14541915218494883,0.16480620985064984,0.14513064746164794,B
34.14555740,0,2023-02-22T18:04:48Z,166.72058953177776,46,100.00019836,0.14541915218494883,0.16480620985064984,0.14513064746164794,B
39.81079483,0,2023-02-22T18:04:48Z,166.72058953177776,46,100.00019836,0.14541915218494883,0.16480620985064984,0.14513064746164794,B
46.41598129,0,2023-02-22T18:04:48Z,166.72058953177776,46,100.00019836,0.14541915218494883,0.16480620985064984,0.14513064746164794,B
54.11705780,0,2023-02-22T18:04:48Z,166.72058953177776,46,100.00019836,0.14541915218494883,0.16480620985064984,0.14513064746164794,B
63.09585953,0,2023-02-22T18:04:48Z,166.72058953177776,46,100.00019836,0.14541915218494883,0.16480620985064984,0.14513064746164794,B
73.56436920,0,2023-02-22T18:04:48Z,166.72058953177776,46,100.00019836,0.14541915218494883,0.16480620985064984,0.14513064746164794,B
85.76976013,0,2023-02-22T18:04:48Z,166.72058953177776,46,100.00019836,0.14541915218494883,0.16480620985064984,0.14513064746164794,B
100.00019836,52.1710090637,2023-02-22T18:04:48Z,166.72058953177776,46,100.00019836,0.14541915218494883,0.16480620985064984,0.14513064746164794,B
116.59166718,0,2023-02-22T18:04:48Z,166.72058953177776,46,100.00019836,0.14541915218494883,0.16480620985064984,0.14513064746164794,B
135.93591309,0,2023-02-22T18:04:48Z,166.72058953177776,46,100.00019836,0.14541915218494883,0.16480620985064984,0.14513064746164794,B
158.48962402,0,2023-02-22T18:04:48Z,166.72058953177776,46,100.00019836,0.14541915218494883,0.16480620985064984,0.14513064746164794,B
184.78533936,0,2023-02-22T18:04:48Z,166.72058953177776,46,100.00019836,0.14541915218494883,0.16480620985064984,0.14513064746164794,B
215.44389343,0,2023-02-22T18:04:48Z,166.72058953177776,46,100.00019836,0.14541915218494883,0.16480620985064984,0.14513064746164794,B
251.18913269,0,2023-02-22T18:04:48Z,166.72058953177776,46,100.00019836,0.14541915218494883,0.16480620985064984,0.14513064746164794,B
292.86502075,0,2023-02-22T18:04:48Z,166.72058953177776,46,100.00019836,0.14541915218494883,0.16480620985064984,0.14513064746164794,B
341.45556641,0,2023-02-22T18:04:48Z,166.72058953177776,46,100.00019836,0.14541915218494883,0.16480620985064984,0.14513064746164794,B
398.10794067,0,2023-02-22T18:04:48Z,166.72058953177776,46,100.00019836,0.14541915218494883,0.16480620985064984,0.14513064746164794,B
464.15979004,0,2023-02-22T18:04:48Z,166.72058953177776,46,100.00019836,0.14541915218494883,0.16480620985064984,0.14513064746164794,B
541.17059326,0,2023-02-22T18:04:48Z,166.72058953177776,46,100.00019836,0.14541915218494883,0.16480620985064984,0.14513064746164794,B
630.95855713,0,2023-02-22T18:04:48Z,166.72058953177776,46,100.00019836,0.14541915218494883,0.16480620985064984,0.14513064746164794,B
735.64367676,0,2023-02-22T18:04:48Z,166.72058953177776,46,100.00019836,0.14541915218494883,0.16480620985064984,0.14513064746164794,B
857.69757080,0,2023-02-22T18:04:48Z,166.72058953177776,46,100.00019836,0.14541915218494883,0.16480620985064984,0.14513064746164794,B
1000.00195313,0,2023-02-22T18:04:48Z,166.72058953177776,46,100.00019836,0.14541915218494883,0.16480620985064984,0.14513064746164794,B
0.10000020,0,2023-02-22T18:04:49Z,120.9214729733139,46,100.00019836,0.12359633349508718,0.13667781675861068,0.12359633346556605,C
0.11659167,0,2023-02-22T18:04:49Z,120.9214729733139,46,100.00019836,0.12359633349508718,0.13667781675861068,0.12359633346556605,C
0.13593590,0,2023-02-22T18:04:49Z,120.9214729733139,46,100.00019836,0.12359633349508718,0.13667781675861068,0.12359633346556605,C
0.15848963,0,2023-02-22T18:04:49Z,120.9214729733139,46,100.00019836,0.12359633349508718,0.13667781675861068,0.12359633346556605,C
0.18478534,0,2023-02-22T18:04:49Z,120.9214729733139,46,100.00019836,0.12359633349508718,0.13667781675861068,0.12359633346556605,C
0.21544389,0,2023-02-22T18:04:49Z,120.9214729733139,46,100.00019836,0.12359633349508718,0.13667781675861068,0.12359633346556605,C
0.25118914,0,2023-02-22T18:04:49Z,120.9214729733139,46,100.00019836,0.12359633349508718,0.13667781675861068,0.12359633346556605,C
0.29286504,0,2023-02-22T18:04:49Z,120.9214729733139,46,100.00019836,0.12359633349508718,0.13667781675861068,0.12359633346556605,C
0.34145555,0,2023-02-22T18:04:49Z,120.9214729733139,46,100.00019836,0.12359633349508718,0.13667781675861068,0.12359633346556605,C
0.39810795,0,2023-02-22T18:04:49Z,120.9214729733139,46,100.00019836,0.12359633349508718,0.13667781675861068,0.12359633346556605,C
0.46415979,0,2023-02-22T18:04:49Z,120.9214729733139,46,100.00019836,0.12359633349508718,0.13667781675861068,0.12359633346556605,C
0.54117060,0,2023-02-22T18:04:49Z,120.9214729733139,46,100.00019836,0.12359633349508718,0.13667781675861068,0.12359633346556605,C
0.63095856,0,2023-02-22T18:04:49Z,120.9214729733139,46,100.00019836,0.12359633349508718,0.13667781675861068,0.12359633346556605,C
0.73564368,0,2023-02-22T18:04:49Z,120.9214729733139,46,100.00019836,0.12359633349508718,0.13667781675861068,0.12359633346556605,C
0.85769761,0,2023-02-22T18:04:49Z,120.9214729733139,46,100.00019836,0.12359633349508718,0.13667781675861068,0.12359633346556605,C
1.00000191,2.60378307457e-12,2023-02-22T18:04:49Z,120.9214729733139,46,100.00019836,0.12359633349508718,0.13667781675861068,0.12359633346556605,C
1.16591668,0.00492999656126,2023-02-22T18:04:49Z,120.9214729733139,46,100.00019836,0.12359633349508718,0.13667781675861068,0.12359633346556605,C
1.35935903,8.12683486938,2023-02-22T18:04:49Z,120.9214729733139,46,100.00019836,0.12359633349508718,0.13667781675861068,0.12359633346556605,C
1.58489633,4.22472429276,2023-02-22T18:04:49Z,120.9214729733139,46,100.00019836,0.12359633349508718,0.13667781675861068,0.12359633346556605,C
1.84785342,0.00314418785274,2023-02-22T18:04:49Z,120.9214729733139,46,100.00019836,0.12359633349508718,0.13667781675861068,0.12359633346556605,C
2.15443897,2.95211433077e-9,2023-02-22T18:04:49Z,120.9214729733139,46,100.00019836,0.12359633349508718,0.13667781675861068,0.12359633346556605,C
2.51189137,3.04368111575e-19,2023-02-22T18:04:49Z,120.9214729733139,46,100.00019836,0.12359633349508718,0.13667781675861068,0.12359633346556605,C
2.92865038,1.89505999121e-38,2023-02-22T18:04:49Z,120.9214729733139,46,100.00019836,0.12359633349508718,0.13667781675861068,0.12359633346556605,C
3.41455555,0,2023-02-22T18:04:49Z,120.9214729733139,46,100.00019836,0.12359633349508718,0.13667781675861068,0.12359633346556605,C
3.98107958,0,2023-02-22T18:04:49Z,120.9214729733139,46,100.00019836,0.12359633349508718,0.13667781675861068,0.12359633346556605,C
4.64159775,0,2023-02-22T18:04:49Z,120.9214729733139,46,100.00019836,0.12359633349508718,0.13667781675861068,0.12359633346556605,C
5.41170597,0.00500741787255,2023-02-22T18:04:49Z,120.9214729733139,46,100.00019836,0.12359633349508718,0.13667781675861068,0.12359633346556605,C
6.30958605,0.0787753164768,2023-02-22T18:04:49Z,120.9214729733139,46,100.00019836,0.12359633349508718,0.13667781675861068,0.12359633346556605,C
7.35643721,0.327215373516,2023-02-22T18:04:49Z,120.9214729733139,46,100.00019836,0.12359633349508718,0.13667781675861068,0.12359633346556605,C
8.57697582,0.897150218487,2023-02-22T18:04:49Z,120.9214729733139,46,100.00019836,0.12359633349508718,0.13667781675861068,0.12359633346556605,C
10.00002003,1.92486011982,2023-02-22T18:04:49Z,120.9214729733139,46,100.00019836,0.12359633349508718,0.13667781675861068,0.12359633346556605,C
11.65916729,3.42011117935,2023-02-22T18:04:49Z,120.9214729733139,46,100.00019836,0.12359633349508718,0.13667781675861068,0.12359633346556605,C
13.59359074,5.10114097595,2023-02-22T18:04:49Z,120.9214729733139,46,100.00019836,0.12359633349508718,0.13667781675861068,0.12359633346556605,C
15.84896278,6.29403686523,2023-02-22T18:04:49Z,120.9214729733139,46,100.00019836,0.12359633349508718,0.13667781675861068,0.12359633346556605,C
18.47853470,6.11399841309,2023-02-22T18:04:49Z,120.9214729733139,46,100.00019836,0.12359633349508718,0.13667781675861068,0.12359633346556605,C
21.54438972,4.09076070786,2023-02-22T18:04:49Z,120.9214729733139,46,100.00019836,0.12359633349508718,0.13667781675861068,0.12359633346556605,C
25.11891365,1.10848593712,2023-02-22T18:04:49Z,120.9214729733139,46,100.00019836,0.12359633349508718,0.13667781675861068,0.12359633346556605,C
29.28650284,0,2023-02-22T18:04:49Z,120.9214729733139,46,100.00019836,0.12359633349508718,0.13667781675861068,0.12359633346556605,C
34.14555740,0,2023-02-22T18:04:49Z,120.9214729733139,46,100.00019836,0.12359633349508718,0.13667781675861068,0.12359633346556605,C
39.81079483,0,2023-02-22T18:04:49Z,120.9214729733139,46,100.00019836,0.12359633349508718,0.13667781675861068,0.12359633346556605,C
46.41598129,0,2023-02-22T18:04:49Z,120.9214729733139,46,100.00019836,0.12359633349508718,0.13667781675861068,0.12359633346556605,C
54.11705780,0,2023-02-22T18:04:49Z,120.9214729733139,46,100.00019836,0.12359633349508718,0.13667781675861068,0.12359633346556605,C
63.09585953,0,2023-02-22T18:04:49Z,120.9214729733139,46,100.00019836,0.12359633349508718,0.13667781675861068,0.12359633346556605,C
73.56436920,0,2023-02-22T18:04:49Z,120.9214729733139,46,100.00019836,0.12359633349508718,0.13667781675861068,0.12359633346556605,C
85.76976013,0,2023-02-22T18:04:49Z,120.9214729733139,46,100.00019836,0.12359633349508718,0.13667781675861068,0.12359633346556605,C
100.00019836,58.2788238525,2023-02-22T18:04:49Z,120.9214729733139,46,100.00019836,0.12359633349508718,0.13667781675861068,0.12359633346556605,C
116.59166718,0,2023-02-22T18:04:49Z,120.9214729733139,46,100.00019836,0.12359633349508718,0.13667781675861068,0.12359633346556605,C
135.93591309,0,2023-02-22T18:04:49Z,120.9214729733139,46,100.00019836,0.12359633349508718,0.13667781675861068,0.12359633346556605,C
158.48962402,0,2023-02-22T18:04:49Z,120.9214729733139,46,100.00019836,0.12359633349508718,0.13667781675861068,0.12359633346556605,C
184.78533936,0,2023-02-22T18:04:49Z,120.9214729733139,46,100.00019836,0.12359633349508718,0.13667781675861068,0.12359633346556605,C
215.44389343,0,2023-02-22T18:04:49Z,120.9214729733139,46,100.00019836,0.12359633349508718,0.13667781675861068,0.12359633346556605,C
251.18913269,0,2023-02-22T18:04:49Z,120.9214729733139,46,100.00019836,0.12359633349508718,0.13667781675861068,0.12359633346556605,C
292.86502075,0,2023-02-22T18:04:49Z,120.9214729733139,46,100.00019836,0.12359633349508718,0.13667781675861068,0.12359633346556605,C
341.45556641,0,2023-02-22T18:04:49Z,120.9214729733139,46,100.00019836,0.12359633349508718,0.13667781675861068,0.12359633346556605,C
398.10794067,0,2023-02-22T18:04:49Z,120.9214729733139,46,100.00019836,0.12359633349508718,0.13667781675861068,0.12359633346556605,C
464.15979004,0,2023-02-22T18:04:49Z,120.9214729733139,46,100.00019836,0.12359633349508718,0.13667781675861068,0.12359633346556605,C
541.17059326,0,2023-02-22T18:04:49Z,120.9214729733139,46,100.00019836,0.12359633349508718,0.13667781675861068,0.12359633346556605,C
630.95855713,0,2023-02-22T18:04:49Z,120.9214729733139,46,100.00019836,0.12359633349508718,0.13667781675861068,0.12359633346556605,C
735.64367676,0,2023-02-22T18:04:49Z,120.9214729733139,46,100.00019836,0.12359633349508718,0.13667781675861068,0.12359633346556605,C
857.69757080,0,2023-02-22T18:04:49Z,120.9214729733139,46,100.00019836,0.12359633349508718,0.13667781675861068,0.12359633346556605,C
1000.00195313,0,2023-02-22T18:04:49Z,120.9214729733139,46,100.00019836,0.12359633349508718,0.13667781675861068,0.12359633346556605,C
0.10000020,0,2023-02-22T18:04:50Z,127.37757693395555,46,100.00019836,0.12683866320371906,0.13256512430690504,0.1268386631505463,C
0.11659167,0,2023-02-22T18:04:50Z,127.37757693395555,46,100.00019836,0.12683866320371906,0.13256512430690504,0.1268386631505463,C
0.13593590,0,2023-02-22T18:04:50Z,127.37757693395555,46,100.00019836,0.12683866320371906,0.13256512430690504,0.1268386631505463,C
0.15848963,0,2023-02-22T18:04:50Z,127.37757693395555,46,100.00019836,0.12683866320371906,0.13256512430690504,0.1268386631505463,C
0.18478534,0,2023-02-22T18:04:50Z,127.37757693395555,46,100.00019836,0.12683866320371906,0.13256512430690504,0.1268386631505463,C
0.21544389,0,2023-02-22T18:04:50Z,127.37757693395555,46,100.00019836,0.12683866320371906,0.13256512430690504,0.1268386631505463,C
0.25118914,0,2023-02-22T18:04:50Z,127.37757693395555,46,100.00019836,0.12683866320371906,0.13256512430690504,0.1268386631505463,C
0.29286504,0,2023-02-22T18:04:50Z,127.37757693395555,46,100.00019836,0.12683866320371906,0.13256512430690504,0.1268386631505463,C
0.34145555,0,2023-02-22T18:04:50Z,127.37757693395555,46,100.00019836,0.12683866320371906,0.13256512430690504,0.1268386631505463,C
0.39810795,0,2023-02-22T18:04:50Z,127.37757693395555,46,100.00019836,0.12683866320371906,0.13256512430690504,0.1268386631505463,C
0.46415979,0,2023-02-22T18:04:50Z,127.37757693395555,46,100.00019836,0.12683866320371906,0.13256512430690504,0.1268386631505463,C
0.54117060,0,2023-02-22T18:04:50Z,127.37757693395555,46,100.00019836,0.12683866320371906,0.13256512430690504,0.1268386631505463,C
0.63095856,0,2023-02-22T18:04:50Z,127.37757693395555,46,100.00019836,0.12683866320371906,0.13256512430690504,0.1268386631505463,C
0.73564368,0,2023-02-22T18:04:50Z,127.37757693395555,46,100.00019836,0.12683866320371906,0.13256512430690504,0.1268386631505463,C
0.85769761,0,2023-02-22T18:04:50Z,127.37757693395555,46,100.00019836,0.12683866320371906,0.13256512430690504,0.1268386631505463,C
1.00000191,1.77823966489e-12,2023-02-22T18:04:50Z,127.37757693395555,46,100.00019836,0.12683866320371906,0.13256512430690504,0.1268386631505463,C
1.16591668,0.00397149054334,2023-02-22T18:04:50Z,127.37757693395555,46,100.00019836,0.12683866320371906,0.13256512430690504,0.1268386631505463,C
1.35935903,7.78237056732,2023-02-22T18:04:50Z,127.37757693395555,46,100.00019836,0.12683866320371906,0.13256512430690504,0.1268386631505463,C
1.58489633,4.89300918579,2023-02-22T18:04:50Z,127.37757693395555,46,100.00019836,0.12683866320371906,0.13256512430690504,0.1268386631505463,C
1.84785342,0.00451507139951,2023-02-22T18:04:50Z,127.37757693395555,46,100.00019836,0.12683866320371906,0.13256512430690504,0.1268386631505463,C
2.15443897,5.31727639697e-9,2023-02-22T18:04:50Z,127.37757693395555,46,100.00019836,0.12683866320371906,0.13256512430690504,0.1268386631505463,C
2.51189137,6.13069512186e-19,2023-02-22T18:04:50Z,127.37757693395555,46,100.00019836,0.12683866320371906,0.13256512430690504,0.1268386631505463,C
2.92865038,9.71814497994e-39,2023-02-22T18:04:50Z,127.37757693395555,46,100.00019836,0.12683866320371906,0.13256512430690504,0.1268386631505463,C
3.41455555,0,2023-02-22T18:04:50Z,127.37757693395555,46,100.00019836,0.12683866320371906,0.13256512430690504,0.1268386631505463,C
3.98107958,0,2023-02-22T18:04:50Z,127.37757693395555,46,100.00019836,0.12683866320371906,0.13256512430690504,0.1268386631505463,C
4.64159775,0,2023-02-22T18:04:50Z,127.37757693395555,46,100.00019836,0.12683866320371906,0.13256512430690504,0.1268386631505463,C
5.41170597,0,2023-02-22T18:04:50Z,127.37757693395555,46,100.00019836,0.12683866320371906,0.13256512430690504,0.1268386631505463,C
6.30958605,0.0133234029636,2023-02-22T18:04:50Z,127.37757693395555,46,100.00019836,0.12683866320371906,0.13256512430690504,0.1268386631505463,C
7.35643721,0.112041257322,2023-02-22T18:04:50Z,127.37757693395555,46,100.00019836,0.12683866320371906,0.13256512430690504,0.1268386631505463,C
8.57697582,0.447281450033,2023-02-22T18:04:50Z,127.37757693395555,46,100.00019836,0.12683866320371906,0.13256512430690504,0.1268386631505463,C
10.00002003,1.24908709526,2023-02-22T18:04:50Z,127.37757693395555,46,100.00019836,0.12683866320371906,0.13256512430690504,0.1268386631505463,C
11.65916729,2.71789741516,2023-02-22T18:04:50Z,127.37757693395555,46,100.00019836,0.12683866320371906,0.13256512430690504,0.1268386631505463,C
13.59359074,4.75629997253,2023-02-22T18:04:50Z,127.37757693395555,46,100.00019836,0.12683866320371906,0.13256512430690504,0.1268386631505463,C
15.84896278,6.64842700958,2023-02-22T18:04:50Z,127.37757693395555,46,100.00019836,0.12683866320371906,0.13256512430690504,0.1268386631505463,C
18.47853470,7.10850048065,2023-02-22T18:04:50Z,127.37757693395555,46,100.00019836,0.12683866320371906,0.13256512430690504,0.1268386631505463,C
21.54438972,5.19033336639,2023-02-22T18:04:50Z,127.37757693395555,46,100.00019836,0.12683866320371906,0.13256512430690504,0.1268386631505463,C
25.11891365,1.82543468475,2023-02-22T18:04:50Z,127.37757693395555,46,100.00019836,0.12683866320371906,0.13256512430690504,0.1268386631505463,C
29.28650284,4.87200159114e-4,2023-02-22T18:04:50Z,127.37757693395555,46,100.00019836,0.12683866320371906,0.13256512430690504,0.1268386631505463,C
34.14555740,0,2023-02-22T18:04:50Z,127.37757693395555,46,100.00019836,0.12683866320371906,0.13256512430690504,0.1268386631505463,C
39.81079483,0,2023-02-22T18:04:50Z,127.37757693395555,46,100.00019836,0.12683866320371906,0.13256512430690504,0.1268386631505463,C
46.41598129,0,2023-02-22T18:04:50Z,127.37757693395555,46,100.00019836,0.12683866320371906,0.13256512430690504,0.1268386631505463,C
54.11705780,0,2023-02-22T18:04:50Z,127.37757693395555,46,100.00019836,0.12683866320371906,0.13256512430690504,0.1268386631505463,C
63.09585953,0,2023-02-22T18:04:50Z,127.37757693395555,46,100.00019836,0.12683866320371906,0.13256512430690504,0.1268386631505463,C
73.56436920,0,2023-02-22T18:04:50Z,127.37757693395555,46,100.00019836,0.12683866320371906,0.13256512430690504,0.1268386631505463,C
85.76976013,0,2023-02-22T18:04:50Z,127.37757693395555,46,100.00019836,0.12683866320371906,0.13256512430690504,0.1268386631505463,C
100.00019836,57.2470169067,2023-02-22T18:04:50Z,127.37757693395555,46,100.00019836,0.12683866320371906,0.13256512430690504,0.1268386631505463,C
116.59166718,0,2023-02-22T18:04:50Z,127.37757693395555,46,100.00019836,0.12683866320371906,0.13256512430690504,0.1268386631505463,C
135.93591309,0,2023-02-22T18:04:50Z,127.37757693395555,46,100.00019836,0.12683866320371906,0.13256512430690504,0.1268386631505463,C
158.48962402,0,2023-02-22T18:04:50Z,127.37757693395555,46,100.00019836,0.12683866320371906,0.13256512430690504,0.1268386631505463,C
184.78533936,0,2023-02-22T18:04:50Z,127.37757693395555,46,100.00019836,0.12683866320371906,0.13256512430690504,0.1268386631505463,C
215.44389343,0,2023-02-22T18:04:50Z,127.37757693395555,46,100.00019836,0.12683866320371906,0.13256512430690504,0.1268386631505463,C
251.18913269,0,2023-02-22T18:04:50Z,127.37757693395555,46,100.00019836,0.12683866320371906,0.13256512430690504,0.1268386631505463,C
292.86502075,0,2023-02-22T18:04:50Z,127.37757693395555,46,100.00019836,0.12683866320371906,0.13256512430690504,0.1268386631505463,C
341.45556641,0,2023-02-22T18:04:50Z,127.37757693395555,46,100.00019836,0.12683866320371906,0.13256512430690504,0.1268386631505463,C
398.10794067,0,2023-02-22T18:04:50Z,127.37757693395555,46,100.00019836,0.12683866320371906,0.13256512430690504,0.1268386631505463,C
464.15979004,0,2023-02-22T18:04:50Z,127.37757693395555,46,100.00019836,0.12683866320371906,0.13256512430690504,0.1268386631505463,C
541.17059326,0,2023-02-22T18:04:50Z,127.37757693395555,46,100.00019836,0.12683866320371906,0.13256512430690504,0.1268386631505463,C
630.95855713,0,2023-02-22T18:04:50Z,127.37757693395555,46,100.00019836,0.12683866320371906,0.13256512430690504,0.1268386631505463,C
735.64367676,0,2023-02-22T18:04:50Z,127.37757693395555,46,100.00019836,0.12683866320371906,0.13256512430690504,0.1268386631505463,C
857.69757080,0,2023-02-22T18:04:50Z,127.37757693395555,46,100.00019836,0.12683866320371906,0.13256512430690504,0.1268386631505463,C
1000.00195313,0,2023-02-22T18:04:50Z,127.37757693395555,46,100.00019836,0.12683866320371906,0.13256512430690504,0.1268386631505463,C
0.10000020,0,2023-02-22T18:04:51Z,120.33326318528611,46,100.00019836,0.1412555706005758,0.14309135369078066,0.1411840243394682,C
0.11659167,0,2023-02-22T18:04:51Z,120.33326318528611,46,100.00019836,0.1412555706005758,0.14309135369078066,0.1411840243394682,C
0.13593590,0,2023-02-22T18:04:51Z,120.33326318528611,46,100.00019836,0.1412555706005758,0.14309135369078066,0.1411840243394682,C
0.15848963,0,2023-02-22T18:04:51Z,120.33326318528611,46,100.00019836,0.1412555706005758,0.14309135369078066,0.1411840243394682,C
0.18478534,0,2023-02-22T18:04:51Z,120.33326318528611,46,100.00019836,0.1412555706005758,0.14309135369078066,0.1411840243394682,C
0.21544389,0,2023-02-22T18:04:51Z,120.33326318528611,46,100.00019836,0.1412555706005758,0.14309135369078066,0.1411840243394682,C
0.25118914,0,2023-02-22T18:04:51Z,120.33326318528611,46,100.00019836,0.1412555706005758,0.14309135369078066,0.1411840243394682,C
0.29286504,0,2023-02-22T18:04:51Z,120.33326318528611,46,100.00019836,0.1412555706005758,0.14309135369078066,0.1411840243394682,C
0.34145555,0,2023-02-22T18:04:51Z,120.33326318528611,46,100.00019836,0.1412555706005758,0.14309135369078066,0.1411840243394682,C
0.39810795,0,2023-02-22T18:04:51Z,120.33326318528611,46,100.00019836,0.1412555706005758,0.14309135369078066,0.1411840243394682,C
0.46415979,0,2023-02-22T18:04:51Z,120.33326318528611,46,100.00019836,0.1412555706005758,0.14309135369078066,0.1411840243394682,C
0.54117060,0,2023-02-22T18:04:51Z,120.33326318528611,46,100.00019836,0.1412555706005758,0.14309135369078066,0.1411840243394682,C
0.63095856,0,2023-02-22T18:04:51Z,120.33326318528611,46,100.00019836,0.1412555706005758,0.14309135369078066,0.1411840243394682,C
0.73564368,0,2023-02-22T18:04:51Z,120.33326318528611,46,100.00019836,0.1412555706005758,0.14309135369078066,0.1411840243394682,C
0.85769761,0,2023-02-22T18:04:51Z,120.33326318528611,46,100.00019836,0.1412555706005758,0.14309135369078066,0.1411840243394682,C
1.00000191,1.0122115782e-4,2023-02-22T18:04:51Z,120.33326318528611,46,100.00019836,0.1412555706005758,0.14309135369078066,0.1411840243394682,C
1.16591668,0.379248976707,2023-02-22T18:04:51Z,120.33326318528611,46,100.00019836,0.1412555706005758,0.14309135369078066,0.1411840243394682,C
1.35935903,6.67135334015,2023-02-22T18:04:51Z,120.33326318528611,46,100.00019836,0.1412555706005758,0.14309135369078066,0.1411840243394682,C
1.58489633,6.41577911377,2023-02-22T18:04:51Z,120.33326318528611,46,100.00019836,0.1412555706005758,0.14309135369078066,0.1411840243394682,C
1.84785342,0.651919782162,2023-02-22T18:04:51Z,120.33326318528611,46,100.00019836,0.1412555706005758,0.14309135369078066,0.1411840243394682,C
2.15443897,0.00715080602095,2023-02-22T18:04:51Z,120.33326318528611,46,100.00019836,0.1412555706005758,0.14309135369078066,0.1411840243394682,C
2.51189137,3.82008738598e-6,2023-02-22T18:04:51Z,120.33326318528611,46,100.00019836,0.1412555706005758,0.14309135369078066,0.1411840243394682,C
2.92865038,2.42572260022e-12,2023-02-22T18:04:51Z,120.33326318528611,46,100.00019836,0.1412555706005758,0.14309135369078066,0.1411840243394682,C
3.41455555,0,2023-02-22T18:04:51Z,120.33326318528611,46,100.00019836,0.1412555706005758,0.14309135369078066,0.1411840243394682,C
3.98107958,0,2023-02-22T18:04:51Z,120.33326318528611,46,100.00019836,0.1412555706005758,0.14309135369078066,0.1411840243394682,C
4.64159775,0,2023-02-22T18:04:51Z,120.33326318528611,46,100.00019836,0.1412555706005758,0.14309135369078066,0.1411840243394682,C
5.41170597,0,2023-02-22T18:04:51Z,120.33326318528611,46,100.00019836,0.1412555706005758,0.14309135369078066,0.1411840243394682,C
6.30958605,8.38676816784e-4,2023-02-22T18:04:51Z,120.33326318528611,46,100.00019836,0.1412555706005758,0.14309135369078066,0.1411840243394682,C
7.35643721,0.0228863675147,2023-02-22T18:04:51Z,120.33326318528611,46,100.00019836,0.1412555706005758,0.14309135369078066,0.1411840243394682,C
8.57697582,0.159853264689,2023-02-22T18:04:51Z,120.33326318528611,46,100.00019836,0.1412555706005758,0.14309135369078066,0.1411840243394682,C
10.00002003,0.654352903366,2023-02-22T18:04:51Z,120.33326318528611,46,100.00019836,0.1412555706005758,0.14309135369078066,0.1411840243394682,C
11.65916729,1.89625859261,2023-02-22T18:04:51Z,120.33326318528611,46,100.00019836,0.1412555706005758,0.14309135369078066,0.1411840243394682,C
13.59359074,4.11264705658,2023-02-22T18:04:51Z,120.33326318528611,46,100.00019836,0.1412555706005758,0.14309135369078066,0.1411840243394682,C
15.84896278,6.64906597137,2023-02-22T18:04:51Z,120.33326318528611,46,100.00019836,0.1412555706005758,0.14309135369078066,0.1411840243394682,C
18.47853470,7.57553339005,2023-02-22T18:04:51Z,120.33326318528611,46,100.00019836,0.1412555706005758,0.14309135369078066,0.1411840243394682,C
21.54438972,5.20343399048,2023-02-22T18:04:51Z,120.33326318528611,46,100.00019836,0.1412555706005758,0.14309135369078066,0.1411840243394682,C
25.11891365,1.28703260422,2023-02-22T18:04:51Z,120.33326318528611,46,100.00019836,0.1412555706005758,0.14309135369078066,0.1411840243394682,C
29.28650284,0,2023-02-22T18:04:51Z,120.33326318528611,46,100.00019836,0.1412555706005758,0.14309135369078066,0.1411840243394682,C
34.14555740,0,2023-02-22T18:04:51Z,120.33326318528611,46,100.00019836,0.1412555706005758,0.14309135369078066,0.1411840243394682,C
39.81079483,0,2023-02-22T18:04:51Z,120.33326318528611,46,100.00019836,0.1412555706005758,0.14309135369078066,0.1411840243394682,C
46.41598129,0,2023-02-22T18:04:51Z,120.33326318528611,46,100.00019836,0.1412555706005758,0.14309135369078066,0.1411840243394682,C
54.11705780,0,2023-02-22T18:04:51Z,120.33326318528611,46,100.00019836,0.1412555706005758,0.14309135369078066,0.1411840243394682,C
63.09585953,0,2023-02-22T18:04:51Z,120.33326318528611,46,100.00019836,0.1412555706005758,0.14309135369078066,0.1411840243394682,C
73.56436920,0,2023-02-22T18:04:51Z,120.33326318528611,46,100.00019836,0.1412555706005758,0.14309135369078066,0.1411840243394682,C
85.76976013,0,2023-02-22T18:04:51Z,120.33326318528611,46,100.00019836,0.1412555706005758,0.14309135369078066,0.1411840243394682,C
100.00019836,58.3125419617,2023-02-22T18:04:51Z,120.33326318528611,46,100.00019836,0.1412555706005758,0.14309135369078066,0.1411840243394682,C
116.59166718,0,2023-02-22T18:04:51Z,120.33326318528611,46,100.00019836,0.1412555706005758,0.14309135369078066,0.1411840243394682,C
135.93591309,0,2023-02-22T18:04:51Z,120.33326318528611,46,100.00019836,0.1412555706005758,0.14309135369078066,0.1411840243394682,C
158.48962402,0,2023-02-22T18:04:51Z,120.33326318528611,46,100.00019836,0.1412555706005758,0.14309135369078066,0.1411840243394682,C
184.78533936,0,2023-02-22T18:04:51Z,120.33326318528611,46,100.00019836,0.1412555706005758,0.14309135369078066,0.1411840243394682,C
215.44389343,0,2023-02-22T18:04:51Z,120.33326318528611,46,100.00019836,0.1412555706005758,0.14309135369078066,0.1411840243394682,C
251.18913269,0,2023-02-22T18:04:51Z,120.33326318528611,46,100.00019836,0.1412555706005758,0.14309135369078066,0.1411840243394682,C
292.86502075,0,2023-02-22T18:04:51Z,120.33326318528611,46,100.00019836,0.1412555706005758,0.14309135369078066,0.1411840243394682,C
341.45556641,0,2023-02-22T18:04:51Z,120.33326318528611,46,100.00019836,0.1412555706005758,0.14309135369078066,0.1411840243394682,C
398.10794067,0,2023-02-22T18:04:51Z,120.33326318528611,46,100.00019836,0.1412555706005758,0.14309135369078066,0.1411840243394682,C
464.15979004,0,2023-02-22T18:04:51Z,120.33326318528611,46,100.00019836,0.1412555706005758,0.14309135369078066,0.1411840243394682,C
541.17059326,0,2023-02-22T18:04:51Z,120.33326318528611,46,100.00019836,0.1412555706005758,0.14309135369078066,0.1411840243394682,C
630.95855713,0,2023-02-22T18:04:51Z,120.33326318528611,46,100.00019836,0.1412555706005758,0.14309135369078066,0.1411840243394682,C
735.64367676,0,2023-02-22T18:04:51Z,120.33326318528611,46,100.00019836,0.1412555706005758,0.14309135369078066,0.1411840243394682,C
857.69757080,0,2023-02-22T18:04:51Z,120.33326318528611,46,100.00019836,0.1412555706005758,0.14309135369078066,0.1411840243394682,C
1000.00195313,0,2023-02-22T18:04:51Z,120.33326318528611,46,100.00019836,0.1412555706005758,0.14309135369078066,0.1411840243394682,C
0.10000020,0,2023-02-22T18:04:52Z,144.44189559088335,46,100.00019836,0.1208966385139415,0.1266142891352465,0.12089663851169709,C
0.11659167,0,2023-02-22T18:04:52Z,144.44189559088335,46,100.00019836,0.1208966385139415,0.1266142891352465,0.12089663851169709,C
0.13593590,0,2023-02-22T18:04:52Z,144.44189559088335,46,100.00019836,0.1208966385139415,0.1266142891352465,0.12089663851169709,C
0.15848963,0,2023-02-22T18:04:52Z,144.44189559088335,46,100.00019836,0.1208966385139415,0.1266142891352465,0.12089663851169709,C
0.18478534,0,2023-02-22T18:04:52Z,144.44189559088335,46,100.00019836,0.1208966385139415,0.1266142891352465,0.12089663851169709,C
0.21544389,0,2023-02-22T18:04:52Z,144.44189559088335,46,100.00019836,0.1208966385139415,0.1266142891352465,0.12089663851169709,C
0.25118914,0,2023-02-22T18:04:52Z,144.44189559088335,46,100.00019836,0.1208966385139415,0.1266142891352465,0.12089663851169709,C
0.29286504,0,2023-02-22T18:04:52Z,144.44189559088335,46,100.00019836,0.1208966385139415,0.1266142891352465,0.12089663851169709,C
0.34145555,0,2023-02-22T18:04:52Z,144.44189559088335,46,100.00019836,0.1208966385139415,0.1266142891352465,0.12089663851169709,C
0.39810795,0,2023-02-22T18:04:52Z,144.44189559088335,46,100.00019836,0.1208966385139415,0.1266142891352465,0.12089663851169709,C
0.46415979,0,2023-02-22T18:04:52Z,144.44189559088335,46,100.00019836,0.1208966385139415,0.1266142891352465,0.12089663851169709,C
0.54117060,0,2023-02-22T18:04:52Z,144.44189559088335,46,100.00019836,0.1208966385139415,0.1266142891352465,0.12089663851169709,C
0.63095856,0,2023-02-22T18:04:52Z,144.44189559088335,46,100.00019836,0.1208966385139415,0.1266142891352465,0.12089663851169709,C
0.73564368,0,2023-02-22T18:04:52Z,144.44189559088335,46,100.00019836,0.1208966385139415,0.1266142891352465,0.12089663851169709,C
0.85769761,0,2023-02-22T18:04:52Z,144.44189559088335,46,100.00019836,0.1208966385139415,0.1266142891352465,0.12089663851169709,C
1.00000191,2.16931874351e-16,2023-02-22T18:04:52Z,144.44189559088335,46,100.00019836,0.1208966385139415,0.1266142891352465,0.12089663851169709,C
1.16591668,3.78320546588e-4,2023-02-22T18:04:52Z,144.44189559088335,46,100.00019836,0.1208966385139415,0.1266142891352465,0.12089663851169709,C
1.35935903,6.82965421677,2023-02-22T18:04:52Z,144.44189559088335,46,100.00019836,0.1208966385139415,0.1266142891352465,0.12089663851169709,C
1.58489633,5.25800275803,2023-02-22T18:04:52Z,144.44189559088335,46,100.00019836,0.1208966385139415,0.1266142891352465,0.12089663851169709,C
1.84785342,0.00162855582312,2023-02-22T18:04:52Z,144.44189559088335,46,100.00019836,0.1208966385139415,0.1266142891352465,0.12089663851169709,C
2.15443897,2.24442464614e-10,2023-02-22T18:04:52Z,144.44189559088335,46,100.00019836,0.1208966385139415,0.1266142891352465,0.12089663851169709,C
2.51189137,1.03187923846e-21,2023-02-22T18:04:52Z,144.44189559088335,46,100.00019836,0.1208966385139415,0.1266142891352465,0.12089663851169709,C
2.92865038,1.26116861789e-42,2023-02-22T18:04:52Z,144.44189559088335,46,100.00019836,0.1208966385139415,0.1266142891352465,0.12089663851169709,C
3.41455555,0,2023-02-22T18:04:52Z,144.44189559088335,46,100.00019836,0.1208966385139415,0.1266142891352465,0.12089663851169709,C
3.98107958,0,2023-02-22T18:04:52Z,144.44189559088335,46,100.00019836,0.1208966385139415,0.1266142891352465,0.12089663851169709,C
4.64159775,0,2023-02-22T18:04:52Z,144.44189559088335,46,100.00019836,0.1208966385139415,0.1266142891352465,0.12089663851169709,C
5.41170597,1.0627053598e-5,2023-02-22T18:04:52Z,144.44189559088335,46,100.00019836,0.1208966385139415,0.1266142891352465,0.12089663851169709,C
6.30958605,0.0166938472539,2023-02-22T18:04:52Z,144.44189559088335,46,100.00019836,0.1208966385139415,0.1266142891352465,0.12089663851169709,C
7.35643721,0.11771839112,2023-02-22T18:04:52Z,144.44189559088335,46,100.00019836,0.1208966385139415,0.1266142891352465,0.12089663851169709,C
8.57697582,0.437342196703,2023-02-22T18:04:52Z,144.44189559088335,46,100.00019836,0.1208966385139415,0.1266142891352465,0.12089663851169709,C
10.00002003,1.17718076706,2023-02-22T18:04:52Z,144.44189559088335,46,100.00019836,0.1208966385139415,0.1266142891352465,0.12089663851169709,C
11.65916729,2.52628779411,2023-02-22T18:04:52Z,144.44189559088335,46,100.00019836,0.1208966385139415,0.1266142891352465,0.12089663851169709,C
13.59359074,4.4550151825,2023-02-22T18:04:52Z,144.44189559088335,46,100.00019836,0.1208966385139415,0.1266142891352465,0.12089663851169709,C
15.84896278,6.43779277802,2023-02-22T18:04:52Z,144.44189559088335,46,100.00019836,0.1208966385139415,0.1266142891352465,0.12089663851169709,C
18.47853470,7.39852285385,2023-02-22T18:04:52Z,144.44189559088335,46,100.00019836,0.1208966385139415,0.1266142891352465,0.12089663851169709,C
21.54438972,6.29304647446,2023-02-22T18:04:52Z,144.44189559088335,46,100.00019836,0.1208966385139415,0.1266142891352465,0.12089663851169709,C
25.11891365,3.34747648239,2023-02-22T18:04:52Z,144.44189559088335,46,100.00019836,0.1208966385139415,0.1266142891352465,0.12089663851169709,C
29.28650284,0.643825411797,2023-02-22T18:04:52Z,144.44189559088335,46,100.00019836,0.1208966385139415,0.1266142891352465,0.12089663851169709,C
34.14555740,0,2023-02-22T18:04:52Z,144.44189559088335,46,100.00019836,0.1208966385139415,0.1266142891352465,0.12089663851169709,C
39.81079483,0,2023-02-22T18:04:52Z,144.44189559088335,46,100.00019836,0.1208966385139415,0.1266142891352465,0.12089663851169709,C
46.41598129,0,2023-02-22T18:04:52Z,144.44189559088335,46,100.00019836,0.1208966385139415,0.1266142891352465,0.12089663851169709,C
54.11705780,0,2023-02-22T18:04:52Z,144.44189559088335,46,100.00019836,0.1208966385139415,0.1266142891352465,0.12089663851169709,C
63.09585953,0,2023-02-22T18:04:52Z,144.44189559088335,46,100.00019836,0.1208966385139415,0.1266142891352465,0.12089663851169709,C
73.56436920,0,2023-02-22T18:04:52Z,144.44189559088335,46,100.00019836,0.1208966385139415,0.1266142891352465,0.12089663851169709,C
85.76976013,0,2023-02-22T18:04:52Z,144.44189559088335,46,100.00019836,0.1208966385139415,0.1266142891352465,0.12089663851169709,C
100.00019836,55.0594215393,2023-02-22T18:04:52Z,144.44189559088335,46,100.00019836,0.1208966385139415,0.1266142891352465,0.12089663851169709,C
116.59166718,0,2023-02-22T18:04:52Z,144.44189559088335,46,100.00019836,0.1208966385139415,0.1266142891352465,0.12089663851169709,C
135.93591309,0,2023-02-22T18:04:52Z,144.44189559088335,46,100.00019836,0.1208966385139415,0.1266142891352465,0.12089663851169709,C
158.48962402,0,2023-02-22T18:04:52Z,144.44189559088335,46,100.00019836,0.1208966385139415,0.1266142891352465,0.12089663851169709,C
184.78533936,0,2023-02-22T18:04:52Z,144.44189559088335,46,100.00019836,0.1208966385139415,0.1266142891352465,0.12089663851169709,C
215.44389343,0,2023-02-22T18:04:52Z,144.44189559088335,46,100.00019836,0.1208966385139415,0.1266142891352465,0.12089663851169709,C
251.18913269,0,2023-02-22T18:04:52Z,144.44189559088335,46,100.00019836,0.1208966385139415,0.1266142891352465,0.12089663851169709,C
292.86502075,0,2023-02-22T18:04:52Z,144.44189559088335,46,100.00019836,0.1208966385139415,0.1266142891352465,0.12089663851169709,C
341.45556641,0,2023-02-22T18:04:52Z,144.44189559088335,46,100.00019836,0.1208966385139415,0.1266142891352465,0.12089663851169709,C
398.10794067,0,2023-02-22T18:04:52Z,144.44189559088335,46,100.00019836,0.1208966385139415,0.1266142891352465,0.12089663851169709,C
464.15979004,0,2023-02-22T18:04:52Z,144.44189559088335,46,100.00019836,0.1208966385139415,0.1266142891352465,0.12089663851169709,C
541.17059326,0,2023-02-22T18:04:52Z,144.44189559088335,46,100.00019836,0.1208966385139415,0.1266142891352465,0.12089663851169709,C
630.95855713,0,2023-02-22T18:04:52Z,144.44189559088335,46,100.00019836,0.1208966385139415,0.1266142891352465,0.12089663851169709,C
735.64367676,0,2023-02-22T18:04:52Z,144.44189559088335,46,100.00019836,0.1208966385139415,0.1266142891352465,0.12089663851169709,C
857.69757080,0,2023-02-22T18:04:52Z,144.44189559088335,46,100.00019836,0.1208966385139415,0.1266142891352465,0.12089663851169709,C
1000.00195313,0,2023-02-22T18:04:52Z,144.44189559088335,46,100.00019836,0.1208966385139415,0.1266142891352465,0.12089663851169709,C
0.10000020,0,2023-02-22T18:04:53Z,178.8146211835028,46,100.00019836,0.12613632001580524,0.13470084656627923,0.1261363195160966,B
0.11659167,0,2023-02-22T18:04:53Z,178.8146211835028,46,100.00019836,0.12613632001580524,0.13470084656627923,0.1261363195160966,B
0.13593590,0,2023-02-22T18:04:53Z,178.8146211835028,46,100.00019836,0.12613632001580524,0.13470084656627923,0.1261363195160966,B
0.15848963,0,2023-02-22T18:04:53Z,178.8146211835028,46,100.00019836,0.12613632001580524,0.13470084656627923,0.1261363195160966,B
0.18478534,0,2023-02-22T18:04:53Z,178.8146211835028,46,100.00019836,0.12613632001580524,0.13470084656627923,0.1261363195160966,B
0.21544389,0,2023-02-22T18:04:53Z,178.8146211835028,46,100.00019836,0.12613632001580524,0.13470084656627923,0.1261363195160966,B
0.25118914,0,2023-02-22T18:04:53Z,178.8146211835028,46,100.00019836,0.12613632001580524,0.13470084656627923,0.1261363195160966,B
0.29286504,0,2023-02-22T18:04:53Z,178.8146211835028,46,100.00019836,0.12613632001580524,0.13470084656627923,0.1261363195160966,B
0.34145555,0,2023-02-22T18:04:53Z,178.8146211835028,46,100.00019836,0.12613632001580524,0.13470084656627923,0.1261363195160966,B
0.39810795,0,2023-02-22T18:04:53Z,178.8146211835028,46,100.00019836,0.12613632001580524,0.13470084656627923,0.1261363195160966,B
0.46415979,0,2023-02-22T18:04:53Z,178.8146211835028,46,100.00019836,0.12613632001580524,0.13470084656627923,0.1261363195160966,B
0.54117060,0,2023-02-22T18:04:53Z,178.8146211835028,46,100.00019836,0.12613632001580524,0.13470084656627923,0.1261363195160966,B
0.63095856,0,2023-02-22T18:04:53Z,178.8146211835028,46,100.00019836,0.12613632001580524,0.13470084656627923,0.1261363195160966,B
0.73564368,0,2023-02-22T18:04:53Z,178.8146211835028,46,100.00019836,0.12613632001580524,0.13470084656627923,0.1261363195160966,B
0.85769761,0,2023-02-22T18:04:53Z,178.8146211835028,46,100.00019836,0.12613632001580524,0.13470084656627923,0.1261363195160966,B
1.00000191,2.77923195569e-9,2023-02-22T18:04:53Z,178.8146211835028,46,100.00019836,0.12613632001580524,0.13470084656627923,0.1261363195160966,B
1.16591668,0.0470456071198,2023-02-22T18:04:53Z,178.8146211835028,46,100.00019836,0.12613632001580524,0.13470084656627923,0.1261363195160966,B
1.35935903,9.5502243042,2023-02-22T18:04:53Z,178.8146211835028,46,100.00019836,0.12613632001580524,0.13470084656627923,0.1261363195160966,B
1.58489633,3.01106786728,2023-02-22T18:04:53Z,178.8146211835028,46,100.00019836,0.12613632001580524,0.13470084656627923,0.1261363195160966,B
1.84785342,0.00529417023063,2023-02-22T18:04:53Z,178.8146211835028,46,100.00019836,0.12613632001580524,0.13470084656627923,0.1261363195160966,B
2.15443897,4.99708612267e-8,2023-02-22T18:04:53Z,178.8146211835028,46,100.00019836,0.12613632001580524,0.13470084656627923,0.1261363195160966,B
2.51189137,4.10143623335e-16,2023-02-22T18:04:53Z,178.8146211835028,46,100.00019836,0.12613632001580524,0.13470084656627923,0.1261363195160966,B
2.92865038,4.26582291976e-31,2023-02-22T18:04:53Z,178.8146211835028,46,100.00019836,0.12613632001580524,0.13470084656627923,0.1261363195160966,B
3.41455555,0,2023-02-22T18:04:53Z,178.8146211835028,46,100.00019836,0.12613632001580524,0.13470084656627923,0.1261363195160966,B
3.98107958,0,2023-02-22T18:04:53Z,178.8146211835028,46,100.00019836,0.12613632001580524,0.13470084656627923,0.1261363195160966,B
4.64159775,0,2023-02-22T18:04:53Z,178.8146211835028,46,100.00019836,0.12613632001580524,0.13470084656627923,0.1261363195160966,B
5.41170597,0,2023-02-22T18:04:53Z,178.8146211835028,46,100.00019836,0.12613632001580524,0.13470084656627923,0.1261363195160966,B
6.30958605,0.0276785455644,2023-02-22T18:04:53Z,178.8146211835028,46,100.00019836,0.12613632001580524,0.13470084656627923,0.1261363195160966,B
7.35643721,0.193204596639,2023-02-22T18:04:53Z,178.8146211835028,46,100.00019836,0.12613632001580524,0.13470084656627923,0.1261363195160966,B
8.57697582,0.635569512844,2023-02-22T18:04:53Z,178.8146211835028,46,100.00019836,0.12613632001580524,0.13470084656627923,0.1261363195160966,B
10.00002003,1.51146161556,2023-02-22T18:04:53Z,178.8146211835028,46,100.00019836,0.12613632001580524,0.13470084656627923,0.1261363195160966,B
11.65916729,2.87603259087,2023-02-22T18:04:53Z,178.8146211835028,46,100.00019836,0.12613632001580524,0.13470084656627923,0.1261363195160966,B
13.59359074,4.4971575737,2023-02-22T18:04:53Z,178.8146211835028,46,100.00019836,0.12613632001580524,0.13470084656627923,0.1261363195160966,B
15.84896278,5.71524477005,2023-02-22T18:04:53Z,178.8146211835028,46,100.00019836,0.12613632001580524,0.13470084656627923,0.1261363195160966,B
18.47853470,5.59377765656,2023-02-22T18:04:53Z,178.8146211835028,46,100.00019836,0.12613632001580524,0.13470084656627923,0.1261363195160966,B
21.54438972,3.56717896461,2023-02-22T18:04:53Z,178.8146211835028,46,100.00019836,0.12613632001580524,0.13470084656627923,0.1261363195160966,B
25.11891365,0.550250291824,2023-02-22T18:04:53Z,178.8146211835028,46,100.00019836,0.12613632001580524,0.13470084656627923,0.1261363195160966,B
29.28650284,0,2023-02-22T18:04:53Z,178.8146211835028,46,100.00019836,0.12613632001580524,0.13470084656627923,0.1261363195160966,B
34.14555740,0,2023-02-22T18:04:53Z,178.8146211835028,46,100.00019836,0.12613632001580524,0.13470084656627923,0.1261363195160966,B
39.81079483,0,2023-02-22T18:04:53Z,178.8146211835028,46,100.00019836,0.12613632001580524,0.13470084656627923,0.1261363195160966,B
46.41598129,0,2023-02-22T18:04:53Z,178.8146211835028,46,100.00019836,0.12613632001580524,0.13470084656627923,0.1261363195160966,B
54.11705780,0,2023-02-22T18:04:53Z,178.8146211835028,46,100.00019836,0.12613632001580524,0.13470084656627923,0.1261363195160966,B
63.09585953,0,2023-02-22T18:04:53Z,178.8146211835028,46,100.00019836,0.12613632001580524,0.13470084656627923,0.1261363195160966,B
73.56436920,0,2023-02-22T18:04:53Z,178.8146211835028,46,100.00019836,0.12613632001580524,0.13470084656627923,0.1261363195160966,B
85.76976013,0,2023-02-22T18:04:53Z,178.8146211835028,46,100.00019836,0.12613632001580524,0.13470084656627923,0.1261363195160966,B
100.00019836,62.2188110352,2023-02-22T18:04:53Z,178.8146211835028,46,100.00019836,0.12613632001580524,0.13470084656627923,0.1261363195160966,B
116.59166718,0,2023-02-22T18:04:53Z,178.8146211835028,46,100.00019836,0.12613632001580524,0.13470084656627923,0.1261363195160966,B
135.93591309,0,2023-02-22T18:04:53Z,178.8146211835028,46,100.00019836,0.12613632001580524,0.13470084656627923,0.1261363195160966,B
158.48962402,0,2023-02-22T18:04:53Z,178.8146211835028,46,100.00019836,0.12613632001580524,0.13470084656627923,0.1261363195160966,B
184.78533936,0,2023-02-22T18:04:53Z,178.8146211835028,46,100.00019836,0.12613632001580524,0.13470084656627923,0.1261363195160966,B
215.44389343,0,2023-02-22T18:04:53Z,178.8146211835028,46,100.00019836,0.12613632001580524,0.13470084656627923,0.1261363195160966,B
251.18913269,0,2023-02-22T18:04:53Z,178.8146211835028,46,100.00019836,0.12613632001580524,0.13470084656627923,0.1261363195160966,B
292.86502075,0,2023-02-22T18:04:53Z,178.8146211835028,46,100.00019836,0.12613632001580524,0.13470084656627923,0.1261363195160966,B
341.45556641,0,2023-02-22T18:04:53Z,178.8146211835028,46,100.00019836,0.12613632001580524,0.13470084656627923,0.1261363195160966,B
398.10794067,0,2023-02-22T18:04:53Z,178.8146211835028,46,100.00019836,0.12613632001580524,0.13470084656627923,0.1261363195160966,B
464.15979004,0,2023-02-22T18:04:53Z,178.8146211835028,46,100.00019836,0.12613632001580524,0.13470084656627923,0.1261363195160966,B
541.17059326,0,2023-02-22T18:04:53Z,178.8146211835028,46,100.00019836,0.12613632001580524,0.13470084656627923,0.1261363195160966,B
630.95855713,0,2023-02-22T18:04:53Z,178.8146211835028,46,100.00019836,0.12613632001580524,0.13470084656627923,0.1261363195160966,B
735.64367676,0,2023-02-22T18:04:53Z,178.8146211835028,46,100.00019836,0.12613632001580524,0.13470084656627923,0.1261363195160966,B
857.69757080,0,2023-02-22T18:04:53Z,178.8146211835028,46,100.00019836,0.12613632001580524,0.13470084656627923,0.1261363195160966,B
1000.00195313,0,2023-02-22T18:04:53Z,178.8146211835028,46,100.00019836,0.12613632001580524,0.13470084656627923,0.1261363195160966,B
0.10000020,0,2023-02-22T18:04:54Z,209.71111742665556,46,100.00019836,0.10980474471999999,0.13131262216381853,0.10980474471999999,B
0.11659167,0,2023-02-22T18:04:54Z,209.71111742665556,46,100.00019836,0.10980474471999999,0.13131262216381853,0.10980474471999999,B
0.13593590,0,2023-02-22T18:04:54Z,209.71111742665556,46,100.00019836,0.10980474471999999,0.13131262216381853,0.10980474471999999,B
0.15848963,0,2023-02-22T18:04:54Z,209.71111742665556,46,100.00019836,0.10980474471999999,0.13131262216381853,0.10980474471999999,B
0.18478534,0,2023-02-22T18:04:54Z,209.71111742665556,46,100.00019836,0.10980474471999999,0.13131262216381853,0.10980474471999999,B
0.21544389,0,2023-02-22T18:04:54Z,209.71111742665556,46,100.00019836,0.10980474471999999,0.13131262216381853,0.10980474471999999,B
0.25118914,0,2023-02-22T18:04:54Z,209.71111742665556,46,100.00019836,0.10980474471999999,0.13131262216381853,0.10980474471999999,B
0.29286504,0,2023-02-22T18:04:54Z,209.71111742665556,46,100.00019836,0.10980474471999999,0.13131262216381853,0.10980474471999999,B
0.34145555,0,2023-02-22T18:04:54Z,209.71111742665556,46,100.00019836,0.10980474471999999,0.13131262216381853,0.10980474471999999,B
0.39810795,0,2023-02-22T18:04:54Z,209.71111742665556,46,100.00019836,0.10980474471999999,0.13131262216381853,0.10980474471999999,B
0.46415979,0,2023-02-22T18:04:54Z,209.71111742665556,46,100.00019836,0.10980474471999999,0.13131262216381853,0.10980474471999999,B
0.54117060,0,2023-02-22T18:04:54Z,209.71111742665556,46,100.00019836,0.10980474471999999,0.13131262216381853,0.10980474471999999,B
0.63095856,0,2023-02-22T18:04:54Z,209.71111742665556,46,100.00019836,0.10980474471999999,0.13131262216381853,0.10980474471999999,B
0.73564368,0,2023-02-22T18:04:54Z,209.71111742665556,46,100.00019836,0.10980474471999999,0.13131262216381853,0.10980474471999999,B
0.85769761,0,2023-02-22T18:04:54Z,209.71111742665556,46,100.00019836,0.10980474471999999,0.13131262216381853,0.10980474471999999,B
1.00000191,0,2023-02-22T18:04:54Z,209.71111742665556,46,100.00019836,0.10980474471999999,0.13131262216381853,0.10980474471999999,B
1.16591668,0,2023-02-22T18:04:54Z,209.71111742665556,46,100.00019836,0.10980474471999999,0.13131262216381853,0.10980474471999999,B
1.35935903,10.980474472,2023-02-22T18:04:54Z,209.71111742665556,46,100.00019836,0.10980474471999999,0.13131262216381853,0.10980474471999999,B
1.58489633,0,2023-02-22T18:04:54Z,209.71111742665556,46,100.00019836,0.10980474471999999,0.13131262216381853,0.10980474471999999,B
1.84785342,0,2023-02-22T18:04:54Z,209.71111742665556,46,100.00019836,0.10980474471999999,0.13131262216381853,0.10980474471999999,B
2.15443897,0,2023-02-22T18:04:54Z,209.71111742665556,46,100.00019836,0.10980474471999999,0.13131262216381853,0.10980474471999999,B
2.51189137,0,2023-02-22T18:04:54Z,209.71111742665556,46,100.00019836,0.10980474471999999,0.13131262216381853,0.10980474471999999,B
2.92865038,0,2023-02-22T18:04:54Z,209.71111742665556,46,100.00019836,0.10980474471999999,0.13131262216381853,0.10980474471999999,B
3.41455555,0,2023-02-22T18:04:54Z,209.71111742665556,46,100.00019836,0.10980474471999999,0.13131262216381853,0.10980474471999999,B
3.98107958,0,2023-02-22T18:04:54Z,209.71111742665556,46,100.00019836,0.10980474471999999,0.13131262216381853,0.10980474471999999,B
4.64159775,0,2023-02-22T18:04:54Z,209.71111742665556,46,100.00019836,0.10980474471999999,0.13131262216381853,0.10980474471999999,B
5.41170597,3.20557213854e-4,2023-02-22T18:04:54Z,209.71111742665556,46,100.00019836,0.10980474471999999,0.13131262216381853,0.10980474471999999,B
6.30958605,0.201897352934,2023-02-22T18:04:54Z,209.71111742665556,46,100.00019836,0.10980474471999999,0.13131262216381853,0.10980474471999999,B
7.35643721,0.623099029064,2023-02-22T18:04:54Z,209.71111742665556,46,100.00019836,0.10980474471999999,0.13131262216381853,0.10980474471999999,B
8.57697582,1.32547080517,2023-02-22T18:04:54Z,209.71111742665556,46,100.00019836,0.10980474471999999,0.13131262216381853,0.10980474471999999,B
10.00002003,2.31175994873,2023-02-22T18:04:54Z,209.71111742665556,46,100.00019836,0.10980474471999999,0.13131262216381853,0.10980474471999999,B
11.65916729,3.47485208511,2023-02-22T18:04:54Z,209.71111742665556,46,100.00019836,0.10980474471999999,0.13131262216381853,0.10980474471999999,B
13.59359074,4.55269050598,2023-02-22T18:04:54Z,209.71111742665556,46,100.00019836,0.10980474471999999,0.13131262216381853,0.10980474471999999,B
15.84896278,5.13628673553,2023-02-22T18:04:54Z,209.71111742665556,46,100.00019836,0.10980474471999999,0.13131262216381853,0.10980474471999999,B
18.47853470,4.7765827179,2023-02-22T18:04:54Z,209.71111742665556,46,100.00019836,0.10980474471999999,0.13131262216381853,0.10980474471999999,B
21.54438972,3.19350409508,2023-02-22T18:04:54Z,209.71111742665556,46,100.00019836,0.10980474471999999,0.13131262216381853,0.10980474471999999,B
25.11891365,0.554946482182,2023-02-22T18:04:54Z,209.71111742665556,46,100.00019836,0.10980474471999999,0.13131262216381853,0.10980474471999999,B
29.28650284,0,2023-02-22T18:04:54Z,209.71111742665556,46,100.00019836,0.10980474471999999,0.13131262216381853,0.10980474471999999,B
34.14555740,0,2023-02-22T18:04:54Z,209.71111742665556,46,100.00019836,0.10980474471999999,0.13131262216381853,0.10980474471999999,B
39.81079483,0,2023-02-22T18:04:54Z,209.71111742665556,46,100.00019836,0.10980474471999999,0.13131262216381853,0.10980474471999999,B
46.41598129,0,2023-02-22T18:04:54Z,209.71111742665556,46,100.00019836,0.10980474471999999,0.13131262216381853,0.10980474471999999,B
54.11705780,0,2023-02-22T18:04:54Z,209.71111742665556,46,100.00019836,0.10980474471999999,0.13131262216381853,0.10980474471999999,B
63.09585953,0,2023-02-22T18:04:54Z,209.71111742665556,46,100.00019836,0.10980474471999999,0.13131262216381853,0.10980474471999999,B
73.56436920,0,2023-02-22T18:04:54Z,209.71111742665556,46,100.00019836,0.10980474471999999,0.13131262216381853,0.10980474471999999,B
85.76976013,0,2023-02-22T18:04:54Z,209.71111742665556,46,100.00019836,0.10980474471999999,0.13131262216381853,0.10980474471999999,B
100.00019836,62.8681106567,2023-02-22T18:04:54Z,209.71111742665556,46,100.00019836,0.10980474471999999,0.13131262216381853,0.10980474471999999,B
116.59166718,0,2023-02-22T18:04:54Z,209.71111742665556,46,100.00019836,0.10980474471999999,0.13131262216381853,0.10980474471999999,B
135.93591309,0,2023-02-22T18:04:54Z,209.71111742665556,46,100.00019836,0.10980474471999999,0.13131262216381853,0.10980474471999999,B
158.48962402,0,2023-02-22T18:04:54Z,209.71111742665556,46,100.00019836,0.10980474471999999,0.13131262216381853,0.10980474471999999,B
184.78533936,0,2023-02-22T18:04:54Z,209.71111742665556,46,100.00019836,0.10980474471999999,0.13131262216381853,0.10980474471999999,B
215.44389343,0,2023-02-22T18:04:54Z,209.71111742665556,46,100.00019836,0.10980474471999999,0.13131262216381853,0.10980474471999999,B
251.18913269,0,2023-02-22T18:04:54Z,209.71111742665556,46,100.00019836,0.10980474471999999,0.13131262216381853,0.10980474471999999,B
292.86502075,0,2023-02-22T18:04:54Z,209.71111742665556,46,100.00019836,0.10980474471999999,0.13131262216381853,0.10980474471999999,B
341.45556641,0,2023-02-22T18:04:54Z,209.71111742665556,46,100.00019836,0.10980474471999999,0.13131262216381853,0.10980474471999999,B
398.10794067,0,2023-02-22T18:04:54Z,209.71111742665556,46,100.00019836,0.10980474471999999,0.13131262216381853,0.10980474471999999,B
464.15979004,0,2023-02-22T18:04:54Z,209.71111742665556,46,100.00019836,0.10980474471999999,0.13131262216381853,0.10980474471999999,B
541.17059326,0,2023-02-22T18:04:54Z,209.71111742665556,46,100.00019836,0.10980474471999999,0.13131262216381853,0.10980474471999999,B
630.95855713,0,2023-02-22T18:04:54Z,209.71111742665556,46,100.00019836,0.10980474471999999,0.13131262216381853,0.10980474471999999,B
735.64367676,0,2023-02-22T18:04:54Z,209.71111742665556,46,100.00019836,0.10980474471999999,0.13131262216381853,0.10980474471999999,B
857.69757080,0,2023-02-22T18:04:54Z,209.71111742665556,46,100.00019836,0.10980474471999999,0.13131262216381853,0.10980474471999999,B
1000.00195313,0,2023-02-22T18:04:54Z,209.71111742665556,46,100.00019836,0.10980474471999999,0.13131262216381853,0.10980474471999999,B
0.10000020,0,2023-02-22T18:04:55Z,162.6110699971361,46,100.00019836,0.10986760139500078,0.12294707514380177,0.10986760139500078,B
0.11659167,0,2023-02-22T18:04:55Z,162.6110699971361,46,100.00019836,0.10986760139500078,0.12294707514380177,0.10986760139500078,B
0.13593590,0,2023-02-22T18:04:55Z,162.6110699971361,46,100.00019836,0.10986760139500078,0.12294707514380177,0.10986760139500078,B
0.15848963,0,2023-02-22T18:04:55Z,162.6110699971361,46,100.00019836,0.10986760139500078,0.12294707514380177,0.10986760139500078,B
0.18478534,0,2023-02-22T18:04:55Z,162.6110699971361,46,100.00019836,0.10986760139500078,0.12294707514380177,0.10986760139500078,B
0.21544389,0,2023-02-22T18:04:55Z,162.6110699971361,46,100.00019836,0.10986760139500078,0.12294707514380177,0.10986760139500078,B
0.25118914,0,2023-02-22T18:04:55Z,162.6110699971361,46,100.00019836,0.10986760139500078,0.12294707514380177,0.10986760139500078,B
0.29286504,0,2023-02-22T18:04:55Z,162.6110699971361,46,100.00019836,0.10986760139500078,0.12294707514380177,0.10986760139500078,B
0.34145555,0,2023-02-22T18:04:55Z,162.6110699971361,46,100.00019836,0.10986760139500078,0.12294707514380177,0.10986760139500078,B
0.39810795,0,2023-02-22T18:04:55Z,162.6110699971361,46,100.00019836,0.10986760139500078,0.12294707514380177,0.10986760139500078,B
0.46415979,0,2023-02-22T18:04:55Z,162.6110699971361,46,100.00019836,0.10986760139500078,0.12294707514380177,0.10986760139500078,B
0.54117060,0,2023-02-22T18:04:55Z,162.6110699971361,46,100.00019836,0.10986760139500078,0.12294707514380177,0.10986760139500078,B
0.63095856,0,2023-02-22T18:04:55Z,162.6110699971361,46,100.00019836,0.10986760139500078,0.12294707514380177,0.10986760139500078,B
0.73564368,0,2023-02-22T18:04:55Z,162.6110699971361,46,100.00019836,0.10986760139500078,0.12294707514380177,0.10986760139500078,B
0.85769761,0,2023-02-22T18:04:55Z,162.6110699971361,46,100.00019836,0.10986760139500078,0.12294707514380177,0.10986760139500078,B
1.00000191,0,2023-02-22T18:04:55Z,162.6110699971361,46,100.00019836,0.10986760139500078,0.12294707514380177,0.10986760139500078,B
1.16591668,7.76432615575e-14,2023-02-22T18:04:55Z,162.6110699971361,46,100.00019836,0.10986760139500078,0.12294707514380177,0.10986760139500078,B
1.35935903,10.9867601395,2023-02-22T18:04:55Z,162.6110699971361,46,100.00019836,0.10986760139500078,0.12294707514380177,0.10986760139500078,B
1.58489633,4.75979576798e-17,2023-02-22T18:04:55Z,162.6110699971361,46,100.00019836,0.10986760139500078,0.12294707514380177,0.10986760139500078,B
1.84785342,0,2023-02-22T18:04:55Z,162.6110699971361,46,100.00019836,0.10986760139500078,0.12294707514380177,0.10986760139500078,B
2.15443897,0,2023-02-22T18:04:55Z,162.6110699971361,46,100.00019836,0.10986760139500078,0.12294707514380177,0.10986760139500078,B
2.51189137,0,2023-02-22T18:04:55Z,162.6110699971361,46,100.00019836,0.10986760139500078,0.12294707514380177,0.10986760139500078,B
2.92865038,0,2023-02-22T18:04:55Z,162.6110699971361,46,100.00019836,0.10986760139500078,0.12294707514380177,0.10986760139500078,B
3.41455555,0,2023-02-22T18:04:55Z,162.6110699971361,46,100.00019836,0.10986760139500078,0.12294707514380177,0.10986760139500078,B
3.98107958,0,2023-02-22T18:04:55Z,162.6110699971361,46,100.00019836,0.10986760139500078,0.12294707514380177,0.10986760139500078,B
4.64159775,0,2023-02-22T18:04:55Z,162.6110699971361,46,100.00019836,0.10986760139500078,0.12294707514380177,0.10986760139500078,B
5.41170597,0,2023-02-22T18:04:55Z,162.6110699971361,46,100.00019836,0.10986760139500078,0.12294707514380177,0.10986760139500078,B
6.30958605,0.0744524970651,2023-02-22T18:04:55Z,162.6110699971361,46,100.00019836,0.10986760139500078,0.12294707514380177,0.10986760139500078,B
7.35643721,0.342100083828,2023-02-22T18:04:55Z,162.6110699971361,46,100.00019836,0.10986760139500078,0.12294707514380177,0.10986760139500078,B
8.57697582,0.891394793987,2023-02-22T18:04:55Z,162.6110699971361,46,100.00019836,0.10986760139500078,0.12294707514380177,0.10986760139500078,B
10.00002003,1.80090367794,2023-02-22T18:04:55Z,162.6110699971361,46,100.00019836,0.10986760139500078,0.12294707514380177,0.10986760139500078,B
11.65916729,3.05056428909,2023-02-22T18:04:55Z,162.6110699971361,46,100.00019836,0.10986760139500078,0.12294707514380177,0.10986760139500078,B
13.59359074,4.42866325378,2023-02-22T18:04:55Z,162.6110699971361,46,100.00019836,0.10986760139500078,0.12294707514380177,0.10986760139500078,B
15.84896278,5.48016738892,2023-02-22T18:04:55Z,162.6110699971361,46,100.00019836,0.10986760139500078,0.12294707514380177,0.10986760139500078,B
18.47853470,5.59375143051,2023-02-22T18:04:55Z,162.6110699971361,46,100.00019836,0.10986760139500078,0.12294707514380177,0.10986760139500078,B
21.54438972,4.29302024841,2023-02-22T18:04:55Z,162.6110699971361,46,100.00019836,0.10986760139500078,0.12294707514380177,0.10986760139500078,B
25.11891365,1.73140192032,2023-02-22T18:04:55Z,162.6110699971361,46,100.00019836,0.10986760139500078,0.12294707514380177,0.10986760139500078,B
29.28650284,0,2023-02-22T18:04:55Z,162.6110699971361,46,100.00019836,0.10986760139500078,0.12294707514380177,0.10986760139500078,B
34.14555740,0,2023-02-22T18:04:55Z,162.6110699971361,46,100.00019836,0.10986760139500078,0.12294707514380177,0.10986760139500078,B
39.81079483,0,2023-02-22T18:04:55Z,162.6110699971361,46,100.00019836,0.10986760139500078,0.12294707514380177,0.10986760139500078,B
46.41598129,0,2023-02-22T18:04:55Z,162.6110699971361,46,100.00019836,0.10986760139500078,0.12294707514380177,0.10986760139500078,B
54.11705780,0,2023-02-22T18:04:55Z,162.6110699971361,46,100.00019836,0.10986760139500078,0.12294707514380177,0.10986760139500078,B
63.09585953,0,2023-02-22T18:04:55Z,162.6110699971361,46,100.00019836,0.10986760139500078,0.12294707514380177,0.10986760139500078,B
73.56436920,0,2023-02-22T18:04:55Z,162.6110699971361,46,100.00019836,0.10986760139500078,0.12294707514380177,0.10986760139500078,B
85.76976013,0,2023-02-22T18:04:55Z,162.6110699971361,46,100.00019836,0.10986760139500078,0.12294707514380177,0.10986760139500078,B
100.00019836,61.3268203735,2023-02-22T18:04:55Z,162.6110699971361,46,100.00019836,0.10986760139500078,0.12294707514380177,0.10986760139500078,B
116.59166718,0,2023-02-22T18:04:55Z,162.6110699971361,46,100.00019836,0.10986760139500078,0.12294707514380177,0.10986760139500078,B
135.93591309,0,2023-02-22T18:04:55Z,162.6110699971361,46,100.00019836,0.10986760139500078,0.12294707514380177,0.10986760139500078,B
158.48962402,0,2023-02-22T18:04:55Z,162.6110699971361,46,100.00019836,0.10986760139500078,0.12294707514380177,0.10986760139500078,B
184.78533936,0,2023-02-22T18:04:55Z,162.6110699971361,46,100.00019836,0.10986760139500078,0.12294707514380177,0.10986760139500078,B
215.44389343,0,2023-02-22T18:04:55Z,162.6110699971361,46,100.00019836,0.10986760139500078,0.12294707514380177,0.10986760139500078,B
251.18913269,0,2023-02-22T18:04:55Z,162.6110699971361,46,100.00019836,0.10986760139500078,0.12294707514380177,0.10986760139500078,B
292.86502075,0,2023-02-22T18:04:55Z,162.6110699971361,46,100.00019836,0.10986760139500078,0.12294707514380177,0.10986760139500078,B
341.45556641,0,2023-02-22T18:04:55Z,162.6110699971361,46,100.00019836,0.10986760139500078,0.12294707514380177,0.10986760139500078,B
398.10794067,0,2023-02-22T18:04:55Z,162.6110699971361,46,100.00019836,0.10986760139500078,0.12294707514380177,0.10986760139500078,B
464.15979004,0,2023-02-22T18:04:55Z,162.6110699971361,46,100.00019836,0.10986760139500078,0.12294707514380177,0.10986760139500078,B
541.17059326,0,2023-02-22T18:04:55Z,162.6110699971361,46,100.00019836,0.10986760139500078,0.12294707514380177,0.10986760139500078,B
630.95855713,0,2023-02-22T18:04:55Z,162.6110699971361,46,100.00019836,0.10986760139500078,0.12294707514380177,0.10986760139500078,B
735.64367676,0,2023-02-22T18:04:55Z,162.6110699971361,46,100.00019836,0.10986760139500078,0.12294707514380177,0.10986760139500078,B
857.69757080,0,2023-02-22T18:04:55Z,162.6110699971361,46,100.00019836,0.10986760139500078,0.12294707514380177,0.10986760139500078,B
1000.00195313,0,2023-02-22T18:04:55Z,162.6110699971361,46,100.00019836,0.10986760139500078,0.12294707514380177,0.10986760139500078,B
0.10000020,0,2023-02-22T18:04:56Z,161.46402168283333,46,100.00019836,0.1268067554803502,0.18490023654423018,0.09368822216990001,B
0.11659167,0,2023-02-22T18:04:56Z,161.46402168283333,46,100.00019836,0.1268067554803502,0.18490023654423018,0.09368822216990001,B
0.13593590,0,2023-02-22T18:04:56Z,161.46402168283333,46,100.00019836,0.1268067554803502,0.18490023654423018,0.09368822216990001,B
0.15848963,0,2023-02-22T18:04:56Z,161.46402168283333,46,100.00019836,0.1268067554803502,0.18490023654423018,0.09368822216990001,B
0.18478534,0,2023-02-22T18:04:56Z,161.46402168283333,46,100.00019836,0.1268067554803502,0.18490023654423018,0.09368822216990001,B
0.21544389,0,2023-02-22T18:04:56Z,161.46402168283333,46,100.00019836,0.1268067554803502,0.18490023654423018,0.09368822216990001,B
0.25118914,0,2023-02-22T18:04:56Z,161.46402168283333,46,100.00019836,0.1268067554803502,0.18490023654423018,0.09368822216990001,B
0.29286504,0,2023-02-22T18:04:56Z,161.46402168283333,46,100.00019836,0.1268067554803502,0.18490023654423018,0.09368822216990001,B
0.34145555,0,2023-02-22T18:04:56Z,161.46402168283333,46,100.00019836,0.1268067554803502,0.18490023654423018,0.09368822216990001,B
0.39810795,0,2023-02-22T18:04:56Z,161.46402168283333,46,100.00019836,0.1268067554803502,0.18490023654423018,0.09368822216990001,B
0.46415979,0,2023-02-22T18:04:56Z,161.46402168283333,46,100.00019836,0.1268067554803502,0.18490023654423018,0.09368822216990001,B
0.54117060,0,2023-02-22T18:04:56Z,161.46402168283333,46,100.00019836,0.1268067554803502,0.18490023654423018,0.09368822216990001,B
0.63095856,0,2023-02-22T18:04:56Z,161.46402168283333,46,100.00019836,0.1268067554803502,0.18490023654423018,0.09368822216990001,B
0.73564368,0,2023-02-22T18:04:56Z,161.46402168283333,46,100.00019836,0.1268067554803502,0.18490023654423018,0.09368822216990001,B
0.85769761,0,2023-02-22T18:04:56Z,161.46402168283333,46,100.00019836,0.1268067554803502,0.18490023654423018,0.09368822216990001,B
1.00000191,1.02836179733,2023-02-22T18:04:56Z,161.46402168283333,46,100.00019836,0.1268067554803502,0.18490023654423018,0.09368822216990001,B
1.16591668,1.81842172146,2023-02-22T18:04:56Z,161.46402168283333,46,100.00019836,0.1268067554803502,0.18490023654423018,0.09368822216990001,B
1.35935903,2.24077987671,2023-02-22T18:04:56Z,161.46402168283333,46,100.00019836,0.1268067554803502,0.18490023654423018,0.09368822216990001,B
1.58489633,2.27777504921,2023-02-22T18:04:56Z,161.46402168283333,46,100.00019836,0.1268067554803502,0.18490023654423018,0.09368822216990001,B
1.84785342,2.00348377228,2023-02-22T18:04:56Z,161.46402168283333,46,100.00019836,0.1268067554803502,0.18490023654423018,0.09368822216990001,B
2.15443897,1.5399916172,2023-02-22T18:04:56Z,161.46402168283333,46,100.00019836,0.1268067554803502,0.18490023654423018,0.09368822216990001,B
2.51189137,1.00989151001,2023-02-22T18:04:56Z,161.46402168283333,46,100.00019836,0.1268067554803502,0.18490023654423018,0.09368822216990001,B
2.92865038,0.517156422138,2023-02-22T18:04:56Z,161.46402168283333,46,100.00019836,0.1268067554803502,0.18490023654423018,0.09368822216990001,B
3.41455555,0.15630993247,2023-02-22T18:04:56Z,161.46402168283333,46,100.00019836,0.1268067554803502,0.18490023654423018,0.09368822216990001,B
3.98107958,0.00268041761592,2023-02-22T18:04:56Z,161.46402168283333,46,100.00019836,0.1268067554803502,0.18490023654423018,0.09368822216990001,B
4.64159775,0.0858234316111,2023-02-22T18:04:56Z,161.46402168283333,46,100.00019836,0.1268067554803502,0.18490023654423018,0.09368822216990001,B
5.41170597,0.413163661957,2023-02-22T18:04:56Z,161.46402168283333,46,100.00019836,0.1268067554803502,0.18490023654423018,0.09368822216990001,B
6.30958605,0.981144785881,2023-02-22T18:04:56Z,161.46402168283333,46,100.00019836,0.1268067554803502,0.18490023654423018,0.09368822216990001,B
7.35643721,1.75275504589,2023-02-22T18:04:56Z,161.46402168283333,46,100.00019836,0.1268067554803502,0.18490023654423018,0.09368822216990001,B
8.57697582,2.66228461266,2023-02-22T18:04:56Z,161.46402168283333,46,100.00019836,0.1268067554803502,0.18490023654423018,0.09368822216990001,B
10.00002003,3.60919690132,2023-02-22T18:04:56Z,161.46402168283333,46,100.00019836,0.1268067554803502,0.18490023654423018,0.09368822216990001,B
11.65916729,4.45759105682,2023-02-22T18:04:56Z,161.46402168283333,46,100.00019836,0.1268067554803502,0.18490023654423018,0.09368822216990001,B
13.59359074,5.03947925568,2023-02-22T18:04:56Z,161.46402168283333,46,100.00019836,0.1268067554803502,0.18490023654423018,0.09368822216990001,B
15.84896278,5.17891836166,2023-02-22T18:04:56Z,161.46402168283333,46,100.00019836,0.1268067554803502,0.18490023654423018,0.09368822216990001,B
18.47853470,4.74109363556,2023-02-22T18:04:56Z,161.46402168283333,46,100.00019836,0.1268067554803502,0.18490023654423018,0.09368822216990001,B
21.54438972,3.69633507729,2023-02-22T18:04:56Z,161.46402168283333,46,100.00019836,0.1268067554803502,0.18490023654423018,0.09368822216990001,B
25.11891365,2.19703125954,2023-02-22T18:04:56Z,161.46402168283333,46,100.00019836,0.1268067554803502,0.18490023654423018,0.09368822216990001,B
29.28650284,0.632418394089,2023-02-22T18:04:56Z,161.46402168283333,46,100.00019836,0.1268067554803502,0.18490023654423018,0.09368822216990001,B
34.14555740,0,2023-02-22T18:04:56Z,161.46402168283333,46,100.00019836,0.1268067554803502,0.18490023654423018,0.09368822216990001,B
39.81079483,0,2023-02-22T18:04:56Z,161.46402168283333,46,100.00019836,0.1268067554803502,0.18490023654423018,0.09368822216990001,B
46.41598129,0,2023-02-22T18:04:56Z,161.46402168283333,46,100.00019836,0.1268067554803502,0.18490023654423018,0.09368822216990001,B
54.11705780,0,2023-02-22T18:04:56Z,161.46402168283333,46,100.00019836,0.1268067554803502,0.18490023654423018,0.09368822216990001,B
63.09585953,0,2023-02-22T18:04:56Z,161.46402168283333,46,100.00019836,0.1268067554803502,0.18490023654423018,0.09368822216990001,B
73.56436920,0,2023-02-22T18:04:56Z,161.46402168283333,46,100.00019836,0.1268067554803502,0.18490023654423018,0.09368822216990001,B
85.76976013,1.63966740576e-14,2023-02-22T18:04:56Z,161.46402168283333,46,100.00019836,0.1268067554803502,0.18490023654423018,0.09368822216990001,B
100.00019836,51.9579238892,2023-02-22T18:04:56Z,161.46402168283333,46,100.00019836,0.1268067554803502,0.18490023654423018,0.09368822216990001,B
116.59166718,0,2023-02-22T18:04:56Z,161.46402168283333,46,100.00019836,0.1268067554803502,0.18490023654423018,0.09368822216990001,B
135.93591309,0,2023-02-22T18:04:56Z,161.46402168283333,46,100.00019836,0.1268067554803502,0.18490023654423018,0.09368822216990001,B
158.48962402,0,2023-02-22T18:04:56Z,161.46402168283333,46,100.00019836,0.1268067554803502,0.18490023654423018,0.09368822216990001,B
184.78533936,0,2023-02-22T18:04:56Z,161.46402168283333,46,100.00019836,0.1268067554803502,0.18490023654423018,0.09368822216990001,B
215.44389343,0,2023-02-22T18:04:56Z,161.46402168283333,46,100.00019836,0.1268067554803502,0.18490023654423018,0.09368822216990001,B
251.18913269,0,2023-02-22T18:04:56Z,161.46402168283333,46,100.00019836,0.1268067554803502,0.18490023654423018,0.09368822216990001,B
292.86502075,0,2023-02-22T18:04:56Z,161.46402168283333,46,100.00019836,0.1268067554803502,0.18490023654423018,0.09368822216990001,B
341.45556641,0,2023-02-22T18:04:56Z,161.46402168283333,46,100.00019836,0.1268067554803502,0.18490023654423018,0.09368822216990001,B
398.10794067,0,2023-02-22T18:04:56Z,161.46402168283333,46,100.00019836,0.1268067554803502,0.18490023654423018,0.09368822216990001,B
464.15979004,0,2023-02-22T18:04:56Z,161.46402168283333,46,100.00019836,0.1268067554803502,0.18490023654423018,0.09368822216990001,B
541.17059326,0,2023-02-22T18:04:56Z,161.46402168283333,46,100.00019836,0.1268067554803502,0.18490023654423018,0.09368822216990001,B
630.95855713,0,2023-02-22T18:04:56Z,161.46402168283333,46,100.00019836,0.1268067554803502,0.18490023654423018,0.09368822216990001,B
735.64367676,0,2023-02-22T18:04:56Z,161.46402168283333,46,100.00019836,0.1268067554803502,0.18490023654423018,0.09368822216990001,B
857.69757080,0,2023-02-22T18:04:56Z,161.46402168283333,46,100.00019836,0.1268067554803502,0.18490023654423018,0.09368822216990001,B
1000.00195313,0,2023-02-22T18:04:56Z,161.46402168283333,46,100.00019836,0.1268067554803502,0.18490023654423018,0.09368822216990001,B
0.10000020,0,2023-02-22T18:04:57Z,149.20715967811944,46,100.00019836,0.1278265040933028,0.1361279978982028,0.12782650379154964,C
0.11659167,0,2023-02-22T18:04:57Z,149.20715967811944,46,100.00019836,0.1278265040933028,0.1361279978982028,0.12782650379154964,C
0.13593590,0,2023-02-22T18:04:57Z,149.20715967811944,46,100.00019836,0.1278265040933028,0.1361279978982028,0.12782650379154964,C
0.15848963,0,2023-02-22T18:04:57Z,149.20715967811944,46,100.00019836,0.1278265040933028,0.1361279978982028,0.12782650379154964,C
0.18478534,0,2023-02-22T18:04:57Z,149.20715967811944,46,100.00019836,0.1278265040933028,0.1361279978982028,0.12782650379154964,C
0.21544389,0,2023-02-22T18:04:57Z,149.20715967811944,46,100.00019836,0.1278265040933028,0.1361279978982028,0.12782650379154964,C
0.25118914,0,2023-02-22T18:04:57Z,149.20715967811944,46,100.00019836,0.1278265040933028,0.1361279978982028,0.12782650379154964,C
0.29286504,0,2023-02-22T18:04:57Z,149.20715967811944,46,100.00019836,0.1278265040933028,0.1361279978982028,0.12782650379154964,C
0.34145555,0,2023-02-22T18:04:57Z,149.20715967811944,46,100.00019836,0.1278265040933028,0.1361279978982028,0.12782650379154964,C
0.39810795,0,2023-02-22T18:04:57Z,149.20715967811944,46,100.00019836,0.1278265040933028,0.1361279978982028,0.12782650379154964,C
0.46415979,0,2023-02-22T18:04:57Z,149.20715967811944,46,100.00019836,0.1278265040933028,0.1361279978982028,0.12782650379154964,C
0.54117060,0,2023-02-22T18:04:57Z,149.20715967811944,46,100.00019836,0.1278265040933028,0.1361279978982028,0.12782650379154964,C
0.63095856,0,2023-02-22T18:04:57Z,149.20715967811944,46,100.00019836,0.1278265040933028,0.1361279978982028,0.12782650379154964,C
0.73564368,0,2023-02-22T18:04:57Z,149.20715967811944,46,100.00019836,0.1278265040933028,0.1361279978982028,0.12782650379154964,C
0.85769761,0,2023-02-22T18:04:57Z,149.20715967811944,46,100.00019836,0.1278265040933028,0.1361279978982028,0.12782650379154964,C
1.00000191,2.01823446844e-9,2023-02-22T18:04:57Z,149.20715967811944,46,100.00019836,0.1278265040933028,0.1361279978982028,0.12782650379154964,C
1.16591668,0.0423199720681,2023-02-22T18:04:57Z,149.20715967811944,46,100.00019836,0.1278265040933028,0.1361279978982028,0.12782650379154964,C
1.35935903,9.66563129425,2023-02-22T18:04:57Z,149.20715967811944,46,100.00019836,0.1278265040933028,0.1361279978982028,0.12782650379154964,C
1.58489633,3.0700006485,2023-02-22T18:04:57Z,149.20715967811944,46,100.00019836,0.1278265040933028,0.1361279978982028,0.12782650379154964,C
1.84785342,0.00469846231863,2023-02-22T18:04:57Z,149.20715967811944,46,100.00019836,0.1278265040933028,0.1361279978982028,0.12782650379154964,C
2.15443897,3.01753146914e-8,2023-02-22T18:04:57Z,149.20715967811944,46,100.00019836,0.1278265040933028,0.1361279978982028,0.12782650379154964,C
2.51189137,8.86394634488e-17,2023-02-22T18:04:57Z,149.20715967811944,46,100.00019836,0.1278265040933028,0.1361279978982028,0.12782650379154964,C
2.92865038,6.76211757847e-34,2023-02-22T18:04:57Z,149.20715967811944,46,100.00019836,0.1278265040933028,0.1361279978982028,0.12782650379154964,C
3.41455555,0,2023-02-22T18:04:57Z,149.20715967811944,46,100.00019836,0.1278265040933028,0.1361279978982028,0.12782650379154964,C
3.98107958,0,2023-02-22T18:04:57Z,149.20715967811944,46,100.00019836,0.1278265040933028,0.1361279978982028,0.12782650379154964,C
4.64159775,0,2023-02-22T18:04:57Z,149.20715967811944,46,100.00019836,0.1278265040933028,0.1361279978982028,0.12782650379154964,C
5.41170597,0,2023-02-22T18:04:57Z,149.20715967811944,46,100.00019836,0.1278265040933028,0.1361279978982028,0.12782650379154964,C
6.30958605,0.028018726036,2023-02-22T18:04:57Z,149.20715967811944,46,100.00019836,0.1278265040933028,0.1361279978982028,0.12782650379154964,C
7.35643721,0.187926605344,2023-02-22T18:04:57Z,149.20715967811944,46,100.00019836,0.1278265040933028,0.1361279978982028,0.12782650379154964,C
8.57697582,0.61420404911,2023-02-22T18:04:57Z,149.20715967811944,46,100.00019836,0.1278265040933028,0.1361279978982028,0.12782650379154964,C
10.00002003,1.46265041828,2023-02-22T18:04:57Z,149.20715967811944,46,100.00019836,0.1278265040933028,0.1361279978982028,0.12782650379154964,C
11.65916729,2.79741168022,2023-02-22T18:04:57Z,149.20715967811944,46,100.00019836,0.1278265040933028,0.1361279978982028,0.12782650379154964,C
13.59359074,4.40873384476,2023-02-22T18:04:57Z,149.20715967811944,46,100.00019836,0.1278265040933028,0.1361279978982028,0.12782650379154964,C
15.84896278,5.66302108765,2023-02-22T18:04:57Z,149.20715967811944,46,100.00019836,0.1278265040933028,0.1361279978982028,0.12782650379154964,C
18.47853470,5.62762403488,2023-02-22T18:04:57Z,149.20715967811944,46,100.00019836,0.1278265040933028,0.1361279978982028,0.12782650379154964,C
21.54438972,3.69348978996,2023-02-22T18:04:57Z,149.20715967811944,46,100.00019836,0.1278265040933028,0.1361279978982028,0.12782650379154964,C
25.11891365,0.677806138992,2023-02-22T18:04:57Z,149.20715967811944,46,100.00019836,0.1278265040933028,0.1361279978982028,0.12782650379154964,C
29.28650284,0,2023-02-22T18:04:57Z,149.20715967811944,46,100.00019836,0.1278265040933028,0.1361279978982028,0.12782650379154964,C
34.14555740,0,2023-02-22T18:04:57Z,149.20715967811944,46,100.00019836,0.1278265040933028,0.1361279978982028,0.12782650379154964,C
39.81079483,0,2023-02-22T18:04:57Z,149.20715967811944,46,100.00019836,0.1278265040933028,0.1361279978982028,0.12782650379154964,C
46.41598129,0,2023-02-22T18:04:57Z,149.20715967811944,46,100.00019836,0.1278265040933028,0.1361279978982028,0.12782650379154964,C
54.11705780,0,2023-02-22T18:04:57Z,149.20715967811944,46,100.00019836,0.1278265040933028,0.1361279978982028,0.12782650379154964,C
63.09585953,0,2023-02-22T18:04:57Z,149.20715967811944,46,100.00019836,0.1278265040933028,0.1361279978982028,0.12782650379154964,C
73.56436920,0,2023-02-22T18:04:57Z,149.20715967811944,46,100.00019836,0.1278265040933028,0.1361279978982028,0.12782650379154964,C
85.76976013,0,2023-02-22T18:04:57Z,149.20715967811944,46,100.00019836,0.1278265040933028,0.1361279978982028,0.12782650379154964,C
100.00019836,62.0564651489,2023-02-22T18:04:57Z,149.20715967811944,46,100.00019836,0.1278265040933028,0.1361279978982028,0.12782650379154964,C
116.59166718,0,2023-02-22T18:04:57Z,149.20715967811944,46,100.00019836,0.1278265040933028,0.1361279978982028,0.12782650379154964,C
135.93591309,0,2023-02-22T18:04:57Z,149.20715967811944,46,100.00019836,0.1278265040933028,0.1361279978982028,0.12782650379154964,C
158.48962402,0,2023-02-22T18:04:57Z,149.20715967811944,46,100.00019836,0.1278265040933028,0.1361279978982028,0.12782650379154964,C
184.78533936,0,2023-02-22T18:04:57Z,149.20715967811944,46,100.00019836,0.1278265040933028,0.1361279978982028,0.12782650379154964,C
215.44389343,0,2023-02-22T18:04:57Z,149.20715967811944,46,100.00019836,0.1278265040933028,0.1361279978982028,0.12782650379154964,C
251.18913269,0,2023-02-22T18:04:57Z,149.20715967811944,46,100.00019836,0.1278265040933028,0.1361279978982028,0.12782650379154964,C
292.86502075,0,2023-02-22T18:04:57Z,149.20715967811944,46,100.00019836,0.1278265040933028,0.1361279978982028,0.12782650379154964,C
341.45556641,0,2023-02-22T18:04:57Z,149.20715967811944,46,100.00019836,0.1278265040933028,0.1361279978982028,0.12782650379154964,C
398.10794067,0,2023-02-22T18:04:57Z,149.20715967811944,46,100.00019836,0.1278265040933028,0.1361279978982028,0.12782650379154964,C
464.15979004,0,2023-02-22T18:04:57Z,149.20715967811944,46,100.00019836,0.1278265040933028,0.1361279978982028,0.12782650379154964,C
541.17059326,0,2023-02-22T18:04:57Z,149.20715967811944,46,100.00019836,0.1278265040933028,0.1361279978982028,0.12782650379154964,C
630.95855713,0,2023-02-22T18:04:57Z,149.20715967811944,46,100.00019836,0.1278265040933028,0.1361279978982028,0.12782650379154964,C
735.64367676,0,2023-02-22T18:04:57Z,149.20715967811944,46,100.00019836,0.1278265040933028,0.1361279978982028,0.12782650379154964,C
857.69757080,0,2023-02-22T18:04:57Z,149.20715967811944,46,100.00019836,0.1278265040933028,0.1361279978982028,0.12782650379154964,C
1000.00195313,0,2023-02-22T18:04:57Z,149.20715967811944,46,100.00019836,0.1278265040933028,0.1361279978982028,0.12782650379154964,C
0.10000020,0,2023-02-22T18:04:58Z,125.49596447415,46,100.00019836,0.13065669537163235,0.13448544527510958,0.13065669537163235,C
0.11659167,0,2023-02-22T18:04:58Z,125.49596447415,46,100.00019836,0.13065669537163235,0.13448544527510958,0.13065669537163235,C
0.13593590,0,2023-02-22T18:04:58Z,125.49596447415,46,100.00019836,0.13065669537163235,0.13448544527510958,0.13065669537163235,C
0.15848963,0,2023-02-22T18:04:58Z,125.49596447415,46,100.00019836,0.13065669537163235,0.13448544527510958,0.13065669537163235,C
0.18478534,0,2023-02-22T18:04:58Z,125.49596447415,46,100.00019836,0.13065669537163235,0.13448544527510958,0.13065669537163235,C
0.21544389,0,2023-02-22T18:04:58Z,125.49596447415,46,100.00019836,0.13065669537163235,0.13448544527510958,0.13065669537163235,C
0.25118914,0,2023-02-22T18:04:58Z,125.49596447415,46,100.00019836,0.13065669537163235,0.13448544527510958,0.13065669537163235,C
0.29286504,0,2023-02-22T18:04:58Z,125.49596447415,46,100.00019836,0.13065669537163235,0.13448544527510958,0.13065669537163235,C
0.34145555,0,2023-02-22T18:04:58Z,125.49596447415,46,100.00019836,0.13065669537163235,0.13448544527510958,0.13065669537163235,C
0.39810795,0,2023-02-22T18:04:58Z,125.49596447415,46,100.00019836,0.13065669537163235,0.13448544527510958,0.13065669537163235,C
0.46415979,0,2023-02-22T18:04:58Z,125.49596447415,46,100.00019836,0.13065669537163235,0.13448544527510958,0.13065669537163235,C
0.54117060,0,2023-02-22T18:04:58Z,125.49596447415,46,100.00019836,0.13065669537163235,0.13448544527510958,0.13065669537163235,C
0.63095856,0,2023-02-22T18:04:58Z,125.49596447415,46,100.00019836,0.13065669537163235,0.13448544527510958,0.13065669537163235,C
0.73564368,0,2023-02-22T18:04:58Z,125.49596447415,46,100.00019836,0.13065669537163235,0.13448544527510958,0.13065669537163235,C
0.85769761,0,2023-02-22T18:04:58Z,125.49596447415,46,100.00019836,0.13065669537163235,0.13448544527510958,0.13065669537163235,C
1.00000191,1.96181785005e-42,2023-02-22T18:04:58Z,125.49596447415,46,100.00019836,0.13065669537163235,0.13448544527510958,0.13065669537163235,C
1.16591668,1.42506118017e-10,2023-02-22T18:04:58Z,125.49596447415,46,100.00019836,0.13065669537163235,0.13448544527510958,0.13065669537163235,C
1.35935903,10.5725135803,2023-02-22T18:04:58Z,125.49596447415,46,100.00019836,0.13065669537163235,0.13448544527510958,0.13065669537163235,C
1.58489633,2.49315595627,2023-02-22T18:04:58Z,125.49596447415,46,100.00019836,0.13065669537163235,0.13448544527510958,0.13065669537163235,C
1.84785342,4.50730341939e-10,2023-02-22T18:04:58Z,125.49596447415,46,100.00019836,0.13065669537163235,0.13448544527510958,0.13065669537163235,C
2.15443897,2.3546554917e-29,2023-02-22T18:04:58Z,125.49596447415,46,100.00019836,0.13065669537163235,0.13448544527510958,0.13065669537163235,C
2.51189137,0,2023-02-22T18:04:58Z,125.49596447415,46,100.00019836,0.13065669537163235,0.13448544527510958,0.13065669537163235,C
2.92865038,0,2023-02-22T18:04:58Z,125.49596447415,46,100.00019836,0.13065669537163235,0.13448544527510958,0.13065669537163235,C
3.41455555,0,2023-02-22T18:04:58Z,125.49596447415,46,100.00019836,0.13065669537163235,0.13448544527510958,0.13065669537163235,C
3.98107958,0,2023-02-22T18:04:58Z,125.49596447415,46,100.00019836,0.13065669537163235,0.13448544527510958,0.13065669537163235,C
4.64159775,0,2023-02-22T18:04:58Z,125.49596447415,46,100.00019836,0.13065669537163235,0.13448544527510958,0.13065669537163235,C
5.41170597,0,2023-02-22T18:04:58Z,125.49596447415,46,100.00019836,0.13065669537163235,0.13448544527510958,0.13065669537163235,C
6.30958605,0.00298282736912,2023-02-22T18:04:58Z,125.49596447415,46,100.00019836,0.13065669537163235,0.13448544527510958,0.13065669537163235,C
7.35643721,0.0653312429786,2023-02-22T18:04:58Z,125.49596447415,46,100.00019836,0.13065669537163235,0.13448544527510958,0.13065669537163235,C
8.57697582,0.31456092,2023-02-22T18:04:58Z,125.49596447415,46,100.00019836,0.13065669537163235,0.13448544527510958,0.13065669537163235,C
10.00002003,0.966719269753,2023-02-22T18:04:58Z,125.49596447415,46,100.00019836,0.13065669537163235,0.13448544527510958,0.13065669537163235,C
11.65916729,2.22696661949,2023-02-22T18:04:58Z,125.49596447415,46,100.00019836,0.13065669537163235,0.13448544527510958,0.13065669537163235,C
13.59359074,4.0053396225,2023-02-22T18:04:58Z,125.49596447415,46,100.00019836,0.13065669537163235,0.13448544527510958,0.13065669537163235,C
15.84896278,5.57006025314,2023-02-22T18:04:58Z,125.49596447415,46,100.00019836,0.13065669537163235,0.13448544527510958,0.13065669537163235,C
18.47853470,5.61389160156,2023-02-22T18:04:58Z,125.49596447415,46,100.00019836,0.13065669537163235,0.13448544527510958,0.13065669537163235,C
21.54438972,3.26951289177,2023-02-22T18:04:58Z,125.49596447415,46,100.00019836,0.13065669537163235,0.13448544527510958,0.13065669537163235,C
25.11891365,0.0669138133526,2023-02-22T18:04:58Z,125.49596447415,46,100.00019836,0.13065669537163235,0.13448544527510958,0.13065669537163235,C
29.28650284,0,2023-02-22T18:04:58Z,125.49596447415,46,100.00019836,0.13065669537163235,0.13448544527510958,0.13065669537163235,C
34.14555740,0,2023-02-22T18:04:58Z,125.49596447415,46,100.00019836,0.13065669537163235,0.13448544527510958,0.13065669537163235,C
39.81079483,0,2023-02-22T18:04:58Z,125.49596447415,46,100.00019836,0.13065669537163235,0.13448544527510958,0.13065669537163235,C
46.41598129,0,2023-02-22T18:04:58Z,125.49596447415,46,100.00019836,0.13065669537163235,0.13448544527510958,0.13065669537163235,C
54.11705780,0,2023-02-22T18:04:58Z,125.49596447415,46,100.00019836,0.13065669537163235,0.13448544527510958,0.13065669537163235,C
63.09585953,0,2023-02-22T18:04:58Z,125.49596447415,46,100.00019836,0.13065669537163235,0.13448544527510958,0.13065669537163235,C
73.56436920,0,2023-02-22T18:04:58Z,125.49596447415,46,100.00019836,0.13065669537163235,0.13448544527510958,0.13065669537163235,C
85.76976013,0,2023-02-22T18:04:58Z,125.49596447415,46,100.00019836,0.13065669537163235,0.13448544527510958,0.13065669537163235,C
100.00019836,64.8320465088,2023-02-22T18:04:58Z,125.49596447415,46,100.00019836,0.13065669537163235,0.13448544527510958,0.13065669537163235,C
116.59166718,0,2023-02-22T18:04:58Z,125.49596447415,46,100.00019836,0.13065669537163235,0.13448544527510958,0.13065669537163235,C
135.93591309,0,2023-02-22T18:04:58Z,125.49596447415,46,100.00019836,0.13065669537163235,0.13448544527510958,0.13065669537163235,C
158.48962402,0,2023-02-22T18:04:58Z,125.49596447415,46,100.00019836,0.13065669537163235,0.13448544527510958,0.13065669537163235,C
184.78533936,0,2023-02-22T18:04:58Z,125.49596447415,46,100.00019836,0.13065669537163235,0.13448544527510958,0.13065669537163235,C
215.44389343,0,2023-02-22T18:04:58Z,125.49596447415,46,100.00019836,0.13065669537163235,0.13448544527510958,0.13065669537163235,C
251.18913269,0,2023-02-22T18:04:58Z,125.49596447415,46,100.00019836,0.13065669537163235,0.13448544527510958,0.13065669537163235,C
292.86502075,0,2023-02-22T18:04:58Z,125.49596447415,46,100.00019836,0.13065669537163235,0.13448544527510958,0.13065669537163235,C
341.45556641,0,2023-02-22T18:04:58Z,125.49596447415,46,100.00019836,0.13065669537163235,0.13448544527510958,0.13065669537163235,C
398.10794067,0,2023-02-22T18:04:58Z,125.49596447415,46,100.00019836,0.13065669537163235,0.13448544527510958,0.13065669537163235,C
464.15979004,0,2023-02-22T18:04:58Z,125.49596447415,46,100.00019836,0.13065669537163235,0.13448544527510958,0.13065669537163235,C
541.17059326,0,2023-02-22T18:04:58Z,125.49596447415,46,100.00019836,0.13065669537163235,0.13448544527510958,0.13065669537163235,C
630.95855713,0,2023-02-22T18:04:58Z,125.49596447415,46,100.00019836,0.13065669537163235,0.13448544527510958,0.13065669537163235,C
735.64367676,0,2023-02-22T18:04:58Z,125.49596447415,46,100.00019836,0.13065669537163235,0.13448544527510958,0.13065669537163235,C
857.69757080,0,2023-02-22T18:04:58Z,125.49596447415,46,100.00019836,0.13065669537163235,0.13448544527510958,0.13065669537163235,C
1000.00195313,0,2023-02-22T18:04:58Z,125.49596447415,46,100.00019836,0.13065669537163235,0.13448544527510958,0.13065669537163235,C
0.10000020,0,2023-02-22T18:04:59Z,132.6408573785861,46,100.00019836,0.1369999914572339,0.14264545724287392,0.13697947051290138,C
0.11659167,0,2023-02-22T18:04:59Z,132.6408573785861,46,100.00019836,0.1369999914572339,0.14264545724287392,0.13697947051290138,C
0.13593590,0,2023-02-22T18:04:59Z,132.6408573785861,46,100.00019836,0.1369999914572339,0.14264545724287392,0.13697947051290138,C
0.15848963,0,2023-02-22T18:04:59Z,132.6408573785861,46,100.00019836,0.1369999914572339,0.14264545724287392,0.13697947051290138,C
0.18478534,0,2023-02-22T18:04:59Z,132.6408573785861,46,100.00019836,0.1369999914572339,0.14264545724287392,0.13697947051290138,C
0.21544389,0,2023-02-22T18:04:59Z,132.6408573785861,46,100.00019836,0.1369999914572339,0.14264545724287392,0.13697947051290138,C
0.25118914,0,2023-02-22T18:04:59Z,132.6408573785861,46,100.00019836,0.1369999914572339,0.14264545724287392,0.13697947051290138,C
0.29286504,0,2023-02-22T18:04:59Z,132.6408573785861,46,100.00019836,0.1369999914572339,0.14264545724287392,0.13697947051290138,C
0.34145555,0,2023-02-22T18:04:59Z,132.6408573785861,46,100.00019836,0.1369999914572339,0.14264545724287392,0.13697947051290138,C
0.39810795,0,2023-02-22T18:04:59Z,132.6408573785861,46,100.00019836,0.1369999914572339,0.14264545724287392,0.13697947051290138,C
0.46415979,0,2023-02-22T18:04:59Z,132.6408573785861,46,100.00019836,0.1369999914572339,0.14264545724287392,0.13697947051290138,C
0.54117060,0,2023-02-22T18:04:59Z,132.6408573785861,46,100.00019836,0.1369999914572339,0.14264545724287392,0.13697947051290138,C
0.63095856,0,2023-02-22T18:04:59Z,132.6408573785861,46,100.00019836,0.1369999914572339,0.14264545724287392,0.13697947051290138,C
0.73564368,0,2023-02-22T18:04:59Z,132.6408573785861,46,100.00019836,0.1369999914572339,0.14264545724287392,0.13697947051290138,C
0.85769761,0,2023-02-22T18:04:59Z,132.6408573785861,46,100.00019836,0.1369999914572339,0.14264545724287392,0.13697947051290138,C
1.00000191,3.89154913137e-4,2023-02-22T18:04:59Z,132.6408573785861,46,100.00019836,0.1369999914572339,0.14264545724287392,0.13697947051290138,C
1.16591668,0.661547362804,2023-02-22T18:04:59Z,132.6408573785861,46,100.00019836,0.1369999914572339,0.14264545724287392,0.13697947051290138,C
1.35935903,7.66328859329,2023-02-22T18:04:59Z,132.6408573785861,46,100.00019836,0.1369999914572339,0.14264545724287392,0.13697947051290138,C
1.58489633,5.04447793961,2023-02-22T18:04:59Z,132.6408573785861,46,100.00019836,0.1369999914572339,0.14264545724287392,0.13697947051290138,C
1.84785342,0.328244000673,2023-02-22T18:04:59Z,132.6408573785861,46,100.00019836,0.1369999914572339,0.14264545724287392,0.13697947051290138,C
2.15443897,0.00205156533048,2023-02-22T18:04:59Z,132.6408573785861,46,100.00019836,0.1369999914572339,0.14264545724287392,0.13697947051290138,C
2.51189137,5.29102692326e-7,2023-02-22T18:04:59Z,132.6408573785861,46,100.00019836,0.1369999914572339,0.14264545724287392,0.13697947051290138,C
2.92865038,8.18542011515e-14,2023-02-22T18:04:59Z,132.6408573785861,46,100.00019836,0.1369999914572339,0.14264545724287392,0.13697947051290138,C
3.41455555,0,2023-02-22T18:04:59Z,132.6408573785861,46,100.00019836,0.1369999914572339,0.14264545724287392,0.13697947051290138,C
3.98107958,0,2023-02-22T18:04:59Z,132.6408573785861,46,100.00019836,0.1369999914572339,0.14264545724287392,0.13697947051290138,C
4.64159775,0,2023-02-22T18:04:59Z,132.6408573785861,46,100.00019836,0.1369999914572339,0.14264545724287392,0.13697947051290138,C
5.41170597,0,2023-02-22T18:04:59Z,132.6408573785861,46,100.00019836,0.1369999914572339,0.14264545724287392,0.13697947051290138,C
6.30958605,0.010636956431,2023-02-22T18:04:59Z,132.6408573785861,46,100.00019836,0.1369999914572339,0.14264545724287392,0.13697947051290138,C
7.35643721,0.10637062043,2023-02-22T18:04:59Z,132.6408573785861,46,100.00019836,0.1369999914572339,0.14264545724287392,0.13697947051290138,C
8.57697582,0.447539001703,2023-02-22T18:04:59Z,132.6408573785861,46,100.00019836,0.1369999914572339,0.14264545724287392,0.13697947051290138,C
10.00002003,1.27601623535,2023-02-22T18:04:59Z,132.6408573785861,46,100.00019836,0.1369999914572339,0.14264545724287392,0.13697947051290138,C
11.65916729,2.78501558304,2023-02-22T18:04:59Z,132.6408573785861,46,100.00019836,0.1369999914572339,0.14264545724287392,0.13697947051290138,C
13.59359074,4.81237697601,2023-02-22T18:04:59Z,132.6408573785861,46,100.00019836,0.1369999914572339,0.14264545724287392,0.13697947051290138,C
15.84896278,6.51012897491,2023-02-22T18:04:59Z,132.6408573785861,46,100.00019836,0.1369999914572339,0.14264545724287392,0.13697947051290138,C
18.47853470,6.50507450104,2023-02-22T18:04:59Z,132.6408573785861,46,100.00019836,0.1369999914572339,0.14264545724287392,0.13697947051290138,C
21.54438972,4.06578207016,2023-02-22T18:04:59Z,132.6408573785861,46,100.00019836,0.1369999914572339,0.14264545724287392,0.13697947051290138,C
25.11891365,0.794074892998,2023-02-22T18:04:59Z,132.6408573785861,46,100.00019836,0.1369999914572339,0.14264545724287392,0.13697947051290138,C
29.28650284,0,2023-02-22T18:04:59Z,132.6408573785861,46,100.00019836,0.1369999914572339,0.14264545724287392,0.13697947051290138,C
34.14555740,0,2023-02-22T18:04:59Z,132.6408573785861,46,100.00019836,0.1369999914572339,0.14264545724287392,0.13697947051290138,C
39.81079483,0,2023-02-22T18:04:59Z,132.6408573785861,46,100.00019836,0.1369999914572339,0.14264545724287392,0.13697947051290138,C
46.41598129,0,2023-02-22T18:04:59Z,132.6408573785861,46,100.00019836,0.1369999914572339,0.14264545724287392,0.13697947051290138,C
54.11705780,0,2023-02-22T18:04:59Z,132.6408573785861,46,100.00019836,0.1369999914572339,0.14264545724287392,0.13697947051290138,C
63.09585953,0,2023-02-22T18:04:59Z,132.6408573785861,46,100.00019836,0.1369999914572339,0.14264545724287392,0.13697947051290138,C
73.56436920,0,2023-02-22T18:04:59Z,132.6408573785861,46,100.00019836,0.1369999914572339,0.14264545724287392,0.13697947051290138,C
85.76976013,0,2023-02-22T18:04:59Z,132.6408573785861,46,100.00019836,0.1369999914572339,0.14264545724287392,0.13697947051290138,C
100.00019836,58.9869842529,2023-02-22T18:04:59Z,132.6408573785861,46,100.00019836,0.1369999914572339,0.14264545724287392,0.13697947051290138,C
116.59166718,0,2023-02-22T18:04:59Z,132.6408573785861,46,100.00019836,0.1369999914572339,0.14264545724287392,0.13697947051290138,C
135.93591309,0,2023-02-22T18:04:59Z,132.6408573785861,46,100.00019836,0.1369999914572339,0.14264545724287392,0.13697947051290138,C
158.48962402,0,2023-02-22T18:04:59Z,132.6408573785861,46,100.00019836,0.1369999914572339,0.14264545724287392,0.13697947051290138,C
184.78533936,0,2023-02-22T18:04:59Z,132.6408573785861,46,100.00019836,0.1369999914572339,0.14264545724287392,0.13697947051290138,C
215.44389343,0,2023-02-22T18:04:59Z,132.6408573785861,46,100.00019836,0.1369999914572339,0.14264545724287392,0.13697947051290138,C
251.18913269,0,2023-02-22T18:04:59Z,132.6408573785861,46,100.00019836,0.1369999914572339,0.14264545724287392,0.13697947051290138,C
292.86502075,0,2023-02-22T18:04:59Z,132.6408573785861,46,100.00019836,0.1369999914572339,0.14264545724287392,0.13697947051290138,C
341.45556641,0,2023-02-22T18:04:59Z,132.6408573785861,46,100.00019836,0.1369999914572339,0.14264545724287392,0.13697947051290138,C
398.10794067,0,2023-02-22T18:04:59Z,132.6408573785861,46,100.00019836,0.1369999914572339,0.14264545724287392,0.13697947051290138,C
464.15979004,0,2023-02-22T18:04:59Z,132.6408573785861,46,100.00019836,0.1369999914572339,0.14264545724287392,0.13697947051290138,C
541.17059326,0,2023-02-22T18:04:59Z,132.6408573785861,46,100.00019836,0.1369999914572339,0.14264545724287392,0.13697947051290138,C
630.95855713,0,2023-02-22T18:04:59Z,132.6408573785861,46,100.00019836,0.1369999914572339,0.14264545724287392,0.13697947051290138,C
735.64367676,0,2023-02-22T18:04:59Z,132.6408573785861,46,100.00019836,0.1369999914572339,0.14264545724287392,0.13697947051290138,C
857.69757080,0,2023-02-22T18:04:59Z,132.6408573785861,46,100.00019836,0.1369999914572339,0.14264545724287392,0.13697947051290138,C
1000.00195313,0,2023-02-22T18:04:59Z,132.6408573785861,46,100.00019836,0.1369999914572339,0.14264545724287392,0.13697947051290138,C
0.10000020,0,2023-02-22T18:05:00Z,163.822657691075,46,100.00019836,0.1356345053007867,0.14405978637771047,0.13563441259829315,B
0.11659167,0,2023-02-22T18:05:00Z,163.822657691075,46,100.00019836,0.1356345053007867,0.14405978637771047,0.13563441259829315,B
0.13593590,0,2023-02-22T18:05:00Z,163.822657691075,46,100.00019836,0.1356345053007867,0.14405978637771047,0.13563441259829315,B
0.15848963,0,2023-02-22T18:05:00Z,163.822657691075,46,100.00019836,0.1356345053007867,0.14405978637771047,0.13563441259829315,B
0.18478534,0,2023-02-22T18:05:00Z,163.822657691075,46,100.00019836,0.1356345053007867,0.14405978637771047,0.13563441259829315,B
0.21544389,0,2023-02-22T18:05:00Z,163.822657691075,46,100.00019836,0.1356345053007867,0.14405978637771047,0.13563441259829315,B
0.25118914,0,2023-02-22T18:05:00Z,163.822657691075,46,100.00019836,0.1356345053007867,0.14405978637771047,0.13563441259829315,B
0.29286504,0,2023-02-22T18:05:00Z,163.822657691075,46,100.00019836,0.1356345053007867,0.14405978637771047,0.13563441259829315,B
0.34145555,0,2023-02-22T18:05:00Z,163.822657691075,46,100.00019836,0.1356345053007867,0.14405978637771047,0.13563441259829315,B
0.39810795,0,2023-02-22T18:05:00Z,163.822657691075,46,100.00019836,0.1356345053007867,0.14405978637771047,0.13563441259829315,B
0.46415979,0,2023-02-22T18:05:00Z,163.822657691075,46,100.00019836,0.1356345053007867,0.14405978637771047,0.13563441259829315,B
0.54117060,0,2023-02-22T18:05:00Z,163.822657691075,46,100.00019836,0.1356345053007867,0.14405978637771047,0.13563441259829315,B
0.63095856,0,2023-02-22T18:05:00Z,163.822657691075,46,100.00019836,0.1356345053007867,0.14405978637771047,0.13563441259829315,B
0.73564368,0,2023-02-22T18:05:00Z,163.822657691075,46,100.00019836,0.1356345053007867,0.14405978637771047,0.13563441259829315,B
0.85769761,0,2023-02-22T18:05:00Z,163.822657691075,46,100.00019836,0.1356345053007867,0.14405978637771047,0.13563441259829315,B
1.00000191,4.01940772332e-11,2023-02-22T18:05:00Z,163.822657691075,46,100.00019836,0.1356345053007867,0.14405978637771047,0.13563441259829315,B
1.16591668,0.00517373345792,2023-02-22T18:05:00Z,163.822657691075,46,100.00019836,0.1356345053007867,0.14405978637771047,0.13563441259829315,B
1.35935903,5.11505365372,2023-02-22T18:05:00Z,163.822657691075,46,100.00019836,0.1356345053007867,0.14405978637771047,0.13563441259829315,B
1.58489633,8.34589099884,2023-02-22T18:05:00Z,163.822657691075,46,100.00019836,0.1356345053007867,0.14405978637771047,0.13563441259829315,B
1.84785342,0.0973228737712,2023-02-22T18:05:00Z,163.822657691075,46,100.00019836,0.1356345053007867,0.14405978637771047,0.13563441259829315,B
2.15443897,9.27024757402e-6,2023-02-22T18:05:00Z,163.822657691075,46,100.00019836,0.1356345053007867,0.14405978637771047,0.13563441259829315,B
2.51189137,1.77937840243e-12,2023-02-22T18:05:00Z,163.822657691075,46,100.00019836,0.1356345053007867,0.14405978637771047,0.13563441259829315,B
2.92865038,1.8826889283e-24,2023-02-22T18:05:00Z,163.822657691075,46,100.00019836,0.1356345053007867,0.14405978637771047,0.13563441259829315,B
3.41455555,0,2023-02-22T18:05:00Z,163.822657691075,46,100.00019836,0.1356345053007867,0.14405978637771047,0.13563441259829315,B
3.98107958,0,2023-02-22T18:05:00Z,163.822657691075,46,100.00019836,0.1356345053007867,0.14405978637771047,0.13563441259829315,B
4.64159775,0,2023-02-22T18:05:00Z,163.822657691075,46,100.00019836,0.1356345053007867,0.14405978637771047,0.13563441259829315,B
5.41170597,0.00155439518858,2023-02-22T18:05:00Z,163.822657691075,46,100.00019836,0.1356345053007867,0.14405978637771047,0.13563441259829315,B
6.30958605,0.0375624671578,2023-02-22T18:05:00Z,163.822657691075,46,100.00019836,0.1356345053007867,0.14405978637771047,0.13563441259829315,B
7.35643721,0.192266523838,2023-02-22T18:05:00Z,163.822657691075,46,100.00019836,0.1356345053007867,0.14405978637771047,0.13563441259829315,B
8.57697582,0.611144721508,2023-02-22T18:05:00Z,163.822657691075,46,100.00019836,0.1356345053007867,0.14405978637771047,0.13563441259829315,B
10.00002003,1.47843301296,2023-02-22T18:05:00Z,163.822657691075,46,100.00019836,0.1356345053007867,0.14405978637771047,0.13563441259829315,B
11.65916729,2.91908144951,2023-02-22T18:05:00Z,163.822657691075,46,100.00019836,0.1356345053007867,0.14405978637771047,0.13563441259829315,B
13.59359074,4.80638837814,2023-02-22T18:05:00Z,163.822657691075,46,100.00019836,0.1356345053007867,0.14405978637771047,0.13563441259829315,B
15.84896278,6.55694770813,2023-02-22T18:05:00Z,163.822657691075,46,100.00019836,0.1356345053007867,0.14405978637771047,0.13563441259829315,B
18.47853470,7.17041635513,2023-02-22T18:05:00Z,163.822657691075,46,100.00019836,0.1356345053007867,0.14405978637771047,0.13563441259829315,B
21.54438972,5.8106637001,2023-02-22T18:05:00Z,163.822657691075,46,100.00019836,0.1356345053007867,0.14405978637771047,0.13563441259829315,B
25.11891365,2.87022852898,2023-02-22T18:05:00Z,163.822657691075,46,100.00019836,0.1356345053007867,0.14405978637771047,0.13563441259829315,B
29.28650284,0.3961571455,2023-02-22T18:05:00Z,163.822657691075,46,100.00019836,0.1356345053007867,0.14405978637771047,0.13563441259829315,B
34.14555740,0,2023-02-22T18:05:00Z,163.822657691075,46,100.00019836,0.1356345053007867,0.14405978637771047,0.13563441259829315,B
39.81079483,0,2023-02-22T18:05:00Z,163.822657691075,46,100.00019836,0.1356345053007867,0.14405978637771047,0.13563441259829315,B
46.41598129,0,2023-02-22T18:05:00Z,163.822657691075,46,100.00019836,0.1356345053007867,0.14405978637771047,0.13563441259829315,B
54.11705780,0,2023-02-22T18:05:00Z,163.822657691075,46,100.00019836,0.1356345053007867,0.14405978637771047,0.13563441259829315,B
63.09585953,0,2023-02-22T18:05:00Z,163.822657691075,46,100.00019836,0.1356345053007867,0.14405978637771047,0.13563441259829315,B
73.56436920,0,2023-02-22T18:05:00Z,163.822657691075,46,100.00019836,0.1356345053007867,0.14405978637771047,0.13563441259829315,B
85.76976013,0,2023-02-22T18:05:00Z,163.822657691075,46,100.00019836,0.1356345053007867,0.14405978637771047,0.13563441259829315,B
100.00019836,53.5857086182,2023-02-22T18:05:00Z,163.822657691075,46,100.00019836,0.1356345053007867,0.14405978637771047,0.13563441259829315,B
116.59166718,0,2023-02-22T18:05:00Z,163.822657691075,46,100.00019836,0.1356345053007867,0.14405978637771047,0.13563441259829315,B
135.93591309,0,2023-02-22T18:05:00Z,163.822657691075,46,100.00019836,0.1356345053007867,0.14405978637771047,0.13563441259829315,B
158.48962402,0,2023-02-22T18:05:00Z,163.822657691075,46,100.00019836,0.1356345053007867,0.14405978637771047,0.13563441259829315,B
184.78533936,0,2023-02-22T18:05:00Z,163.822657691075,46,100.00019836,0.1356345053007867,0.14405978637771047,0.13563441259829315,B
215.44389343,0,2023-02-22T18:05:00Z,163.822657691075,46,100.00019836,0.1356345053007867,0.14405978637771047,0.13563441259829315,B
251.18913269,0,2023-02-22T18:05:00Z,163.822657691075,46,100.00019836,0.1356345053007867,0.14405978637771047,0.13563441259829315,B
292.86502075,0,2023-02-22T18:05:00Z,163.822657691075,46,100.00019836,0.1356345053007867,0.14405978637771047,0.13563441259829315,B
341.45556641,0,2023-02-22T18:05:00Z,163.822657691075,46,100.00019836,0.1356345053007867,0.14405978637771047,0.13563441259829315,B
398.10794067,0,2023-02-22T18:05:00Z,163.822657691075,46,100.00019836,0.1356345053007867,0.14405978637771047,0.13563441259829315,B
464.15979004,0,2023-02-22T18:05:00Z,163.822657691075,46,100.00019836,0.1356345053007867,0.14405978637771047,0.13563441259829315,B
541.17059326,0,2023-02-22T18:05:00Z,163.822657691075,46,100.00019836,0.1356345053007867,0.14405978637771047,0.13563441259829315,B
630.95855713,0,2023-02-22T18:05:00Z,163.822657691075,46,100.00019836,0.1356345053007867,0.14405978637771047,0.13563441259829315,B
735.64367676,0,2023-02-22T18:05:00Z,163.822657691075,46,100.00019836,0.1356345053007867,0.14405978637771047,0.13563441259829315,B
857.69757080,0,2023-02-22T18:05:00Z,163.822657691075,46,100.00019836,0.1356345053007867,0.14405978637771047,0.13563441259829315,B
1000.00195313,0,2023-02-22T18:05:00Z,163.822657691075,46,100.00019836,0.1356345053007867,0.14405978637771047,0.13563441259829315,B
0.10000020,0,2023-02-22T18:05:01Z,169.94644927976665,42,54.1170578,0.1294738078115,0.17207012295695,0.1294738078115,B
0.11659167,0,2023-02-22T18:05:01Z,169.94644927976665,42,54.1170578,0.1294738078115,0.17207012295695,0.1294738078115,B
0.13593590,0,2023-02-22T18:05:01Z,169.94644927976665,42,54.1170578,0.1294738078115,0.17207012295695,0.1294738078115,B
0.15848963,0,2023-02-22T18:05:01Z,169.94644927976665,42,54.1170578,0.1294738078115,0.17207012295695,0.1294738078115,B
0.18478534,0,2023-02-22T18:05:01Z,169.94644927976665,42,54.1170578,0.1294738078115,0.17207012295695,0.1294738078115,B
0.21544389,0,2023-02-22T18:05:01Z,169.94644927976665,42,54.1170578,0.1294738078115,0.17207012295695,0.1294738078115,B
0.25118914,0,2023-02-22T18:05:01Z,169.94644927976665,42,54.1170578,0.1294738078115,0.17207012295695,0.1294738078115,B
0.29286504,0,2023-02-22T18:05:01Z,169.94644927976665,42,54.1170578,0.1294738078115,0.17207012295695,0.1294738078115,B
0.34145555,0,2023-02-22T18:05:01Z,169.94644927976665,42,54.1170578,0.1294738078115,0.17207012295695,0.1294738078115,B
0.39810795,0,2023-02-22T18:05:01Z,169.94644927976665,42,54.1170578,0.1294738078115,0.17207012295695,0.1294738078115,B
0.46415979,0,2023-02-22T18:05:01Z,169.94644927976665,42,54.1170578,0.1294738078115,0.17207012295695,0.1294738078115,B
0.54117060,0,2023-02-22T18:05:01Z,169.94644927976665,42,54.1170578,0.1294738078115,0.17207012295695,0.1294738078115,B
0.63095856,0,2023-02-22T18:05:01Z,169.94644927976665,42,54.1170578,0.1294738078115,0.17207012295695,0.1294738078115,B
0.73564368,0,2023-02-22T18:05:01Z,169.94644927976665,42,54.1170578,0.1294738078115,0.17207012295695,0.1294738078115,B
0.85769761,0,2023-02-22T18:05:01Z,169.94644927976665,42,54.1170578,0.1294738078115,0.17207012295695,0.1294738078115,B
1.00000191,0,2023-02-22T18:05:01Z,169.94644927976665,42,54.1170578,0.1294738078115,0.17207012295695,0.1294738078115,B
1.16591668,4.830850447e-26,2023-02-22T18:05:01Z,169.94644927976665,42,54.1170578,0.1294738078115,0.17207012295695,0.1294738078115,B
1.35935903,10.8060455322,2023-02-22T18:05:01Z,169.94644927976665,42,54.1170578,0.1294738078115,0.17207012295695,0.1294738078115,B
1.58489633,2.14133524895,2023-02-22T18:05:01Z,169.94644927976665,42,54.1170578,0.1294738078115,0.17207012295695,0.1294738078115,B
1.84785342,8.40878317581e-22,2023-02-22T18:05:01Z,169.94644927976665,42,54.1170578,0.1294738078115,0.17207012295695,0.1294738078115,B
2.15443897,0,2023-02-22T18:05:01Z,169.94644927976665,42,54.1170578,0.1294738078115,0.17207012295695,0.1294738078115,B
2.51189137,0,2023-02-22T18:05:01Z,169.94644927976665,42,54.1170578,0.1294738078115,0.17207012295695,0.1294738078115,B
2.92865038,0,2023-02-22T18:05:01Z,169.94644927976665,42,54.1170578,0.1294738078115,0.17207012295695,0.1294738078115,B
3.41455555,0,2023-02-22T18:05:01Z,169.94644927976665,42,54.1170578,0.1294738078115,0.17207012295695,0.1294738078115,B
3.98107958,0,2023-02-22T18:05:01Z,169.94644927976665,42,54.1170578,0.1294738078115,0.17207012295695,0.1294738078115,B
4.64159775,0,2023-02-22T18:05:01Z,169.94644927976665,42,54.1170578,0.1294738078115,0.17207012295695,0.1294738078115,B
5.41170597,0.179635465145,2023-02-22T18:05:01Z,169.94644927976665,42,54.1170578,0.1294738078115,0.17207012295695,0.1294738078115,B
6.30958605,0.63656026125,2023-02-22T18:05:01Z,169.94644927976665,42,54.1170578,0.1294738078115,0.17207012295695,0.1294738078115,B
7.35643721,1.30708491802,2023-02-22T18:05:01Z,169.94644927976665,42,54.1170578,0.1294738078115,0.17207012295695,0.1294738078115,B
8.57697582,2.13635087013,2023-02-22T18:05:01Z,169.94644927976665,42,54.1170578,0.1294738078115,0.17207012295695,0.1294738078115,B
10.00002003,3.03314232826,2023-02-22T18:05:01Z,169.94644927976665,42,54.1170578,0.1294738078115,0.17207012295695,0.1294738078115,B
11.65916729,3.86629629135,2023-02-22T18:05:01Z,169.94644927976665,42,54.1170578,0.1294738078115,0.17207012295695,0.1294738078115,B
13.59359074,4.4693479538,2023-02-22T18:05:01Z,169.94644927976665,42,54.1170578,0.1294738078115,0.17207012295695,0.1294738078115,B
15.84896278,4.66524505615,2023-02-22T18:05:01Z,169.94644927976665,42,54.1170578,0.1294738078115,0.17207012295695,0.1294738078115,B
18.47853470,4.32046222687,2023-02-22T18:05:01Z,169.94644927976665,42,54.1170578,0.1294738078115,0.17207012295695,0.1294738078115,B
21.54438972,3.41690325737,2023-02-22T18:05:01Z,169.94644927976665,42,54.1170578,0.1294738078115,0.17207012295695,0.1294738078115,B
25.11891365,2.13102126122,2023-02-22T18:05:01Z,169.94644927976665,42,54.1170578,0.1294738078115,0.17207012295695,0.1294738078115,B
29.28650284,0.867472052574,2023-02-22T18:05:01Z,169.94644927976665,42,54.1170578,0.1294738078115,0.17207012295695,0.1294738078115,B
34.14555740,0.158527955413,2023-02-22T18:05:01Z,169.94644927976665,42,54.1170578,0.1294738078115,0.17207012295695,0.1294738078115,B
39.81079483,0.400923609734,2023-02-22T18:05:01Z,169.94644927976665,42,54.1170578,0.1294738078115,0.17207012295695,0.1294738078115,B
46.41598129,2.14832448959,2023-02-22T18:05:01Z,169.94644927976665,42,54.1170578,0.1294738078115,0.17207012295695,0.1294738078115,B
54.11705780,5.69572591782,2023-02-22T18:05:01Z,169.94644927976665,42,54.1170578,0.1294738078115,0.17207012295695,0.1294738078115,B
63.09585953,10.2988815308,2023-02-22T18:05:01Z,169.94644927976665,42,54.1170578,0.1294738078115,0.17207012295695,0.1294738078115,B
73.56436920,14.0196409225,2023-02-22T18:05:01Z,169.94644927976665,42,54.1170578,0.1294738078115,0.17207012295695,0.1294738078115,B
85.76976013,14.2387123108,2023-02-22T18:05:01Z,169.94644927976665,42,54.1170578,0.1294738078115,0.17207012295695,0.1294738078115,B
100.00019836,9.06235980988,2023-02-22T18:05:01Z,169.94644927976665,42,54.1170578,0.1294738078115,0.17207012295695,0.1294738078115,B
116.59166718,0,2023-02-22T18:05:01Z,169.94644927976665,42,54.1170578,0.1294738078115,0.17207012295695,0.1294738078115,B
135.93591309,0,2023-02-22T18:05:01Z,169.94644927976665,42,54.1170578,0.1294738078115,0.17207012295695,0.1294738078115,B
158.48962402,0,2023-02-22T18:05:01Z,169.94644927976665,42,54.1170578,0.1294738078115,0.17207012295695,0.1294738078115,B
184.78533936,0,2023-02-22T18:05:01Z,169.94644927976665,42,54.1170578,0.1294738078115,0.17207012295695,0.1294738078115,B
215.44389343,0,2023-02-22T18:05:01Z,169.94644927976665,42,54.1170578,0.1294738078115,0.17207012295695,0.1294738078115,B
251.18913269,0,2023-02-22T18:05:01Z,169.94644927976665,42,54.1170578,0.1294738078115,0.17207012295695,0.1294738078115,B
292.86502075,0,2023-02-22T18:05:01Z,169.94644927976665,42,54.1170578,0.1294738078115,0.17207012295695,0.1294738078115,B
341.45556641,0,2023-02-22T18:05:01Z,169.94644927976665,42,54.1170578,0.1294738078115,0.17207012295695,0.1294738078115,B
398.10794067,0,2023-02-22T18:05:01Z,169.94644927976665,42,54.1170578,0.1294738078115,0.17207012295695,0.1294738078115,B
464.15979004,0,2023-02-22T18:05:01Z,169.94644927976665,42,54.1170578,0.1294738078115,0.17207012295695,0.1294738078115,B
541.17059326,0,2023-02-22T18:05:01Z,169.94644927976665,42,54.1170578,0.1294738078115,0.17207012295695,0.1294738078115,B
630.95855713,0,2023-02-22T18:05:01Z,169.94644927976665,42,54.1170578,0.1294738078115,0.17207012295695,0.1294738078115,B
735.64367676,0,2023-02-22T18:05:01Z,169.94644927976665,42,54.1170578,0.1294738078115,0.17207012295695,0.1294738078115,B
857.69757080,0,2023-02-22T18:05:01Z,169.94644927976665,42,54.1170578,0.1294738078115,0.17207012295695,0.1294738078115,B
1000.00195313,0,2023-02-22T18:05:01Z,169.94644927976665,42,54.1170578,0.1294738078115,0.17207012295695,0.1294738078115,B
0.10000020,0,2023-02-22T18:05:02Z,155.68765025674168,42,54.1170578,0.119093174468673,0.139864041637603,0.119093174468673,B
0.11659167,0,2023-02-22T18:05:02Z,155.68765025674168,42,54.1170578,0.119093174468673,0.139864041637603,0.119093174468673,B
0.13593590,0,2023-02-22T18:05:02Z,155.68765025674168,42,54.1170578,0.119093174468673,0.139864041637603,0.119093174468673,B
0.15848963,0,2023-02-22T18:05:02Z,155.68765025674168,42,54.1170578,0.119093174468673,0.139864041637603,0.119093174468673,B
0.18478534,0,2023-02-22T18:05:02Z,155.68765025674168,42,54.1170578,0.119093174468673,0.139864041637603,0.119093174468673,B
0.21544389,0,2023-02-22T18:05:02Z,155.68765025674168,42,54.1170578,0.119093174468673,0.139864041637603,0.119093174468673,B
0.25118914,0,2023-02-22T18:05:02Z,155.68765025674168,42,54.1170578,0.119093174468673,0.139864041637603,0.119093174468673,B
0.29286504,0,2023-02-22T18:05:02Z,155.68765025674168,42,54.1170578,0.119093174468673,0.139864041637603,0.119093174468673,B
0.34145555,0,2023-02-22T18:05:02Z,155.68765025674168,42,54.1170578,0.119093174468673,0.139864041637603,0.119093174468673,B
0.39810795,0,2023-02-22T18:05:02Z,155.68765025674168,42,54.1170578,0.119093174468673,0.139864041637603,0.119093174468673,B
0.46415979,0,2023-02-22T18:05:02Z,155.68765025674168,42,54.1170578,0.119093174468673,0.139864041637603,0.119093174468673,B
0.54117060,0,2023-02-22T18:05:02Z,155.68765025674168,42,54.1170578,0.119093174468673,0.139864041637603,0.119093174468673,B
0.63095856,0,2023-02-22T18:05:02Z,155.68765025674168,42,54.1170578,0.119093174468673,0.139864041637603,0.119093174468673,B
0.73564368,0,2023-02-22T18:05:02Z,155.68765025674168,42,54.1170578,0.119093174468673,0.139864041637603,0.119093174468673,B
0.85769761,0,2023-02-22T18:05:02Z,155.68765025674168,42,54.1170578,0.119093174468673,0.139864041637603,0.119093174468673,B
1.00000191,0,2023-02-22T18:05:02Z,155.68765025674168,42,54.1170578,0.119093174468673,0.139864041637603,0.119093174468673,B
1.16591668,0,2023-02-22T18:05:02Z,155.68765025674168,42,54.1170578,0.119093174468673,0.139864041637603,0.119093174468673,B
1.35935903,11.8851070404,2023-02-22T18:05:02Z,155.68765025674168,42,54.1170578,0.119093174468673,0.139864041637603,0.119093174468673,B
1.58489633,0.0242104064673,2023-02-22T18:05:02Z,155.68765025674168,42,54.1170578,0.119093174468673,0.139864041637603,0.119093174468673,B
1.84785342,0,2023-02-22T18:05:02Z,155.68765025674168,42,54.1170578,0.119093174468673,0.139864041637603,0.119093174468673,B
2.15443897,0,2023-02-22T18:05:02Z,155.68765025674168,42,54.1170578,0.119093174468673,0.139864041637603,0.119093174468673,B
2.51189137,0,2023-02-22T18:05:02Z,155.68765025674168,42,54.1170578,0.119093174468673,0.139864041637603,0.119093174468673,B
2.92865038,0,2023-02-22T18:05:02Z,155.68765025674168,42,54.1170578,0.119093174468673,0.139864041637603,0.119093174468673,B
3.41455555,0,2023-02-22T18:05:02Z,155.68765025674168,42,54.1170578,0.119093174468673,0.139864041637603,0.119093174468673,B
3.98107958,0,2023-02-22T18:05:02Z,155.68765025674168,42,54.1170578,0.119093174468673,0.139864041637603,0.119093174468673,B
4.64159775,0,2023-02-22T18:05:02Z,155.68765025674168,42,54.1170578,0.119093174468673,0.139864041637603,0.119093174468673,B
5.41170597,0,2023-02-22T18:05:02Z,155.68765025674168,42,54.1170578,0.119093174468673,0.139864041637603,0.119093174468673,B
6.30958605,0.170014709234,2023-02-22T18:05:02Z,155.68765025674168,42,54.1170578,0.119093174468673,0.139864041637603,0.119093174468673,B
7.35643721,0.628325045109,2023-02-22T18:05:02Z,155.68765025674168,42,54.1170578,0.119093174468673,0.139864041637603,0.119093174468673,B
8.57697582,1.27874696255,2023-02-22T18:05:02Z,155.68765025674168,42,54.1170578,0.119093174468673,0.139864041637603,0.119093174468673,B
10.00002003,2.08134627342,2023-02-22T18:05:02Z,155.68765025674168,42,54.1170578,0.119093174468673,0.139864041637603,0.119093174468673,B
11.65916729,2.95435905457,2023-02-22T18:05:02Z,155.68765025674168,42,54.1170578,0.119093174468673,0.139864041637603,0.119093174468673,B
13.59359074,3.76467061043,2023-02-22T18:05:02Z,155.68765025674168,42,54.1170578,0.119093174468673,0.139864041637603,0.119093174468673,B
15.84896278,4.33405160904,2023-02-22T18:05:02Z,155.68765025674168,42,54.1170578,0.119093174468673,0.139864041637603,0.119093174468673,B
18.47853470,4.48074388504,2023-02-22T18:05:02Z,155.68765025674168,42,54.1170578,0.119093174468673,0.139864041637603,0.119093174468673,B
21.54438972,4.09281826019,2023-02-22T18:05:02Z,155.68765025674168,42,54.1170578,0.119093174468673,0.139864041637603,0.119093174468673,B
25.11891365,3.22510743141,2023-02-22T18:05:02Z,155.68765025674168,42,54.1170578,0.119093174468673,0.139864041637603,0.119093174468673,B
29.28650284,2.17001223564,2023-02-22T18:05:02Z,155.68765025674168,42,54.1170578,0.119093174468673,0.139864041637603,0.119093174468673,B
34.14555740,1.42555034161,2023-02-22T18:05:02Z,155.68765025674168,42,54.1170578,0.119093174468673,0.139864041637603,0.119093174468673,B
39.81079483,1.54792058468,2023-02-22T18:05:02Z,155.68765025674168,42,54.1170578,0.119093174468673,0.139864041637603,0.119093174468673,B
46.41598129,3.0586373806,2023-02-22T18:05:02Z,155.68765025674168,42,54.1170578,0.119093174468673,0.139864041637603,0.119093174468673,B
54.11705780,6.19906330109,2023-02-22T18:05:02Z,155.68765025674168,42,54.1170578,0.119093174468673,0.139864041637603,0.119093174468673,B
63.09585953,10.3486890793,2023-02-22T18:05:02Z,155.68765025674168,42,54.1170578,0.119093174468673,0.139864041637603,0.119093174468673,B
73.56436920,13.7251634598,2023-02-22T18:05:02Z,155.68765025674168,42,54.1170578,0.119093174468673,0.139864041637603,0.119093174468673,B
85.76976013,13.8242635727,2023-02-22T18:05:02Z,155.68765025674168,42,54.1170578,0.119093174468673,0.139864041637603,0.119093174468673,B
100.00019836,8.781208992,2023-02-22T18:05:02Z,155.68765025674168,42,54.1170578,0.119093174468673,0.139864041637603,0.119093174468673,B
116.59166718,0,2023-02-22T18:05:02Z,155.68765025674168,42,54.1170578,0.119093174468673,0.139864041637603,0.119093174468673,B
135.93591309,0,2023-02-22T18:05:02Z,155.68765025674168,42,54.1170578,0.119093174468673,0.139864041637603,0.119093174468673,B
158.48962402,0,2023-02-22T18:05:02Z,155.68765025674168,42,54.1170578,0.119093174468673,0.139864041637603,0.119093174468673,B
184.78533936,0,2023-02-22T18:05:02Z,155.68765025674168,42,54.1170578,0.119093174468673,0.139864041637603,0.119093174468673,B
215.44389343,0,2023-02-22T18:05:02Z,155.68765025674168,42,54.1170578,0.119093174468673,0.139864041637603,0.119093174468673,B
251.18913269,0,2023-02-22T18:05:02Z,155.68765025674168,42,54.1170578,0.119093174468673,0.139864041637603,0.119093174468673,B
292.86502075,0,2023-02-22T18:05:02Z,155.68765025674168,42,54.1170578,0.119093174468673,0.139864041637603,0.119093174468673,B
341.45556641,0,2023-02-22T18:05:02Z,155.68765025674168,42,54.1170578,0.119093174468673,0.139864041637603,0.119093174468673,B
398.10794067,0,2023-02-22T18:05:02Z,155.68765025674168,42,54.1170578,0.119093174468673,0.139864041637603,0.119093174468673,B
464.15979004,0,2023-02-22T18:05:02Z,155.68765025674168,42,54.1170578,0.119093174468673,0.139864041637603,0.119093174468673,B
541.17059326,0,2023-02-22T18:05:02Z,155.68765025674168,42,54.1170578,0.119093174468673,0.139864041637603,0.119093174468673,B
630.95855713,0,2023-02-22T18:05:02Z,155.68765025674168,42,54.1170578,0.119093174468673,0.139864041637603,0.119093174468673,B
735.64367676,0,2023-02-22T18:05:02Z,155.68765025674168,42,54.1170578,0.119093174468673,0.139864041637603,0.119093174468673,B
857.69757080,0,2023-02-22T18:05:02Z,155.68765025674168,42,54.1170578,0.119093174468673,0.139864041637603,0.119093174468673,B
1000.00195313,0,2023-02-22T18:05:02Z,155.68765025674168,42,54.1170578,0.119093174468673,0.139864041637603,0.119093174468673,B
0.10000020,0,2023-02-22T18:05:03Z,170.36600282456666,39,34.1455574,0.13961209661494237,0.1674182321985854,0.1395090645597743,B
0.11659167,0,2023-02-22T18:05:03Z,170.36600282456666,39,34.1455574,0.13961209661494237,0.1674182321985854,0.1395090645597743,B
0.13593590,0,2023-02-22T18:05:03Z,170.36600282456666,39,34.1455574,0.13961209661494237,0.1674182321985854,0.1395090645597743,B
0.15848963,0,2023-02-22T18:05:03Z,170.36600282456666,39,34.1455574,0.13961209661494237,0.1674182321985854,0.1395090645597743,B
0.18478534,0,2023-02-22T18:05:03Z,170.36600282456666,39,34.1455574,0.13961209661494237,0.1674182321985854,0.1395090645597743,B
0.21544389,0,2023-02-22T18:05:03Z,170.36600282456666,39,34.1455574,0.13961209661494237,0.1674182321985854,0.1395090645597743,B
0.25118914,0,2023-02-22T18:05:03Z,170.36600282456666,39,34.1455574,0.13961209661494237,0.1674182321985854,0.1395090645597743,B
0.29286504,0,2023-02-22T18:05:03Z,170.36600282456666,39,34.1455574,0.13961209661494237,0.1674182321985854,0.1395090645597743,B
0.34145555,0,2023-02-22T18:05:03Z,170.36600282456666,39,34.1455574,0.13961209661494237,0.1674182321985854,0.1395090645597743,B
0.39810795,0,2023-02-22T18:05:03Z,170.36600282456666,39,34.1455574,0.13961209661494237,0.1674182321985854,0.1395090645597743,B
0.46415979,0,2023-02-22T18:05:03Z,170.36600282456666,39,34.1455574,0.13961209661494237,0.1674182321985854,0.1395090645597743,B
0.54117060,0,2023-02-22T18:05:03Z,170.36600282456666,39,34.1455574,0.13961209661494237,0.1674182321985854,0.1395090645597743,B
0.63095856,0,2023-02-22T18:05:03Z,170.36600282456666,39,34.1455574,0.13961209661494237,0.1674182321985854,0.1395090645597743,B
0.73564368,0,2023-02-22T18:05:03Z,170.36600282456666,39,34.1455574,0.13961209661494237,0.1674182321985854,0.1395090645597743,B
0.85769761,0,2023-02-22T18:05:03Z,170.36600282456666,39,34.1455574,0.13961209661494237,0.1674182321985854,0.1395090645597743,B
1.00000191,0.00534629868343,2023-02-22T18:05:03Z,170.36600282456666,39,34.1455574,0.13961209661494237,0.1674182321985854,0.1395090645597743,B
1.16591668,1.50943660736,2023-02-22T18:05:03Z,170.36600282456666,39,34.1455574,0.13961209661494237,0.1674182321985854,0.1395090645597743,B
1.35935903,7.62407541275,2023-02-22T18:05:03Z,170.36600282456666,39,34.1455574,0.13961209661494237,0.1674182321985854,0.1395090645597743,B
1.58489633,4.34427452087,2023-02-22T18:05:03Z,170.36600282456666,39,34.1455574,0.13961209661494237,0.1674182321985854,0.1395090645597743,B
1.84785342,0.467773616314,2023-02-22T18:05:03Z,170.36600282456666,39,34.1455574,0.13961209661494237,0.1674182321985854,0.1395090645597743,B
2.15443897,0.0102727003396,2023-02-22T18:05:03Z,170.36600282456666,39,34.1455574,0.13961209661494237,0.1674182321985854,0.1395090645597743,B
2.51189137,3.0502980735e-5,2023-02-22T18:05:03Z,170.36600282456666,39,34.1455574,0.13961209661494237,0.1674182321985854,0.1395090645597743,B
2.92865038,2.19647233735e-9,2023-02-22T18:05:03Z,170.36600282456666,39,34.1455574,0.13961209661494237,0.1674182321985854,0.1395090645597743,B
3.41455555,5.33913228044e-22,2023-02-22T18:05:03Z,170.36600282456666,39,34.1455574,0.13961209661494237,0.1674182321985854,0.1395090645597743,B
3.98107958,0,2023-02-22T18:05:03Z,170.36600282456666,39,34.1455574,0.13961209661494237,0.1674182321985854,0.1395090645597743,B
4.64159775,0,2023-02-22T18:05:03Z,170.36600282456666,39,34.1455574,0.13961209661494237,0.1674182321985854,0.1395090645597743,B
5.41170597,0.0232519377023,2023-02-22T18:05:03Z,170.36600282456666,39,34.1455574,0.13961209661494237,0.1674182321985854,0.1395090645597743,B
6.30958605,0.327553242445,2023-02-22T18:05:03Z,170.36600282456666,39,34.1455574,0.13961209661494237,0.1674182321985854,0.1395090645597743,B
7.35643721,0.852660298347,2023-02-22T18:05:03Z,170.36600282456666,39,34.1455574,0.13961209661494237,0.1674182321985854,0.1395090645597743,B
8.57697582,1.57714807987,2023-02-22T18:05:03Z,170.36600282456666,39,34.1455574,0.13961209661494237,0.1674182321985854,0.1395090645597743,B
10.00002003,2.46021533012,2023-02-22T18:05:03Z,170.36600282456666,39,34.1455574,0.13961209661494237,0.1674182321985854,0.1395090645597743,B
11.65916729,3.4197807312,2023-02-22T18:05:03Z,170.36600282456666,39,34.1455574,0.13961209661494237,0.1674182321985854,0.1395090645597743,B
13.59359074,4.32354831696,2023-02-22T18:05:03Z,170.36600282456666,39,34.1455574,0.13961209661494237,0.1674182321985854,0.1395090645597743,B
15.84896278,4.99061393738,2023-02-22T18:05:03Z,170.36600282456666,39,34.1455574,0.13961209661494237,0.1674182321985854,0.1395090645597743,B
18.47853470,5.22874832153,2023-02-22T18:05:03Z,170.36600282456666,39,34.1455574,0.13961209661494237,0.1674182321985854,0.1395090645597743,B
21.54438972,4.9069981575,2023-02-22T18:05:03Z,170.36600282456666,39,34.1455574,0.13961209661494237,0.1674182321985854,0.1395090645597743,B
25.11891365,4.05524253845,2023-02-22T18:05:03Z,170.36600282456666,39,34.1455574,0.13961209661494237,0.1674182321985854,0.1395090645597743,B
29.28650284,2.93798542023,2023-02-22T18:05:03Z,170.36600282456666,39,34.1455574,0.13961209661494237,0.1674182321985854,0.1395090645597743,B
34.14555740,2.02351975441,2023-02-22T18:05:03Z,170.36600282456666,39,34.1455574,0.13961209661494237,0.1674182321985854,0.1395090645597743,B
39.81079483,1.82799839973,2023-02-22T18:05:03Z,170.36600282456666,39,34.1455574,0.13961209661494237,0.1674182321985854,0.1395090645597743,B
46.41598129,2.80342030525,2023-02-22T18:05:03Z,170.36600282456666,39,34.1455574,0.13961209661494237,0.1674182321985854,0.1395090645597743,B
54.11705780,5.21587228775,2023-02-22T18:05:03Z,170.36600282456666,39,34.1455574,0.13961209661494237,0.1674182321985854,0.1395090645597743,B
63.09585953,8.64083957672,2023-02-22T18:05:03Z,170.36600282456666,39,34.1455574,0.13961209661494237,0.1674182321985854,0.1395090645597743,B
73.56436920,11.5448274612,2023-02-22T18:05:03Z,170.36600282456666,39,34.1455574,0.13961209661494237,0.1674182321985854,0.1395090645597743,B
85.76976013,11.6378517151,2023-02-22T18:05:03Z,170.36600282456666,39,34.1455574,0.13961209661494237,0.1674182321985854,0.1395090645597743,B
100.00019836,7.24071407318,2023-02-22T18:05:03Z,170.36600282456666,39,34.1455574,0.13961209661494237,0.1674182321985854,0.1395090645597743,B
116.59166718,0,2023-02-22T18:05:03Z,170.36600282456666,39,34.1455574,0.13961209661494237,0.1674182321985854,0.1395090645597743,B
135.93591309,0,2023-02-22T18:05:03Z,170.36600282456666,39,34.1455574,0.13961209661494237,0.1674182321985854,0.1395090645597743,B
158.48962402,0,2023-02-22T18:05:03Z,170.36600282456666,39,34.1455574,0.13961209661494237,0.1674182321985854,0.1395090645597743,B
184.78533936,0,2023-02-22T18:05:03Z,170.36600282456666,39,34.1455574,0.13961209661494237,0.1674182321985854,0.1395090645597743,B
215.44389343,0,2023-02-22T18:05:03Z,170.36600282456666,39,34.1455574,0.13961209661494237,0.1674182321985854,0.1395090645597743,B
251.18913269,0,2023-02-22T18:05:03Z,170.36600282456666,39,34.1455574,0.13961209661494237,0.1674182321985854,0.1395090645597743,B
292.86502075,0,2023-02-22T18:05:03Z,170.36600282456666,39,34.1455574,0.13961209661494237,0.1674182321985854,0.1395090645597743,B
341.45556641,0,2023-02-22T18:05:03Z,170.36600282456666,39,34.1455574,0.13961209661494237,0.1674182321985854,0.1395090645597743,B
398.10794067,0,2023-02-22T18:05:03Z,170.36600282456666,39,34.1455574,0.13961209661494237,0.1674182321985854,0.1395090645597743,B
464.15979004,0,2023-02-22T18:05:03Z,170.36600282456666,39,34.1455574,0.13961209661494237,0.1674182321985854,0.1395090645597743,B
541.17059326,0,2023-02-22T18:05:03Z,170.36600282456666,39,34.1455574,0.13961209661494237,0.1674182321985854,0.1395090645597743,B
630.95855713,0,2023-02-22T18:05:03Z,170.36600282456666,39,34.1455574,0.13961209661494237,0.1674182321985854,0.1395090645597743,B
735.64367676,0,2023-02-22T18:05:03Z,170.36600282456666,39,34.1455574,0.13961209661494237,0.1674182321985854,0.1395090645597743,B
857.69757080,0,2023-02-22T18:05:03Z,170.36600282456666,39,34.1455574,0.13961209661494237,0.1674182321985854,0.1395090645597743,B
1000.00195313,0,2023-02-22T18:05:03Z,170.36600282456666,39,34.1455574,0.13961209661494237,0.1674182321985854,0.1395090645597743,B
0.10000020,0,2023-02-22T18:05:04Z,185.13407219788888,41,46.41598129,0.14435020194884016,0.17375370190976014,0.1442922712723823,B
0.11659167,0,2023-02-22T18:05:04Z,185.13407219788888,41,46.41598129,0.14435020194884016,0.17375370190976014,0.1442922712723823,B
0.13593590,0,2023-02-22T18:05:04Z,185.13407219788888,41,46.41598129,0.14435020194884016,0.17375370190976014,0.1442922712723823,B
0.15848963,0,2023-02-22T18:05:04Z,185.13407219788888,41,46.41598129,0.14435020194884016,0.17375370190976014,0.1442922712723823,B
0.18478534,0,2023-02-22T18:05:04Z,185.13407219788888,41,46.41598129,0.14435020194884016,0.17375370190976014,0.1442922712723823,B
0.21544389,0,2023-02-22T18:05:04Z,185.13407219788888,41,46.41598129,0.14435020194884016,0.17375370190976014,0.1442922712723823,B
0.25118914,0,2023-02-22T18:05:04Z,185.13407219788888,41,46.41598129,0.14435020194884016,0.17375370190976014,0.1442922712723823,B
0.29286504,0,2023-02-22T18:05:04Z,185.13407219788888,41,46.41598129,0.14435020194884016,0.17375370190976014,0.1442922712723823,B
0.34145555,0,2023-02-22T18:05:04Z,185.13407219788888,41,46.41598129,0.14435020194884016,0.17375370190976014,0.1442922712723823,B
0.39810795,0,2023-02-22T18:05:04Z,185.13407219788888,41,46.41598129,0.14435020194884016,0.17375370190976014,0.1442922712723823,B
0.46415979,0,2023-02-22T18:05:04Z,185.13407219788888,41,46.41598129,0.14435020194884016,0.17375370190976014,0.1442922712723823,B
0.54117060,0,2023-02-22T18:05:04Z,185.13407219788888,41,46.41598129,0.14435020194884016,0.17375370190976014,0.1442922712723823,B
0.63095856,0,2023-02-22T18:05:04Z,185.13407219788888,41,46.41598129,0.14435020194884016,0.17375370190976014,0.1442922712723823,B
0.73564368,0,2023-02-22T18:05:04Z,185.13407219788888,41,46.41598129,0.14435020194884016,0.17375370190976014,0.1442922712723823,B
0.85769761,0,2023-02-22T18:05:04Z,185.13407219788888,41,46.41598129,0.14435020194884016,0.17375370190976014,0.1442922712723823,B
1.00000191,0.00525297084823,2023-02-22T18:05:04Z,185.13407219788888,41,46.41598129,0.14435020194884016,0.17375370190976014,0.1442922712723823,B
1.16591668,1.70564389229,2023-02-22T18:05:04Z,185.13407219788888,41,46.41598129,0.14435020194884016,0.17375370190976014,0.1442922712723823,B
1.35935903,8.25781154633,2023-02-22T18:05:04Z,185.13407219788888,41,46.41598129,0.14435020194884016,0.17375370190976014,0.1442922712723823,B
1.58489633,4.10369586945,2023-02-22T18:05:04Z,185.13407219788888,41,46.41598129,0.14435020194884016,0.17375370190976014,0.1442922712723823,B
1.84785342,0.35682284832,2023-02-22T18:05:04Z,185.13407219788888,41,46.41598129,0.14435020194884016,0.17375370190976014,0.1442922712723823,B
2.15443897,0.00578218372539,2023-02-22T18:05:04Z,185.13407219788888,41,46.41598129,0.14435020194884016,0.17375370190976014,0.1442922712723823,B
2.51189137,1.08836020445e-5,2023-02-22T18:05:04Z,185.13407219788888,41,46.41598129,0.14435020194884016,0.17375370190976014,0.1442922712723823,B
2.92865038,3.18350262818e-10,2023-02-22T18:05:04Z,185.13407219788888,41,46.41598129,0.14435020194884016,0.17375370190976014,0.1442922712723823,B
3.41455555,1.08157543786e-32,2023-02-22T18:05:04Z,185.13407219788888,41,46.41598129,0.14435020194884016,0.17375370190976014,0.1442922712723823,B
3.98107958,0,2023-02-22T18:05:04Z,185.13407219788888,41,46.41598129,0.14435020194884016,0.17375370190976014,0.1442922712723823,B
4.64159775,0,2023-02-22T18:05:04Z,185.13407219788888,41,46.41598129,0.14435020194884016,0.17375370190976014,0.1442922712723823,B
5.41170597,0,2023-02-22T18:05:04Z,185.13407219788888,41,46.41598129,0.14435020194884016,0.17375370190976014,0.1442922712723823,B
6.30958605,0.328602850437,2023-02-22T18:05:04Z,185.13407219788888,41,46.41598129,0.14435020194884016,0.17375370190976014,0.1442922712723823,B
7.35643721,0.915870428085,2023-02-22T18:05:04Z,185.13407219788888,41,46.41598129,0.14435020194884016,0.17375370190976014,0.1442922712723823,B
8.57697582,1.69587671757,2023-02-22T18:05:04Z,185.13407219788888,41,46.41598129,0.14435020194884016,0.17375370190976014,0.1442922712723823,B
10.00002003,2.60034275055,2023-02-22T18:05:04Z,185.13407219788888,41,46.41598129,0.14435020194884016,0.17375370190976014,0.1442922712723823,B
11.65916729,3.51829600334,2023-02-22T18:05:04Z,185.13407219788888,41,46.41598129,0.14435020194884016,0.17375370190976014,0.1442922712723823,B
13.59359074,4.2931432724,2023-02-22T18:05:04Z,185.13407219788888,41,46.41598129,0.14435020194884016,0.17375370190976014,0.1442922712723823,B
15.84896278,4.73702383041,2023-02-22T18:05:04Z,185.13407219788888,41,46.41598129,0.14435020194884016,0.17375370190976014,0.1442922712723823,B
18.47853470,4.67949771881,2023-02-22T18:05:04Z,185.13407219788888,41,46.41598129,0.14435020194884016,0.17375370190976014,0.1442922712723823,B
21.54438972,4.04262638092,2023-02-22T18:05:04Z,185.13407219788888,41,46.41598129,0.14435020194884016,0.17375370190976014,0.1442922712723823,B
25.11891365,2.93235063553,2023-02-22T18:05:04Z,185.13407219788888,41,46.41598129,0.14435020194884016,0.17375370190976014,0.1442922712723823,B
29.28650284,1.69361209869,2023-02-22T18:05:04Z,185.13407219788888,41,46.41598129,0.14435020194884016,0.17375370190976014,0.1442922712723823,B
34.14555740,0.848855435848,2023-02-22T18:05:04Z,185.13407219788888,41,46.41598129,0.14435020194884016,0.17375370190976014,0.1442922712723823,B
39.81079483,0.91212028265,2023-02-22T18:05:04Z,185.13407219788888,41,46.41598129,0.14435020194884016,0.17375370190976014,0.1442922712723823,B
46.41598129,2.37254357338,2023-02-22T18:05:04Z,185.13407219788888,41,46.41598129,0.14435020194884016,0.17375370190976014,0.1442922712723823,B
54.11705780,5.4934630394,2023-02-22T18:05:04Z,185.13407219788888,41,46.41598129,0.14435020194884016,0.17375370190976014,0.1442922712723823,B
63.09585953,9.65283966064,2023-02-22T18:05:04Z,185.13407219788888,41,46.41598129,0.14435020194884016,0.17375370190976014,0.1442922712723823,B
73.56436920,13.075799942,2023-02-22T18:05:04Z,185.13407219788888,41,46.41598129,0.14435020194884016,0.17375370190976014,0.1442922712723823,B
85.76976013,13.2935256958,2023-02-22T18:05:04Z,185.13407219788888,41,46.41598129,0.14435020194884016,0.17375370190976014,0.1442922712723823,B
100.00019836,8.4785785675,2023-02-22T18:05:04Z,185.13407219788888,41,46.41598129,0.14435020194884016,0.17375370190976014,0.1442922712723823,B
116.59166718,0,2023-02-22T18:05:04Z,185.13407219788888,41,46.41598129,0.14435020194884016,0.17375370190976014,0.1442922712723823,B
135.93591309,0,2023-02-22T18:05:04Z,185.13407219788888,41,46.41598129,0.14435020194884016,0.17375370190976014,0.1442922712723823,B
158.48962402,0,2023-02-22T18:05:04Z,185.13407219788888,41,46.41598129,0.14435020194884016,0.17375370190976014,0.1442922712723823,B
184.78533936,0,2023-02-22T18:05:04Z,185.13407219788888,41,46.41598129,0.14435020194884016,0.17375370190976014,0.1442922712723823,B
215.44389343,0,2023-02-22T18:05:04Z,185.13407219788888,41,46.41598129,0.14435020194884016,0.17375370190976014,0.1442922712723823,B
251.18913269,0,2023-02-22T18:05:04Z,185.13407219788888,41,46.41598129,0.14435020194884016,0.17375370190976014,0.1442922712723823,B
292.86502075,0,2023-02-22T18:05:04Z,185.13407219788888,41,46.41598129,0.14435020194884016,0.17375370190976014,0.1442922712723823,B
341.45556641,0,2023-02-22T18:05:04Z,185.13407219788888,41,46.41598129,0.14435020194884016,0.17375370190976014,0.1442922712723823,B
398.10794067,0,2023-02-22T18:05:04Z,185.13407219788888,41,46.41598129,0.14435020194884016,0.17375370190976014,0.1442922712723823,B
464.15979004,0,2023-02-22T18:05:04Z,185.13407219788888,41,46.41598129,0.14435020194884016,0.17375370190976014,0.1442922712723823,B
541.17059326,0,2023-02-22T18:05:04Z,185.13407219788888,41,46.41598129,0.14435020194884016,0.17375370190976014,0.1442922712723823,B
630.95855713,0,2023-02-22T18:05:04Z,185.13407219788888,41,46.41598129,0.14435020194884016,0.17375370190976014,0.1442922712723823,B
735.64367676,0,2023-02-22T18:05:04Z,185.13407219788888,41,46.41598129,0.14435020194884016,0.17375370190976014,0.1442922712723823,B
857.69757080,0,2023-02-22T18:05:04Z,185.13407219788888,41,46.41598129,0.14435020194884016,0.17375370190976014,0.1442922712723823,B
1000.00195313,0,2023-02-22T18:05:04Z,185.13407219788888,41,46.41598129,0.14435020194884016,0.17375370190976014,0.1442922712723823,B
0.10000020,0,2023-02-22T18:05:05Z,164.43744998510556,46,100.00019836,0.1310123583750824,0.13133977142697356,0.1310123583750824,B
0.11659167,0,2023-02-22T18:05:05Z,164.43744998510556,46,100.00019836,0.1310123583750824,0.13133977142697356,0.1310123583750824,B
0.13593590,0,2023-02-22T18:05:05Z,164.43744998510556,46,100.00019836,0.1310123583750824,0.13133977142697356,0.1310123583750824,B
0.15848963,0,2023-02-22T18:05:05Z,164.43744998510556,46,100.00019836,0.1310123583750824,0.13133977142697356,0.1310123583750824,B
0.18478534,0,2023-02-22T18:05:05Z,164.43744998510556,46,100.00019836,0.1310123583750824,0.13133977142697356,0.1310123583750824,B
0.21544389,0,2023-02-22T18:05:05Z,164.43744998510556,46,100.00019836,0.1310123583750824,0.13133977142697356,0.1310123583750824,B
0.25118914,0,2023-02-22T18:05:05Z,164.43744998510556,46,100.00019836,0.1310123583750824,0.13133977142697356,0.1310123583750824,B
0.29286504,0,2023-02-22T18:05:05Z,164.43744998510556,46,100.00019836,0.1310123583750824,0.13133977142697356,0.1310123583750824,B
0.34145555,0,2023-02-22T18:05:05Z,164.43744998510556,46,100.00019836,0.1310123583750824,0.13133977142697356,0.1310123583750824,B
0.39810795,0,2023-02-22T18:05:05Z,164.43744998510556,46,100.00019836,0.1310123583750824,0.13133977142697356,0.1310123583750824,B
0.46415979,0,2023-02-22T18:05:05Z,164.43744998510556,46,100.00019836,0.1310123583750824,0.13133977142697356,0.1310123583750824,B
0.54117060,0,2023-02-22T18:05:05Z,164.43744998510556,46,100.00019836,0.1310123583750824,0.13133977142697356,0.1310123583750824,B
0.63095856,0,2023-02-22T18:05:05Z,164.43744998510556,46,100.00019836,0.1310123583750824,0.13133977142697356,0.1310123583750824,B
0.73564368,0,2023-02-22T18:05:05Z,164.43744998510556,46,100.00019836,0.1310123583750824,0.13133977142697356,0.1310123583750824,B
0.85769761,0,2023-02-22T18:05:05Z,164.43744998510556,46,100.00019836,0.1310123583750824,0.13133977142697356,0.1310123583750824,B
1.00000191,2.42706474001e-29,2023-02-22T18:05:05Z,164.43744998510556,46,100.00019836,0.1310123583750824,0.13133977142697356,0.1310123583750824,B
1.16591668,1.42290119243e-7,2023-02-22T18:05:05Z,164.43744998510556,46,100.00019836,0.1310123583750824,0.13133977142697356,0.1310123583750824,B
1.35935903,6.39477443695,2023-02-22T18:05:05Z,164.43744998510556,46,100.00019836,0.1310123583750824,0.13133977142697356,0.1310123583750824,B
1.58489633,6.70645236969,2023-02-22T18:05:05Z,164.43744998510556,46,100.00019836,0.1310123583750824,0.13133977142697356,0.1310123583750824,B
1.84785342,8.88857812242e-6,2023-02-22T18:05:05Z,164.43744998510556,46,100.00019836,0.1310123583750824,0.13133977142697356,0.1310123583750824,B
2.15443897,1.55408211945e-17,2023-02-22T18:05:05Z,164.43744998510556,46,100.00019836,0.1310123583750824,0.13133977142697356,0.1310123583750824,B
2.51189137,1.8564303404e-37,2023-02-22T18:05:05Z,164.43744998510556,46,100.00019836,0.1310123583750824,0.13133977142697356,0.1310123583750824,B
2.92865038,0,2023-02-22T18:05:05Z,164.43744998510556,46,100.00019836,0.1310123583750824,0.13133977142697356,0.1310123583750824,B
3.41455555,0,2023-02-22T18:05:05Z,164.43744998510556,46,100.00019836,0.1310123583750824,0.13133977142697356,0.1310123583750824,B
3.98107958,0,2023-02-22T18:05:05Z,164.43744998510556,46,100.00019836,0.1310123583750824,0.13133977142697356,0.1310123583750824,B
4.64159775,0,2023-02-22T18:05:05Z,164.43744998510556,46,100.00019836,0.1310123583750824,0.13133977142697356,0.1310123583750824,B
5.41170597,0,2023-02-22T18:05:05Z,164.43744998510556,46,100.00019836,0.1310123583750824,0.13133977142697356,0.1310123583750824,B
6.30958605,6.7811961344e-6,2023-02-22T18:05:05Z,164.43744998510556,46,100.00019836,0.1310123583750824,0.13133977142697356,0.1310123583750824,B
7.35643721,0.00203681690618,2023-02-22T18:05:05Z,164.43744998510556,46,100.00019836,0.1310123583750824,0.13133977142697356,0.1310123583750824,B
8.57697582,0.0306977070868,2023-02-22T18:05:05Z,164.43744998510556,46,100.00019836,0.1310123583750824,0.13133977142697356,0.1310123583750824,B
10.00002003,0.208466678858,2023-02-22T18:05:05Z,164.43744998510556,46,100.00019836,0.1310123583750824,0.13133977142697356,0.1310123583750824,B
11.65916729,0.8942232728,2023-02-22T18:05:05Z,164.43744998510556,46,100.00019836,0.1310123583750824,0.13133977142697356,0.1310123583750824,B
13.59359074,2.67740035057,2023-02-22T18:05:05Z,164.43744998510556,46,100.00019836,0.1310123583750824,0.13133977142697356,0.1310123583750824,B
15.84896278,5.68807411194,2023-02-22T18:05:05Z,164.43744998510556,46,100.00019836,0.1310123583750824,0.13133977142697356,0.1310123583750824,B
18.47853470,8.26965904236,2023-02-22T18:05:05Z,164.43744998510556,46,100.00019836,0.1310123583750824,0.13133977142697356,0.1310123583750824,B
21.54438972,7.41190099716,2023-02-22T18:05:05Z,164.43744998510556,46,100.00019836,0.1310123583750824,0.13133977142697356,0.1310123583750824,B
25.11891365,3.19588065147,2023-02-22T18:05:05Z,164.43744998510556,46,100.00019836,0.1310123583750824,0.13133977142697356,0.1310123583750824,B
29.28650284,0.314322412014,2023-02-22T18:05:05Z,164.43744998510556,46,100.00019836,0.1310123583750824,0.13133977142697356,0.1310123583750824,B
34.14555740,0,2023-02-22T18:05:05Z,164.43744998510556,46,100.00019836,0.1310123583750824,0.13133977142697356,0.1310123583750824,B
39.81079483,0,2023-02-22T18:05:05Z,164.43744998510556,46,100.00019836,0.1310123583750824,0.13133977142697356,0.1310123583750824,B
46.41598129,0,2023-02-22T18:05:05Z,164.43744998510556,46,100.00019836,0.1310123583750824,0.13133977142697356,0.1310123583750824,B
54.11705780,0,2023-02-22T18:05:05Z,164.43744998510556,46,100.00019836,0.1310123583750824,0.13133977142697356,0.1310123583750824,B
63.09585953,0,2023-02-22T18:05:05Z,164.43744998510556,46,100.00019836,0.1310123583750824,0.13133977142697356,0.1310123583750824,B
73.56436920,0,2023-02-22T18:05:05Z,164.43744998510556,46,100.00019836,0.1310123583750824,0.13133977142697356,0.1310123583750824,B
85.76976013,0,2023-02-22T18:05:05Z,164.43744998510556,46,100.00019836,0.1310123583750824,0.13133977142697356,0.1310123583750824,B
100.00019836,58.2060928345,2023-02-22T18:05:05Z,164.43744998510556,46,100.00019836,0.1310123583750824,0.13133977142697356,0.1310123583750824,B
116.59166718,0,2023-02-22T18:05:05Z,164.43744998510556,46,100.00019836,0.1310123583750824,0.13133977142697356,0.1310123583750824,B
135.93591309,0,2023-02-22T18:05:05Z,164.43744998510556,46,100.00019836,0.1310123583750824,0.13133977142697356,0.1310123583750824,B
158.48962402,0,2023-02-22T18:05:05Z,164.43744998510556,46,100.00019836,0.1310123583750824,0.13133977142697356,0.1310123583750824,B
184.78533936,0,2023-02-22T18:05:05Z,164.43744998510556,46,100.00019836,0.1310123583750824,0.13133977142697356,0.1310123583750824,B
215.44389343,0,2023-02-22T18:05:05Z,164.43744998510556,46,100.00019836,0.1310123583750824,0.13133977142697356,0.1310123583750824,B
251.18913269,0,2023-02-22T18:05:05Z,164.43744998510556,46,100.00019836,0.1310123583750824,0.13133977142697356,0.1310123583750824,B
292.86502075,0,2023-02-22T18:05:05Z,164.43744998510556,46,100.00019836,0.1310123583750824,0.13133977142697356,0.1310123583750824,B
341.45556641,0,2023-02-22T18:05:05Z,164.43744998510556,46,100.00019836,0.1310123583750824,0.13133977142697356,0.1310123583750824,B
398.10794067,0,2023-02-22T18:05:05Z,164.43744998510556,46,100.00019836,0.1310123583750824,0.13133977142697356,0.1310123583750824,B
464.15979004,0,2023-02-22T18:05:05Z,164.43744998510556,46,100.00019836,0.1310123583750824,0.13133977142697356,0.1310123583750824,B
541.17059326,0,2023-02-22T18:05:05Z,164.43744998510556,46,100.00019836,0.1310123583750824,0.13133977142697356,0.1310123583750824,B
630.95855713,0,2023-02-22T18:05:05Z,164.43744998510556,46,100.00019836,0.1310123583750824,0.13133977142697356,0.1310123583750824,B
735.64367676,0,2023-02-22T18:05:05Z,164.43744998510556,46,100.00019836,0.1310123583750824,0.13133977142697356,0.1310123583750824,B
857.69757080,0,2023-02-22T18:05:05Z,164.43744998510556,46,100.00019836,0.1310123583750824,0.13133977142697356,0.1310123583750824,B
1000.00195313,0,2023-02-22T18:05:05Z,164.43744998510556,46,100.00019836,0.1310123583750824,0.13133977142697356,0.1310123583750824,B
0.10000020,0,2023-02-22T18:05:06Z,157.64335886642223,42,54.1170578,0.11283675193810738,0.1370233266058474,0.11283675193810738,B
0.11659167,0,2023-02-22T18:05:06Z,157.64335886642223,42,54.1170578,0.11283675193810738,0.1370233266058474,0.11283675193810738,B
0.13593590,0,2023-02-22T18:05:06Z,157.64335886642223,42,54.1170578,0.11283675193810738,0.1370233266058474,0.11283675193810738,B
0.15848963,0,2023-02-22T18:05:06Z,157.64335886642223,42,54.1170578,0.11283675193810738,0.1370233266058474,0.11283675193810738,B
0.18478534,0,2023-02-22T18:05:06Z,157.64335886642223,42,54.1170578,0.11283675193810738,0.1370233266058474,0.11283675193810738,B
0.21544389,0,2023-02-22T18:05:06Z,157.64335886642223,42,54.1170578,0.11283675193810738,0.1370233266058474,0.11283675193810738,B
0.25118914,0,2023-02-22T18:05:06Z,157.64335886642223,42,54.1170578,0.11283675193810738,0.1370233266058474,0.11283675193810738,B
0.29286504,0,2023-02-22T18:05:06Z,157.64335886642223,42,54.1170578,0.11283675193810738,0.1370233266058474,0.11283675193810738,B
0.34145555,0,2023-02-22T18:05:06Z,157.64335886642223,42,54.1170578,0.11283675193810738,0.1370233266058474,0.11283675193810738,B
0.39810795,0,2023-02-22T18:05:06Z,157.64335886642223,42,54.1170578,0.11283675193810738,0.1370233266058474,0.11283675193810738,B
0.46415979,0,2023-02-22T18:05:06Z,157.64335886642223,42,54.1170578,0.11283675193810738,0.1370233266058474,0.11283675193810738,B
0.54117060,0,2023-02-22T18:05:06Z,157.64335886642223,42,54.1170578,0.11283675193810738,0.1370233266058474,0.11283675193810738,B
0.63095856,0,2023-02-22T18:05:06Z,157.64335886642223,42,54.1170578,0.11283675193810738,0.1370233266058474,0.11283675193810738,B
0.73564368,0,2023-02-22T18:05:06Z,157.64335886642223,42,54.1170578,0.11283675193810738,0.1370233266058474,0.11283675193810738,B
0.85769761,0,2023-02-22T18:05:06Z,157.64335886642223,42,54.1170578,0.11283675193810738,0.1370233266058474,0.11283675193810738,B
1.00000191,0,2023-02-22T18:05:06Z,157.64335886642223,42,54.1170578,0.11283675193810738,0.1370233266058474,0.11283675193810738,B
1.16591668,0,2023-02-22T18:05:06Z,157.64335886642223,42,54.1170578,0.11283675193810738,0.1370233266058474,0.11283675193810738,B
1.35935903,11.2836751938,2023-02-22T18:05:06Z,157.64335886642223,42,54.1170578,0.11283675193810738,0.1370233266058474,0.11283675193810738,B
1.58489633,1.07376867814e-11,2023-02-22T18:05:06Z,157.64335886642223,42,54.1170578,0.11283675193810738,0.1370233266058474,0.11283675193810738,B
1.84785342,0,2023-02-22T18:05:06Z,157.64335886642223,42,54.1170578,0.11283675193810738,0.1370233266058474,0.11283675193810738,B
2.15443897,0,2023-02-22T18:05:06Z,157.64335886642223,42,54.1170578,0.11283675193810738,0.1370233266058474,0.11283675193810738,B
2.51189137,0,2023-02-22T18:05:06Z,157.64335886642223,42,54.1170578,0.11283675193810738,0.1370233266058474,0.11283675193810738,B
2.92865038,0,2023-02-22T18:05:06Z,157.64335886642223,42,54.1170578,0.11283675193810738,0.1370233266058474,0.11283675193810738,B
3.41455555,0,2023-02-22T18:05:06Z,157.64335886642223,42,54.1170578,0.11283675193810738,0.1370233266058474,0.11283675193810738,B
3.98107958,0,2023-02-22T18:05:06Z,157.64335886642223,42,54.1170578,0.11283675193810738,0.1370233266058474,0.11283675193810738,B
4.64159775,0,2023-02-22T18:05:06Z,157.64335886642223,42,54.1170578,0.11283675193810738,0.1370233266058474,0.11283675193810738,B
5.41170597,0,2023-02-22T18:05:06Z,157.64335886642223,42,54.1170578,0.11283675193810738,0.1370233266058474,0.11283675193810738,B
6.30958605,0.201357111335,2023-02-22T18:05:06Z,157.64335886642223,42,54.1170578,0.11283675193810738,0.1370233266058474,0.11283675193810738,B
7.35643721,0.731506764889,2023-02-22T18:05:06Z,157.64335886642223,42,54.1170578,0.11283675193810738,0.1370233266058474,0.11283675193810738,B
8.57697582,1.48579359055,2023-02-22T18:05:06Z,157.64335886642223,42,54.1170578,0.11283675193810738,0.1370233266058474,0.11283675193810738,B
10.00002003,2.406239748,2023-02-22T18:05:06Z,157.64335886642223,42,54.1170578,0.11283675193810738,0.1370233266058474,0.11283675193810738,B
11.65916729,3.38030934334,2023-02-22T18:05:06Z,157.64335886642223,42,54.1170578,0.11283675193810738,0.1370233266058474,0.11283675193810738,B
13.59359074,4.23420906067,2023-02-22T18:05:06Z,157.64335886642223,42,54.1170578,0.11283675193810738,0.1370233266058474,0.11283675193810738,B
15.84896278,4.75238084793,2023-02-22T18:05:06Z,157.64335886642223,42,54.1170578,0.11283675193810738,0.1370233266058474,0.11283675193810738,B
18.47853470,4.73692846298,2023-02-22T18:05:06Z,157.64335886642223,42,54.1170578,0.11283675193810738,0.1370233266058474,0.11283675193810738,B
21.54438972,4.09541368484,2023-02-22T18:05:06Z,157.64335886642223,42,54.1170578,0.11283675193810738,0.1370233266058474,0.11283675193810738,B
25.11891365,2.94243454933,2023-02-22T18:05:06Z,157.64335886642223,42,54.1170578,0.11283675193810738,0.1370233266058474,0.11283675193810738,B
29.28650284,1.65582406521,2023-02-22T18:05:06Z,157.64335886642223,42,54.1170578,0.11283675193810738,0.1370233266058474,0.11283675193810738,B
34.14555740,0.800131559372,2023-02-22T18:05:06Z,157.64335886642223,42,54.1170578,0.11283675193810738,0.1370233266058474,0.11283675193810738,B
39.81079483,0.919314861298,2023-02-22T18:05:06Z,157.64335886642223,42,54.1170578,0.11283675193810738,0.1370233266058474,0.11283675193810738,B
46.41598129,2.54113006592,2023-02-22T18:05:06Z,157.64335886642223,42,54.1170578,0.11283675193810738,0.1370233266058474,0.11283675193810738,B
54.11705780,5.94015359879,2023-02-22T18:05:06Z,157.64335886642223,42,54.1170578,0.11283675193810738,0.1370233266058474,0.11283675193810738,B
63.09585953,10.4267520905,2023-02-22T18:05:06Z,157.64335886642223,42,54.1170578,0.11283675193810738,0.1370233266058474,0.11283675193810738,B
73.56436920,14.0866498947,2023-02-22T18:05:06Z,157.64335886642223,42,54.1170578,0.11283675193810738,0.1370233266058474,0.11283675193810738,B
85.76976013,14.2856416702,2023-02-22T18:05:06Z,157.64335886642223,42,54.1170578,0.11283675193810738,0.1370233266058474,0.11283675193810738,B
100.00019836,9.09415245056,2023-02-22T18:05:06Z,157.64335886642223,42,54.1170578,0.11283675193810738,0.1370233266058474,0.11283675193810738,B
116.59166718,0,2023-02-22T18:05:06Z,157.64335886642223,42,54.1170578,0.11283675193810738,0.1370233266058474,0.11283675193810738,B
135.93591309,0,2023-02-22T18:05:06Z,157.64335886642223,42,54.1170578,0.11283675193810738,0.1370233266058474,0.11283675193810738,B
158.48962402,0,2023-02-22T18:05:06Z,157.64335886642223,42,54.1170578,0.11283675193810738,0.1370233266058474,0.11283675193810738,B
184.78533936,0,2023-02-22T18:05:06Z,157.64335886642223,42,54.1170578,0.11283675193810738,0.1370233266058474,0.11283675193810738,B
215.44389343,0,2023-02-22T18:05:06Z,157.64335886642223,42,54.1170578,0.11283675193810738,0.1370233266058474,0.11283675193810738,B
251.18913269,0,2023-02-22T18:05:06Z,157.64335886642223,42,54.1170578,0.11283675193810738,0.1370233266058474,0.11283675193810738,B
292.86502075,0,2023-02-22T18:05:06Z,157.64335886642223,42,54.1170578,0.11283675193810738,0.1370233266058474,0.11283675193810738,B
341.45556641,0,2023-02-22T18:05:06Z,157.64335886642223,42,54.1170578,0.11283675193810738,0.1370233266058474,0.11283675193810738,B
398.10794067,0,2023-02-22T18:05:06Z,157.64335886642223,42,54.1170578,0.11283675193810738,0.1370233266058474,0.11283675193810738,B
464.15979004,0,2023-02-22T18:05:06Z,157.64335886642223,42,54.1170578,0.11283675193810738,0.1370233266058474,0.11283675193810738,B
541.17059326,0,2023-02-22T18:05:06Z,157.64335886642223,42,54.1170578,0.11283675193810738,0.1370233266058474,0.11283675193810738,B
630.95855713,0,2023-02-22T18:05:06Z,157.64335886642223,42,54.1170578,0.11283675193810738,0.1370233266058474,0.11283675193810738,B
735.64367676,0,2023-02-22T18:05:06Z,157.64335886642223,42,54.1170578,0.11283675193810738,0.1370233266058474,0.11283675193810738,B
857.69757080,0,2023-02-22T18:05:06Z,157.64335886642223,42,54.1170578,0.11283675193810738,0.1370233266058474,0.11283675193810738,B
1000.00195313,0,2023-02-22T18:05:06Z,157.64335886642223,42,54.1170578,0.11283675193810738,0.1370233266058474,0.11283675193810738,B
0.10000020,0,2023-02-22T18:05:07Z,147.08138699000833,46,100.00019836,0.13512284857400286,0.14074331957094885,0.1351228485709655,C
0.11659167,0,2023-02-22T18:05:07Z,147.08138699000833,46,100.00019836,0.13512284857400286,0.14074331957094885,0.1351228485709655,C
0.13593590,0,2023-02-22T18:05:07Z,147.08138699000833,46,100.00019836,0.13512284857400286,0.14074331957094885,0.1351228485709655,C
0.15848963,0,2023-02-22T18:05:07Z,147.08138699000833,46,100.00019836,0.13512284857400286,0.14074331957094885,0.1351228485709655,C
0.18478534,0,2023-02-22T18:05:07Z,147.08138699000833,46,100.00019836,0.13512284857400286,0.14074331957094885,0.1351228485709655,C
0.21544389,0,2023-02-22T18:05:07Z,147.08138699000833,46,100.00019836,0.13512284857400286,0.14074331957094885,0.1351228485709655,C
0.25118914,0,2023-02-22T18:05:07Z,147.08138699000833,46,100.00019836,0.13512284857400286,0.14074331957094885,0.1351228485709655,C
0.29286504,0,2023-02-22T18:05:07Z,147.08138699000833,46,100.00019836,0.13512284857400286,0.14074331957094885,0.1351228485709655,C
0.34145555,0,2023-02-22T18:05:07Z,147.08138699000833,46,100.00019836,0.13512284857400286,0.14074331957094885,0.1351228485709655,C
0.39810795,0,2023-02-22T18:05:07Z,147.08138699000833,46,100.00019836,0.13512284857400286,0.14074331957094885,0.1351228485709655,C
0.46415979,0,2023-02-22T18:05:07Z,147.08138699000833,46,100.00019836,0.13512284857400286,0.14074331957094885,0.1351228485709655,C
0.54117060,0,2023-02-22T18:05:07Z,147.08138699000833,46,100.00019836,0.13512284857400286,0.14074331957094885,0.1351228485709655,C
0.63095856,0,2023-02-22T18:05:07Z,147.08138699000833,46,100.00019836,0.13512284857400286,0.14074331957094885,0.1351228485709655,C
0.73564368,0,2023-02-22T18:05:07Z,147.08138699000833,46,100.00019836,0.13512284857400286,0.14074331957094885,0.1351228485709655,C
0.85769761,0,2023-02-22T18:05:07Z,147.08138699000833,46,100.00019836,0.13512284857400286,0.14074331957094885,0.1351228485709655,C
1.00000191,6.89162301344e-18,2023-02-22T18:05:07Z,147.08138699000833,46,100.00019836,0.13512284857400286,0.14074331957094885,0.1351228485709655,C
1.16591668,1.31513326778e-4,2023-02-22T18:05:07Z,147.08138699000833,46,100.00019836,0.13512284857400286,0.14074331957094885,0.1351228485709655,C
1.35935903,6.27361106873,2023-02-22T18:05:07Z,147.08138699000833,46,100.00019836,0.13512284857400286,0.14074331957094885,0.1351228485709655,C
1.58489633,7.23608350754,2023-02-22T18:05:07Z,147.08138699000833,46,100.00019836,0.13512284857400286,0.14074331957094885,0.1351228485709655,C
1.84785342,0.00245876749977,2023-02-22T18:05:07Z,147.08138699000833,46,100.00019836,0.13512284857400286,0.14074331957094885,0.1351228485709655,C
2.15443897,3.03737923701e-10,2023-02-22T18:05:07Z,147.08138699000833,46,100.00019836,0.13512284857400286,0.14074331957094885,0.1351228485709655,C
2.51189137,1.18093613471e-21,2023-02-22T18:05:07Z,147.08138699000833,46,100.00019836,0.13512284857400286,0.14074331957094885,0.1351228485709655,C
2.92865038,3.36311631438e-42,2023-02-22T18:05:07Z,147.08138699000833,46,100.00019836,0.13512284857400286,0.14074331957094885,0.1351228485709655,C
3.41455555,0,2023-02-22T18:05:07Z,147.08138699000833,46,100.00019836,0.13512284857400286,0.14074331957094885,0.1351228485709655,C
3.98107958,0,2023-02-22T18:05:07Z,147.08138699000833,46,100.00019836,0.13512284857400286,0.14074331957094885,0.1351228485709655,C
4.64159775,0,2023-02-22T18:05:07Z,147.08138699000833,46,100.00019836,0.13512284857400286,0.14074331957094885,0.1351228485709655,C
5.41170597,0,2023-02-22T18:05:07Z,147.08138699000833,46,100.00019836,0.13512284857400286,0.14074331957094885,0.1351228485709655,C
6.30958605,0.0161315556616,2023-02-22T18:05:07Z,147.08138699000833,46,100.00019836,0.13512284857400286,0.14074331957094885,0.1351228485709655,C
7.35643721,0.121311157942,2023-02-22T18:05:07Z,147.08138699000833,46,100.00019836,0.13512284857400286,0.14074331957094885,0.1351228485709655,C
8.57697582,0.424604386091,2023-02-22T18:05:07Z,147.08138699000833,46,100.00019836,0.13512284857400286,0.14074331957094885,0.1351228485709655,C
10.00002003,1.08025300503,2023-02-22T18:05:07Z,147.08138699000833,46,100.00019836,0.13512284857400286,0.14074331957094885,0.1351228485709655,C
11.65916729,2.21639680862,2023-02-22T18:05:07Z,147.08138699000833,46,100.00019836,0.13512284857400286,0.14074331957094885,0.1351228485709655,C
13.59359074,3.77632856369,2023-02-22T18:05:07Z,147.08138699000833,46,100.00019836,0.13512284857400286,0.14074331957094885,0.1351228485709655,C
15.84896278,5.31108474731,2023-02-22T18:05:07Z,147.08138699000833,46,100.00019836,0.13512284857400286,0.14074331957094885,0.1351228485709655,C
18.47853470,5.9136586189300004,2023-02-22T18:05:07Z,147.08138699000833,46,100.00019836,0.13512284857400286,0.14074331957094885,0.1351228485709655,C
21.54438972,4.60463571548,2023-02-22T18:05:07Z,147.08138699000833,46,100.00019836,0.13512284857400286,0.14074331957094885,0.1351228485709655,C
25.11891365,1.4517673254,2023-02-22T18:05:07Z,147.08138699000833,46,100.00019836,0.13512284857400286,0.14074331957094885,0.1351228485709655,C
29.28650284,0,2023-02-22T18:05:07Z,147.08138699000833,46,100.00019836,0.13512284857400286,0.14074331957094885,0.1351228485709655,C
34.14555740,0,2023-02-22T18:05:07Z,147.08138699000833,46,100.00019836,0.13512284857400286,0.14074331957094885,0.1351228485709655,C
39.81079483,0,2023-02-22T18:05:07Z,147.08138699000833,46,100.00019836,0.13512284857400286,0.14074331957094885,0.1351228485709655,C
46.41598129,0,2023-02-22T18:05:07Z,147.08138699000833,46,100.00019836,0.13512284857400286,0.14074331957094885,0.1351228485709655,C
54.11705780,0,2023-02-22T18:05:07Z,147.08138699000833,46,100.00019836,0.13512284857400286,0.14074331957094885,0.1351228485709655,C
63.09585953,0,2023-02-22T18:05:07Z,147.08138699000833,46,100.00019836,0.13512284857400286,0.14074331957094885,0.1351228485709655,C
73.56436920,0,2023-02-22T18:05:07Z,147.08138699000833,46,100.00019836,0.13512284857400286,0.14074331957094885,0.1351228485709655,C
85.76976013,0,2023-02-22T18:05:07Z,147.08138699000833,46,100.00019836,0.13512284857400286,0.14074331957094885,0.1351228485709655,C
100.00019836,61.5715446472,2023-02-22T18:05:07Z,147.08138699000833,46,100.00019836,0.13512284857400286,0.14074331957094885,0.1351228485709655,C
116.59166718,0,2023-02-22T18:05:07Z,147.08138699000833,46,100.00019836,0.13512284857400286,0.14074331957094885,0.1351228485709655,C
135.93591309,0,2023-02-22T18:05:07Z,147.08138699000833,46,100.00019836,0.13512284857400286,0.14074331957094885,0.1351228485709655,C
158.48962402,0,2023-02-22T18:05:07Z,147.08138699000833,46,100.00019836,0.13512284857400286,0.14074331957094885,0.1351228485709655,C
184.78533936,0,2023-02-22T18:05:07Z,147.08138699000833,46,100.00019836,0.13512284857400286,0.14074331957094885,0.1351228485709655,C
215.44389343,0,2023-02-22T18:05:07Z,147.08138699000833,46,100.00019836,0.13512284857400286,0.14074331957094885,0.1351228485709655,C
251.18913269,0,2023-02-22T18:05:07Z,147.08138699000833,46,100.00019836,0.13512284857400286,0.14074331957094885,0.1351228485709655,C
292.86502075,0,2023-02-22T18:05:07Z,147.08138699000833,46,100.00019836,0.13512284857400286,0.14074331957094885,0.1351228485709655,C
341.45556641,0,2023-02-22T18:05:07Z,147.08138699000833,46,100.00019836,0.13512284857400286,0.14074331957094885,0.1351228485709655,C
398.10794067,0,2023-02-22T18:05:07Z,147.08138699000833,46,100.00019836,0.13512284857400286,0.14074331957094885,0.1351228485709655,C
464.15979004,0,2023-02-22T18:05:07Z,147.08138699000833,46,100.00019836,0.13512284857400286,0.14074331957094885,0.1351228485709655,C
541.17059326,0,2023-02-22T18:05:07Z,147.08138699000833,46,100.00019836,0.13512284857400286,0.14074331957094885,0.1351228485709655,C
630.95855713,0,2023-02-22T18:05:07Z,147.08138699000833,46,100.00019836,0.13512284857400286,0.14074331957094885,0.1351228485709655,C
735.64367676,0,2023-02-22T18:05:07Z,147.08138699000833,46,100.00019836,0.13512284857400286,0.14074331957094885,0.1351228485709655,C
857.69757080,0,2023-02-22T18:05:07Z,147.08138699000833,46,100.00019836,0.13512284857400286,0.14074331957094885,0.1351228485709655,C
1000.00195313,0,2023-02-22T18:05:07Z,147.08138699000833,46,100.00019836,0.13512284857400286,0.14074331957094885,0.1351228485709655,C
0.10000020,0,2023-02-22T18:05:08Z,148.83440293209443,46,100.00019836,0.14931769875820908,0.15014133549612313,0.14930983067846934,C
0.11659167,0,2023-02-22T18:05:08Z,148.83440293209443,46,100.00019836,0.14931769875820908,0.15014133549612313,0.14930983067846934,C
0.13593590,0,2023-02-22T18:05:08Z,148.83440293209443,46,100.00019836,0.14931769875820908,0.15014133549612313,0.14930983067846934,C
0.15848963,0,2023-02-22T18:05:08Z,148.83440293209443,46,100.00019836,0.14931769875820908,0.15014133549612313,0.14930983067846934,C
0.18478534,0,2023-02-22T18:05:08Z,148.83440293209443,46,100.00019836,0.14931769875820908,0.15014133549612313,0.14930983067846934,C
0.21544389,0,2023-02-22T18:05:08Z,148.83440293209443,46,100.00019836,0.14931769875820908,0.15014133549612313,0.14930983067846934,C
0.25118914,0,2023-02-22T18:05:08Z,148.83440293209443,46,100.00019836,0.14931769875820908,0.15014133549612313,0.14930983067846934,C
0.29286504,0,2023-02-22T18:05:08Z,148.83440293209443,46,100.00019836,0.14931769875820908,0.15014133549612313,0.14930983067846934,C
0.34145555,0,2023-02-22T18:05:08Z,148.83440293209443,46,100.00019836,0.14931769875820908,0.15014133549612313,0.14930983067846934,C
0.39810795,0,2023-02-22T18:05:08Z,148.83440293209443,46,100.00019836,0.14931769875820908,0.15014133549612313,0.14930983067846934,C
0.46415979,0,2023-02-22T18:05:08Z,148.83440293209443,46,100.00019836,0.14931769875820908,0.15014133549612313,0.14930983067846934,C
0.54117060,0,2023-02-22T18:05:08Z,148.83440293209443,46,100.00019836,0.14931769875820908,0.15014133549612313,0.14930983067846934,C
0.63095856,0,2023-02-22T18:05:08Z,148.83440293209443,46,100.00019836,0.14931769875820908,0.15014133549612313,0.14930983067846934,C
0.73564368,0,2023-02-22T18:05:08Z,148.83440293209443,46,100.00019836,0.14931769875820908,0.15014133549612313,0.14930983067846934,C
0.85769761,0,2023-02-22T18:05:08Z,148.83440293209443,46,100.00019836,0.14931769875820908,0.15014133549612313,0.14930983067846934,C
1.00000191,6.12239034581e-7,2023-02-22T18:05:08Z,148.83440293209443,46,100.00019836,0.14931769875820908,0.15014133549612313,0.14930983067846934,C
1.16591668,0.0890430063009,2023-02-22T18:05:08Z,148.83440293209443,46,100.00019836,0.14931769875820908,0.15014133549612313,0.14930983067846934,C
1.35935903,6.59050798416,2023-02-22T18:05:08Z,148.83440293209443,46,100.00019836,0.14931769875820908,0.15014133549612313,0.14930983067846934,C
1.58489633,7.86796569824,2023-02-22T18:05:08Z,148.83440293209443,46,100.00019836,0.14931769875820908,0.15014133549612313,0.14930983067846934,C
1.84785342,0.383465766907,2023-02-22T18:05:08Z,148.83440293209443,46,100.00019836,0.14931769875820908,0.15014133549612313,0.14930983067846934,C
2.15443897,7.86785967648e-4,2023-02-22T18:05:08Z,148.83440293209443,46,100.00019836,0.14931769875820908,0.15014133549612313,0.14930983067846934,C
2.51189137,2.20063256506e-8,2023-02-22T18:05:08Z,148.83440293209443,46,100.00019836,0.14931769875820908,0.15014133549612313,0.14930983067846934,C
2.92865038,4.25026607641e-17,2023-02-22T18:05:08Z,148.83440293209443,46,100.00019836,0.14931769875820908,0.15014133549612313,0.14930983067846934,C
3.41455555,0,2023-02-22T18:05:08Z,148.83440293209443,46,100.00019836,0.14931769875820908,0.15014133549612313,0.14930983067846934,C
3.98107958,0,2023-02-22T18:05:08Z,148.83440293209443,46,100.00019836,0.14931769875820908,0.15014133549612313,0.14930983067846934,C
4.64159775,0,2023-02-22T18:05:08Z,148.83440293209443,46,100.00019836,0.14931769875820908,0.15014133549612313,0.14930983067846934,C
5.41170597,0,2023-02-22T18:05:08Z,148.83440293209443,46,100.00019836,0.14931769875820908,0.15014133549612313,0.14930983067846934,C
6.30958605,1.61713760463e-4,2023-02-22T18:05:08Z,148.83440293209443,46,100.00019836,0.14931769875820908,0.15014133549612313,0.14930983067846934,C
7.35643721,0.00753682339564,2023-02-22T18:05:08Z,148.83440293209443,46,100.00019836,0.14931769875820908,0.15014133549612313,0.14930983067846934,C
8.57697582,0.0746651366353,2023-02-22T18:05:08Z,148.83440293209443,46,100.00019836,0.14931769875820908,0.15014133549612313,0.14930983067846934,C
10.00002003,0.399271667004,2023-02-22T18:05:08Z,148.83440293209443,46,100.00019836,0.14931769875820908,0.15014133549612313,0.14930983067846934,C
11.65916729,1.42939758301,2023-02-22T18:05:08Z,148.83440293209443,46,100.00019836,0.14931769875820908,0.15014133549612313,0.14930983067846934,C
13.59359074,3.65021705627,2023-02-22T18:05:08Z,148.83440293209443,46,100.00019836,0.14931769875820908,0.15014133549612313,0.14930983067846934,C
15.84896278,6.61256408691,2023-02-22T18:05:08Z,148.83440293209443,46,100.00019836,0.14931769875820908,0.15014133549612313,0.14930983067846934,C
18.47853470,7.94840288162,2023-02-22T18:05:08Z,148.83440293209443,46,100.00019836,0.14931769875820908,0.15014133549612313,0.14930983067846934,C
21.54438972,5.26725912094,2023-02-22T18:05:08Z,148.83440293209443,46,100.00019836,0.14931769875820908,0.15014133549612313,0.14930983067846934,C
25.11891365,1.03962492943,2023-02-22T18:05:08Z,148.83440293209443,46,100.00019836,0.14931769875820908,0.15014133549612313,0.14930983067846934,C
29.28650284,0,2023-02-22T18:05:08Z,148.83440293209443,46,100.00019836,0.14931769875820908,0.15014133549612313,0.14930983067846934,C
34.14555740,0,2023-02-22T18:05:08Z,148.83440293209443,46,100.00019836,0.14931769875820908,0.15014133549612313,0.14930983067846934,C
39.81079483,0,2023-02-22T18:05:08Z,148.83440293209443,46,100.00019836,0.14931769875820908,0.15014133549612313,0.14930983067846934,C
46.41598129,0,2023-02-22T18:05:08Z,148.83440293209443,46,100.00019836,0.14931769875820908,0.15014133549612313,0.14930983067846934,C
54.11705780,0,2023-02-22T18:05:08Z,148.83440293209443,46,100.00019836,0.14931769875820908,0.15014133549612313,0.14930983067846934,C
63.09585953,0,2023-02-22T18:05:08Z,148.83440293209443,46,100.00019836,0.14931769875820908,0.15014133549612313,0.14930983067846934,C
73.56436920,0,2023-02-22T18:05:08Z,148.83440293209443,46,100.00019836,0.14931769875820908,0.15014133549612313,0.14930983067846934,C
85.76976013,0,2023-02-22T18:05:08Z,148.83440293209443,46,100.00019836,0.14931769875820908,0.15014133549612313,0.14930983067846934,C
100.00019836,58.639125824,2023-02-22T18:05:08Z,148.83440293209443,46,100.00019836,0.14931769875820908,0.15014133549612313,0.14930983067846934,C
116.59166718,0,2023-02-22T18:05:08Z,148.83440293209443,46,100.00019836,0.14931769875820908,0.15014133549612313,0.14930983067846934,C
135.93591309,0,2023-02-22T18:05:08Z,148.83440293209443,46,100.00019836,0.14931769875820908,0.15014133549612313,0.14930983067846934,C
158.48962402,0,2023-02-22T18:05:08Z,148.83440293209443,46,100.00019836,0.14931769875820908,0.15014133549612313,0.14930983067846934,C
184.78533936,0,2023-02-22T18:05:08Z,148.83440293209443,46,100.00019836,0.14931769875820908,0.15014133549612313,0.14930983067846934,C
215.44389343,0,2023-02-22T18:05:08Z,148.83440293209443,46,100.00019836,0.14931769875820908,0.15014133549612313,0.14930983067846934,C
251.18913269,0,2023-02-22T18:05:08Z,148.83440293209443,46,100.00019836,0.14931769875820908,0.15014133549612313,0.14930983067846934,C
292.86502075,0,2023-02-22T18:05:08Z,148.83440293209443,46,100.00019836,0.14931769875820908,0.15014133549612313,0.14930983067846934,C
341.45556641,0,2023-02-22T18:05:08Z,148.83440293209443,46,100.00019836,0.14931769875820908,0.15014133549612313,0.14930983067846934,C
398.10794067,0,2023-02-22T18:05:08Z,148.83440293209443,46,100.00019836,0.14931769875820908,0.15014133549612313,0.14930983067846934,C
464.15979004,0,2023-02-22T18:05:08Z,148.83440293209443,46,100.00019836,0.14931769875820908,0.15014133549612313,0.14930983067846934,C
541.17059326,0,2023-02-22T18:05:08Z,148.83440293209443,46,100.00019836,0.14931769875820908,0.15014133549612313,0.14930983067846934,C
630.95855713,0,2023-02-22T18:05:08Z,148.83440293209443,46,100.00019836,0.14931769875820908,0.15014133549612313,0.14930983067846934,C
735.64367676,0,2023-02-22T18:05:08Z,148.83440293209443,46,100.00019836,0.14931769875820908,0.15014133549612313,0.14930983067846934,C
857.69757080,0,2023-02-22T18:05:08Z,148.83440293209443,46,100.00019836,0.14931769875820908,0.15014133549612313,0.14930983067846934,C
1000.00195313,0,2023-02-22T18:05:08Z,148.83440293209443,46,100.00019836,0.14931769875820908,0.15014133549612313,0.14930983067846934,C
0.10000020,0,2023-02-22T18:05:09Z,186.93491363520835,43,63.09585953,0.10709996223402041,0.1423908207561724,0.10709996223402041,B
0.11659167,0,2023-02-22T18:05:09Z,186.93491363520835,43,63.09585953,0.10709996223402041,0.1423908207561724,0.10709996223402041,B
0.13593590,0,2023-02-22T18:05:09Z,186.93491363520835,43,63.09585953,0.10709996223402041,0.1423908207561724,0.10709996223402041,B
0.15848963,0,2023-02-22T18:05:09Z,186.93491363520835,43,63.09585953,0.10709996223402041,0.1423908207561724,0.10709996223402041,B
0.18478534,0,2023-02-22T18:05:09Z,186.93491363520835,43,63.09585953,0.10709996223402041,0.1423908207561724,0.10709996223402041,B
0.21544389,0,2023-02-22T18:05:09Z,186.93491363520835,43,63.09585953,0.10709996223402041,0.1423908207561724,0.10709996223402041,B
0.25118914,0,2023-02-22T18:05:09Z,186.93491363520835,43,63.09585953,0.10709996223402041,0.1423908207561724,0.10709996223402041,B
0.29286504,0,2023-02-22T18:05:09Z,186.93491363520835,43,63.09585953,0.10709996223402041,0.1423908207561724,0.10709996223402041,B
0.34145555,0,2023-02-22T18:05:09Z,186.93491363520835,43,63.09585953,0.10709996223402041,0.1423908207561724,0.10709996223402041,B
0.39810795,0,2023-02-22T18:05:09Z,186.93491363520835,43,63.09585953,0.10709996223402041,0.1423908207561724,0.10709996223402041,B
0.46415979,0,2023-02-22T18:05:09Z,186.93491363520835,43,63.09585953,0.10709996223402041,0.1423908207561724,0.10709996223402041,B
0.54117060,0,2023-02-22T18:05:09Z,186.93491363520835,43,63.09585953,0.10709996223402041,0.1423908207561724,0.10709996223402041,B
0.63095856,0,2023-02-22T18:05:09Z,186.93491363520835,43,63.09585953,0.10709996223402041,0.1423908207561724,0.10709996223402041,B
0.73564368,0,2023-02-22T18:05:09Z,186.93491363520835,43,63.09585953,0.10709996223402041,0.1423908207561724,0.10709996223402041,B
0.85769761,0,2023-02-22T18:05:09Z,186.93491363520835,43,63.09585953,0.10709996223402041,0.1423908207561724,0.10709996223402041,B
1.00000191,0,2023-02-22T18:05:09Z,186.93491363520835,43,63.09585953,0.10709996223402041,0.1423908207561724,0.10709996223402041,B
1.16591668,0,2023-02-22T18:05:09Z,186.93491363520835,43,63.09585953,0.10709996223402041,0.1423908207561724,0.10709996223402041,B
1.35935903,10.7099962234,2023-02-22T18:05:09Z,186.93491363520835,43,63.09585953,0.10709996223402041,0.1423908207561724,0.10709996223402041,B
1.58489633,2.04156006336e-12,2023-02-22T18:05:09Z,186.93491363520835,43,63.09585953,0.10709996223402041,0.1423908207561724,0.10709996223402041,B
1.84785342,0,2023-02-22T18:05:09Z,186.93491363520835,43,63.09585953,0.10709996223402041,0.1423908207561724,0.10709996223402041,B
2.15443897,0,2023-02-22T18:05:09Z,186.93491363520835,43,63.09585953,0.10709996223402041,0.1423908207561724,0.10709996223402041,B
2.51189137,0,2023-02-22T18:05:09Z,186.93491363520835,43,63.09585953,0.10709996223402041,0.1423908207561724,0.10709996223402041,B
2.92865038,0,2023-02-22T18:05:09Z,186.93491363520835,43,63.09585953,0.10709996223402041,0.1423908207561724,0.10709996223402041,B
3.41455555,0,2023-02-22T18:05:09Z,186.93491363520835,43,63.09585953,0.10709996223402041,0.1423908207561724,0.10709996223402041,B
3.98107958,0,2023-02-22T18:05:09Z,186.93491363520835,43,63.09585953,0.10709996223402041,0.1423908207561724,0.10709996223402041,B
4.64159775,0,2023-02-22T18:05:09Z,186.93491363520835,43,63.09585953,0.10709996223402041,0.1423908207561724,0.10709996223402041,B
5.41170597,0.0702045932412,2023-02-22T18:05:09Z,186.93491363520835,43,63.09585953,0.10709996223402041,0.1423908207561724,0.10709996223402041,B
6.30958605,0.461757421494,2023-02-22T18:05:09Z,186.93491363520835,43,63.09585953,0.10709996223402041,0.1423908207561724,0.10709996223402041,B
7.35643721,1.08709597588,2023-02-22T18:05:09Z,186.93491363520835,43,63.09585953,0.10709996223402041,0.1423908207561724,0.10709996223402041,B
8.57697582,1.9100278616,2023-02-22T18:05:09Z,186.93491363520835,43,63.09585953,0.10709996223402041,0.1423908207561724,0.10709996223402041,B
10.00002003,2.85116291046,2023-02-22T18:05:09Z,186.93491363520835,43,63.09585953,0.10709996223402041,0.1423908207561724,0.10709996223402041,B
11.65916729,3.77779269218,2023-02-22T18:05:09Z,186.93491363520835,43,63.09585953,0.10709996223402041,0.1423908207561724,0.10709996223402041,B
13.59359074,4.50440883636,2023-02-22T18:05:09Z,186.93491363520835,43,63.09585953,0.10709996223402041,0.1423908207561724,0.10709996223402041,B
15.84896278,4.82055139542,2023-02-22T18:05:09Z,186.93491363520835,43,63.09585953,0.10709996223402041,0.1423908207561724,0.10709996223402041,B
18.47853470,4.55482435226,2023-02-22T18:05:09Z,186.93491363520835,43,63.09585953,0.10709996223402041,0.1423908207561724,0.10709996223402041,B
21.54438972,3.66068935394,2023-02-22T18:05:09Z,186.93491363520835,43,63.09585953,0.10709996223402041,0.1423908207561724,0.10709996223402041,B
25.11891365,2.3100335598,2023-02-22T18:05:09Z,186.93491363520835,43,63.09585953,0.10709996223402041,0.1423908207561724,0.10709996223402041,B
29.28650284,0.935951590538,2023-02-22T18:05:09Z,186.93491363520835,43,63.09585953,0.10709996223402041,0.1423908207561724,0.10709996223402041,B
34.14555740,0.129171386361,2023-02-22T18:05:09Z,186.93491363520835,43,63.09585953,0.10709996223402041,0.1423908207561724,0.10709996223402041,B
39.81079483,0.315035283566,2023-02-22T18:05:09Z,186.93491363520835,43,63.09585953,0.10709996223402041,0.1423908207561724,0.10709996223402041,B
46.41598129,2.08254933357,2023-02-22T18:05:09Z,186.93491363520835,43,63.09585953,0.10709996223402041,0.1423908207561724,0.10709996223402041,B
54.11705780,5.79487991333,2023-02-22T18:05:09Z,186.93491363520835,43,63.09585953,0.10709996223402041,0.1423908207561724,0.10709996223402041,B
63.09585953,10.6879549026,2023-02-22T18:05:09Z,186.93491363520835,43,63.09585953,0.10709996223402041,0.1423908207561724,0.10709996223402041,B
73.56436920,14.7037763596,2023-02-22T18:05:09Z,186.93491363520835,43,63.09585953,0.10709996223402041,0.1423908207561724,0.10709996223402041,B
85.76976013,15.0291128159,2023-02-22T18:05:09Z,186.93491363520835,43,63.09585953,0.10709996223402041,0.1423908207561724,0.10709996223402041,B
100.00019836,9.60301113129,2023-02-22T18:05:09Z,186.93491363520835,43,63.09585953,0.10709996223402041,0.1423908207561724,0.10709996223402041,B
116.59166718,0,2023-02-22T18:05:09Z,186.93491363520835,43,63.09585953,0.10709996223402041,0.1423908207561724,0.10709996223402041,B
135.93591309,0,2023-02-22T18:05:09Z,186.93491363520835,43,63.09585953,0.10709996223402041,0.1423908207561724,0.10709996223402041,B
158.48962402,0,2023-02-22T18:05:09Z,186.93491363520835,43,63.09585953,0.10709996223402041,0.1423908207561724,0.10709996223402041,B
184.78533936,0,2023-02-22T18:05:09Z,186.93491363520835,43,63.09585953,0.10709996223402041,0.1423908207561724,0.10709996223402041,B
215.44389343,0,2023-02-22T18:05:09Z,186.93491363520835,43,63.09585953,0.10709996223402041,0.1423908207561724,0.10709996223402041,B
251.18913269,0,2023-02-22T18:05:09Z,186.93491363520835,43,63.09585953,0.10709996223402041,0.1423908207561724,0.10709996223402041,B
292.86502075,0,2023-02-22T18:05:09Z,186.93491363520835,43,63.09585953,0.10709996223402041,0.1423908207561724,0.10709996223402041,B
341.45556641,0,2023-02-22T18:05:09Z,186.93491363520835,43,63.09585953,0.10709996223402041,0.1423908207561724,0.10709996223402041,B
398.10794067,0,2023-02-22T18:05:09Z,186.93491363520835,43,63.09585953,0.10709996223402041,0.1423908207561724,0.10709996223402041,B
464.15979004,0,2023-02-22T18:05:09Z,186.93491363520835,43,63.09585953,0.10709996223402041,0.1423908207561724,0.10709996223402041,B
541.17059326,0,2023-02-22T18:05:09Z,186.93491363520835,43,63.09585953,0.10709996223402041,0.1423908207561724,0.10709996223402041,B
630.95855713,0,2023-02-22T18:05:09Z,186.93491363520835,43,63.09585953,0.10709996223402041,0.1423908207561724,0.10709996223402041,B
735.64367676,0,2023-02-22T18:05:09Z,186.93491363520835,43,63.09585953,0.10709996223402041,0.1423908207561724,0.10709996223402041,B
857.69757080,0,2023-02-22T18:05:09Z,186.93491363520835,43,63.09585953,0.10709996223402041,0.1423908207561724,0.10709996223402041,B
1000.00195313,0,2023-02-22T18:05:09Z,186.93491363520835,43,63.09585953,0.10709996223402041,0.1423908207561724,0.10709996223402041,B
0.10000020,0,2023-02-22T18:05:10Z,153.70384576583612,46,100.00019836,0.12050165758440892,0.13856233881754793,0.12050165630075278,B
0.11659167,0,2023-02-22T18:05:10Z,153.70384576583612,46,100.00019836,0.12050165758440892,0.13856233881754793,0.12050165630075278,B
0.13593590,0,2023-02-22T18:05:10Z,153.70384576583612,46,100.00019836,0.12050165758440892,0.13856233881754793,0.12050165630075278,B
0.15848963,0,2023-02-22T18:05:10Z,153.70384576583612,46,100.00019836,0.12050165758440892,0.13856233881754793,0.12050165630075278,B
0.18478534,0,2023-02-22T18:05:10Z,153.70384576583612,46,100.00019836,0.12050165758440892,0.13856233881754793,0.12050165630075278,B
0.21544389,0,2023-02-22T18:05:10Z,153.70384576583612,46,100.00019836,0.12050165758440892,0.13856233881754793,0.12050165630075278,B
0.25118914,0,2023-02-22T18:05:10Z,153.70384576583612,46,100.00019836,0.12050165758440892,0.13856233881754793,0.12050165630075278,B
0.29286504,0,2023-02-22T18:05:10Z,153.70384576583612,46,100.00019836,0.12050165758440892,0.13856233881754793,0.12050165630075278,B
0.34145555,0,2023-02-22T18:05:10Z,153.70384576583612,46,100.00019836,0.12050165758440892,0.13856233881754793,0.12050165630075278,B
0.39810795,0,2023-02-22T18:05:10Z,153.70384576583612,46,100.00019836,0.12050165758440892,0.13856233881754793,0.12050165630075278,B
0.46415979,0,2023-02-22T18:05:10Z,153.70384576583612,46,100.00019836,0.12050165758440892,0.13856233881754793,0.12050165630075278,B
0.54117060,0,2023-02-22T18:05:10Z,153.70384576583612,46,100.00019836,0.12050165758440892,0.13856233881754793,0.12050165630075278,B
0.63095856,0,2023-02-22T18:05:10Z,153.70384576583612,46,100.00019836,0.12050165758440892,0.13856233881754793,0.12050165630075278,B
0.73564368,0,2023-02-22T18:05:10Z,153.70384576583612,46,100.00019836,0.12050165758440892,0.13856233881754793,0.12050165630075278,B
0.85769761,0,2023-02-22T18:05:10Z,153.70384576583612,46,100.00019836,0.12050165758440892,0.13856233881754793,0.12050165630075278,B
1.00000191,1.24077512154e-10,2023-02-22T18:05:10Z,153.70384576583612,46,100.00019836,0.12050165758440892,0.13856233881754793,0.12050165630075278,B
1.16591668,0.0119100539014,2023-02-22T18:05:10Z,153.70384576583612,46,100.00019836,0.12050165758440892,0.13856233881754793,0.12050165630075278,B
1.35935903,7.30435609818,2023-02-22T18:05:10Z,153.70384576583612,46,100.00019836,0.12050165758440892,0.13856233881754793,0.12050165630075278,B
1.58489633,4.721575737,2023-02-22T18:05:10Z,153.70384576583612,46,100.00019836,0.12050165758440892,0.13856233881754793,0.12050165630075278,B
1.84785342,0.0123237408698,2023-02-22T18:05:10Z,153.70384576583612,46,100.00019836,0.12050165758440892,0.13856233881754793,0.12050165630075278,B
2.15443897,1.2836561325e-7,2023-02-22T18:05:10Z,153.70384576583612,46,100.00019836,0.12050165758440892,0.13856233881754793,0.12050165630075278,B
2.51189137,9.42261367503e-16,2023-02-22T18:05:10Z,153.70384576583612,46,100.00019836,0.12050165758440892,0.13856233881754793,0.12050165630075278,B
2.92865038,2.0953901504e-30,2023-02-22T18:05:10Z,153.70384576583612,46,100.00019836,0.12050165758440892,0.13856233881754793,0.12050165630075278,B
3.41455555,0,2023-02-22T18:05:10Z,153.70384576583612,46,100.00019836,0.12050165758440892,0.13856233881754793,0.12050165630075278,B
3.98107958,0,2023-02-22T18:05:10Z,153.70384576583612,46,100.00019836,0.12050165758440892,0.13856233881754793,0.12050165630075278,B
4.64159775,0,2023-02-22T18:05:10Z,153.70384576583612,46,100.00019836,0.12050165758440892,0.13856233881754793,0.12050165630075278,B
5.41170597,0.0130277881399,2023-02-22T18:05:10Z,153.70384576583612,46,100.00019836,0.12050165758440892,0.13856233881754793,0.12050165630075278,B
6.30958605,0.136830598116,2023-02-22T18:05:10Z,153.70384576583612,46,100.00019836,0.12050165758440892,0.13856233881754793,0.12050165630075278,B
7.35643721,0.481179267168,2023-02-22T18:05:10Z,153.70384576583612,46,100.00019836,0.12050165758440892,0.13856233881754793,0.12050165630075278,B
8.57697582,1.17503046989,2023-02-22T18:05:10Z,153.70384576583612,46,100.00019836,0.12050165758440892,0.13856233881754793,0.12050165630075278,B
10.00002003,2.30637812614,2023-02-22T18:05:10Z,153.70384576583612,46,100.00019836,0.12050165758440892,0.13856233881754793,0.12050165630075278,B
11.65916729,3.82706832886,2023-02-22T18:05:10Z,153.70384576583612,46,100.00019836,0.12050165758440892,0.13856233881754793,0.12050165630075278,B
13.59359074,5.44047832489,2023-02-22T18:05:10Z,153.70384576583612,46,100.00019836,0.12050165758440892,0.13856233881754793,0.12050165630075278,B
15.84896278,6.56205272675,2023-02-22T18:05:10Z,153.70384576583612,46,100.00019836,0.12050165758440892,0.13856233881754793,0.12050165630075278,B
18.47853470,6.48127412796,2023-02-22T18:05:10Z,153.70384576583612,46,100.00019836,0.12050165758440892,0.13856233881754793,0.12050165630075278,B
21.54438972,4.788646698,2023-02-22T18:05:10Z,153.70384576583612,46,100.00019836,0.12050165758440892,0.13856233881754793,0.12050165630075278,B
25.11891365,1.98077583313,2023-02-22T18:05:10Z,153.70384576583612,46,100.00019836,0.12050165758440892,0.13856233881754793,0.12050165630075278,B
29.28650284,0,2023-02-22T18:05:10Z,153.70384576583612,46,100.00019836,0.12050165758440892,0.13856233881754793,0.12050165630075278,B
34.14555740,0,2023-02-22T18:05:10Z,153.70384576583612,46,100.00019836,0.12050165758440892,0.13856233881754793,0.12050165630075278,B
39.81079483,0,2023-02-22T18:05:10Z,153.70384576583612,46,100.00019836,0.12050165758440892,0.13856233881754793,0.12050165630075278,B
46.41598129,0,2023-02-22T18:05:10Z,153.70384576583612,46,100.00019836,0.12050165758440892,0.13856233881754793,0.12050165630075278,B
54.11705780,0,2023-02-22T18:05:10Z,153.70384576583612,46,100.00019836,0.12050165758440892,0.13856233881754793,0.12050165630075278,B
63.09585953,0,2023-02-22T18:05:10Z,153.70384576583612,46,100.00019836,0.12050165758440892,0.13856233881754793,0.12050165630075278,B
73.56436920,0,2023-02-22T18:05:10Z,153.70384576583612,46,100.00019836,0.12050165758440892,0.13856233881754793,0.12050165630075278,B
85.76976013,0,2023-02-22T18:05:10Z,153.70384576583612,46,100.00019836,0.12050165758440892,0.13856233881754793,0.12050165630075278,B
100.00019836,54.7570877075,2023-02-22T18:05:10Z,153.70384576583612,46,100.00019836,0.12050165758440892,0.13856233881754793,0.12050165630075278,B
116.59166718,0,2023-02-22T18:05:10Z,153.70384576583612,46,100.00019836,0.12050165758440892,0.13856233881754793,0.12050165630075278,B
135.93591309,0,2023-02-22T18:05:10Z,153.70384576583612,46,100.00019836,0.12050165758440892,0.13856233881754793,0.12050165630075278,B
158.48962402,0,2023-02-22T18:05:10Z,153.70384576583612,46,100.00019836,0.12050165758440892,0.13856233881754793,0.12050165630075278,B
184.78533936,0,2023-02-22T18:05:10Z,153.70384576583612,46,100.00019836,0.12050165758440892,0.13856233881754793,0.12050165630075278,B
215.44389343,0,2023-02-22T18:05:10Z,153.70384576583612,46,100.00019836,0.12050165758440892,0.13856233881754793,0.12050165630075278,B
251.18913269,0,2023-02-22T18:05:10Z,153.70384576583612,46,100.00019836,0.12050165758440892,0.13856233881754793,0.12050165630075278,B
292.86502075,0,2023-02-22T18:05:10Z,153.70384576583612,46,100.00019836,0.12050165758440892,0.13856233881754793,0.12050165630075278,B
341.45556641,0,2023-02-22T18:05:10Z,153.70384576583612,46,100.00019836,0.12050165758440892,0.13856233881754793,0.12050165630075278,B
398.10794067,0,2023-02-22T18:05:10Z,153.70384576583612,46,100.00019836,0.12050165758440892,0.13856233881754793,0.12050165630075278,B
464.15979004,0,2023-02-22T18:05:10Z,153.70384576583612,46,100.00019836,0.12050165758440892,0.13856233881754793,0.12050165630075278,B
541.17059326,0,2023-02-22T18:05:10Z,153.70384576583612,46,100.00019836,0.12050165758440892,0.13856233881754793,0.12050165630075278,B
630.95855713,0,2023-02-22T18:05:10Z,153.70384576583612,46,100.00019836,0.12050165758440892,0.13856233881754793,0.12050165630075278,B
735.64367676,0,2023-02-22T18:05:10Z,153.70384576583612,46,100.00019836,0.12050165758440892,0.13856233881754793,0.12050165630075278,B
857.69757080,0,2023-02-22T18:05:10Z,153.70384576583612,46,100.00019836,0.12050165758440892,0.13856233881754793,0.12050165630075278,B
1000.00195313,0,2023-02-22T18:05:10Z,153.70384576583612,46,100.00019836,0.12050165758440892,0.13856233881754793,0.12050165630075278,B
0.10000020,0,2023-02-22T18:05:11Z,173.16253746886667,37,25.11891365,0.13828950006405363,0.16426948808027964,0.13796175896314325,B
0.11659167,0,2023-02-22T18:05:11Z,173.16253746886667,37,25.11891365,0.13828950006405363,0.16426948808027964,0.13796175896314325,B
0.13593590,0,2023-02-22T18:05:11Z,173.16253746886667,37,25.11891365,0.13828950006405363,0.16426948808027964,0.13796175896314325,B
0.15848963,0,2023-02-22T18:05:11Z,173.16253746886667,37,25.11891365,0.13828950006405363,0.16426948808027964,0.13796175896314325,B
0.18478534,0,2023-02-22T18:05:11Z,173.16253746886667,37,25.11891365,0.13828950006405363,0.16426948808027964,0.13796175896314325,B
0.21544389,0,2023-02-22T18:05:11Z,173.16253746886667,37,25.11891365,0.13828950006405363,0.16426948808027964,0.13796175896314325,B
0.25118914,0,2023-02-22T18:05:11Z,173.16253746886667,37,25.11891365,0.13828950006405363,0.16426948808027964,0.13796175896314325,B
0.29286504,0,2023-02-22T18:05:11Z,173.16253746886667,37,25.11891365,0.13828950006405363,0.16426948808027964,0.13796175896314325,B
0.34145555,0,2023-02-22T18:05:11Z,173.16253746886667,37,25.11891365,0.13828950006405363,0.16426948808027964,0.13796175896314325,B
0.39810795,0,2023-02-22T18:05:11Z,173.16253746886667,37,25.11891365,0.13828950006405363,0.16426948808027964,0.13796175896314325,B
0.46415979,0,2023-02-22T18:05:11Z,173.16253746886667,37,25.11891365,0.13828950006405363,0.16426948808027964,0.13796175896314325,B
0.54117060,0,2023-02-22T18:05:11Z,173.16253746886667,37,25.11891365,0.13828950006405363,0.16426948808027964,0.13796175896314325,B
0.63095856,0,2023-02-22T18:05:11Z,173.16253746886667,37,25.11891365,0.13828950006405363,0.16426948808027964,0.13796175896314325,B
0.73564368,0,2023-02-22T18:05:11Z,173.16253746886667,37,25.11891365,0.13828950006405363,0.16426948808027964,0.13796175896314325,B
0.85769761,0,2023-02-22T18:05:11Z,173.16253746886667,37,25.11891365,0.13828950006405363,0.16426948808027964,0.13796175896314325,B
1.00000191,1.78157468326e-4,2023-02-22T18:05:11Z,173.16253746886667,37,25.11891365,0.13828950006405363,0.16426948808027964,0.13796175896314325,B
1.16591668,0.320620179176,2023-02-22T18:05:11Z,173.16253746886667,37,25.11891365,0.13828950006405363,0.16426948808027964,0.13796175896314325,B
1.35935903,5.34859991074,2023-02-22T18:05:11Z,173.16253746886667,37,25.11891365,0.13828950006405363,0.16426948808027964,0.13796175896314325,B
1.58489633,6.90078163147,2023-02-22T18:05:11Z,173.16253746886667,37,25.11891365,0.13828950006405363,0.16426948808027964,0.13796175896314325,B
1.84785342,1.22599601746,2023-02-22T18:05:11Z,173.16253746886667,37,25.11891365,0.13828950006405363,0.16426948808027964,0.13796175896314325,B
2.15443897,0.031791433692,2023-02-22T18:05:11Z,173.16253746886667,37,25.11891365,0.13828950006405363,0.16426948808027964,0.13796175896314325,B
2.51189137,7.27128863218e-5,2023-02-22T18:05:11Z,173.16253746886667,37,25.11891365,0.13828950006405363,0.16426948808027964,0.13796175896314325,B
2.92865038,2.04370920187e-9,2023-02-22T18:05:11Z,173.16253746886667,37,25.11891365,0.13828950006405363,0.16426948808027964,0.13796175896314325,B
3.41455555,3.05464486768e-22,2023-02-22T18:05:11Z,173.16253746886667,37,25.11891365,0.13828950006405363,0.16426948808027964,0.13796175896314325,B
3.98107958,0,2023-02-22T18:05:11Z,173.16253746886667,37,25.11891365,0.13828950006405363,0.16426948808027964,0.13796175896314325,B
4.64159775,9.09961469006e-4,2023-02-22T18:05:11Z,173.16253746886667,37,25.11891365,0.13828950006405363,0.16426948808027964,0.13796175896314325,B
5.41170597,0.0581473745406,2023-02-22T18:05:11Z,173.16253746886667,37,25.11891365,0.13828950006405363,0.16426948808027964,0.13796175896314325,B
6.30958605,0.263730227947,2023-02-22T18:05:11Z,173.16253746886667,37,25.11891365,0.13828950006405363,0.16426948808027964,0.13796175896314325,B
7.35643721,0.726552426815,2023-02-22T18:05:11Z,173.16253746886667,37,25.11891365,0.13828950006405363,0.16426948808027964,0.13796175896314325,B
8.57697582,1.54956877232,2023-02-22T18:05:11Z,173.16253746886667,37,25.11891365,0.13828950006405363,0.16426948808027964,0.13796175896314325,B
10.00002003,2.77589035034,2023-02-22T18:05:11Z,173.16253746886667,37,25.11891365,0.13828950006405363,0.16426948808027964,0.13796175896314325,B
11.65916729,4.3161945343,2023-02-22T18:05:11Z,173.16253746886667,37,25.11891365,0.13828950006405363,0.16426948808027964,0.13796175896314325,B
13.59359074,5.87314748764,2023-02-22T18:05:11Z,173.16253746886667,37,25.11891365,0.13828950006405363,0.16426948808027964,0.13796175896314325,B
15.84896278,6.92940807343,2023-02-22T18:05:11Z,173.16253746886667,37,25.11891365,0.13828950006405363,0.16426948808027964,0.13796175896314325,B
18.47853470,6.886074543,2023-02-22T18:05:11Z,173.16253746886667,37,25.11891365,0.13828950006405363,0.16426948808027964,0.13796175896314325,B
21.54438972,5.3890080452,2023-02-22T18:05:11Z,173.16253746886667,37,25.11891365,0.13828950006405363,0.16426948808027964,0.13796175896314325,B
25.11891365,2.78577947617,2023-02-22T18:05:11Z,173.16253746886667,37,25.11891365,0.13828950006405363,0.16426948808027964,0.13796175896314325,B
29.28650284,0.396320700645,2023-02-22T18:05:11Z,173.16253746886667,37,25.11891365,0.13828950006405363,0.16426948808027964,0.13796175896314325,B
34.14555740,0,2023-02-22T18:05:11Z,173.16253746886667,37,25.11891365,0.13828950006405363,0.16426948808027964,0.13796175896314325,B
39.81079483,0,2023-02-22T18:05:11Z,173.16253746886667,37,25.11891365,0.13828950006405363,0.16426948808027964,0.13796175896314325,B
46.41598129,0,2023-02-22T18:05:11Z,173.16253746886667,37,25.11891365,0.13828950006405363,0.16426948808027964,0.13796175896314325,B
54.11705780,0,2023-02-22T18:05:11Z,173.16253746886667,37,25.11891365,0.13828950006405363,0.16426948808027964,0.13796175896314325,B
63.09585953,0,2023-02-22T18:05:11Z,173.16253746886667,37,25.11891365,0.13828950006405363,0.16426948808027964,0.13796175896314325,B
73.56436920,0,2023-02-22T18:05:11Z,173.16253746886667,37,25.11891365,0.13828950006405363,0.16426948808027964,0.13796175896314325,B
85.76976013,0,2023-02-22T18:05:11Z,173.16253746886667,37,25.11891365,0.13828950006405363,0.16426948808027964,0.13796175896314325,B
100.00019836,48.2212257385,2023-02-22T18:05:11Z,173.16253746886667,37,25.11891365,0.13828950006405363,0.16426948808027964,0.13796175896314325,B
116.59166718,0,2023-02-22T18:05:11Z,173.16253746886667,37,25.11891365,0.13828950006405363,0.16426948808027964,0.13796175896314325,B
135.93591309,0,2023-02-22T18:05:11Z,173.16253746886667,37,25.11891365,0.13828950006405363,0.16426948808027964,0.13796175896314325,B
158.48962402,0,2023-02-22T18:05:11Z,173.16253746886667,37,25.11891365,0.13828950006405363,0.16426948808027964,0.13796175896314325,B
184.78533936,0,2023-02-22T18:05:11Z,173.16253746886667,37,25.11891365,0.13828950006405363,0.16426948808027964,0.13796175896314325,B
215.44389343,0,2023-02-22T18:05:11Z,173.16253746886667,37,25.11891365,0.13828950006405363,0.16426948808027964,0.13796175896314325,B
251.18913269,0,2023-02-22T18:05:11Z,173.16253746886667,37,25.11891365,0.13828950006405363,0.16426948808027964,0.13796175896314325,B
292.86502075,0,2023-02-22T18:05:11Z,173.16253746886667,37,25.11891365,0.13828950006405363,0.16426948808027964,0.13796175896314325,B
341.45556641,0,2023-02-22T18:05:11Z,173.16253746886667,37,25.11891365,0.13828950006405363,0.16426948808027964,0.13796175896314325,B
398.10794067,0,2023-02-22T18:05:11Z,173.16253746886667,37,25.11891365,0.13828950006405363,0.16426948808027964,0.13796175896314325,B
464.15979004,0,2023-02-22T18:05:11Z,173.16253746886667,37,25.11891365,0.13828950006405363,0.16426948808027964,0.13796175896314325,B
541.17059326,0,2023-02-22T18:05:11Z,173.16253746886667,37,25.11891365,0.13828950006405363,0.16426948808027964,0.13796175896314325,B
630.95855713,0,2023-02-22T18:05:11Z,173.16253746886667,37,25.11891365,0.13828950006405363,0.16426948808027964,0.13796175896314325,B
735.64367676,0,2023-02-22T18:05:11Z,173.16253746886667,37,25.11891365,0.13828950006405363,0.16426948808027964,0.13796175896314325,B
857.69757080,0,2023-02-22T18:05:11Z,173.16253746886667,37,25.11891365,0.13828950006405363,0.16426948808027964,0.13796175896314325,B
1000.00195313,0,2023-02-22T18:05:11Z,173.16253746886667,37,25.11891365,0.13828950006405363,0.16426948808027964,0.13796175896314325,B
0.10000020,0,2023-02-22T18:05:12Z,163.03110271030278,46,100.00019836,0.10722526550301278,0.1333425850422288,0.10722526550301278,B
0.11659167,0,2023-02-22T18:05:12Z,163.03110271030278,46,100.00019836,0.10722526550301278,0.1333425850422288,0.10722526550301278,B
0.13593590,0,2023-02-22T18:05:12Z,163.03110271030278,46,100.00019836,0.10722526550301278,0.1333425850422288,0.10722526550301278,B
0.15848963,0,2023-02-22T18:05:12Z,163.03110271030278,46,100.00019836,0.10722526550301278,0.1333425850422288,0.10722526550301278,B
0.18478534,0,2023-02-22T18:05:12Z,163.03110271030278,46,100.00019836,0.10722526550301278,0.1333425850422288,0.10722526550301278,B
0.21544389,0,2023-02-22T18:05:12Z,163.03110271030278,46,100.00019836,0.10722526550301278,0.1333425850422288,0.10722526550301278,B
0.25118914,0,2023-02-22T18:05:12Z,163.03110271030278,46,100.00019836,0.10722526550301278,0.1333425850422288,0.10722526550301278,B
0.29286504,0,2023-02-22T18:05:12Z,163.03110271030278,46,100.00019836,0.10722526550301278,0.1333425850422288,0.10722526550301278,B
0.34145555,0,2023-02-22T18:05:12Z,163.03110271030278,46,100.00019836,0.10722526550301278,0.1333425850422288,0.10722526550301278,B
0.39810795,0,2023-02-22T18:05:12Z,163.03110271030278,46,100.00019836,0.10722526550301278,0.1333425850422288,0.10722526550301278,B
0.46415979,0,2023-02-22T18:05:12Z,163.03110271030278,46,100.00019836,0.10722526550301278,0.1333425850422288,0.10722526550301278,B
0.54117060,0,2023-02-22T18:05:12Z,163.03110271030278,46,100.00019836,0.10722526550301278,0.1333425850422288,0.10722526550301278,B
0.63095856,0,2023-02-22T18:05:12Z,163.03110271030278,46,100.00019836,0.10722526550301278,0.1333425850422288,0.10722526550301278,B
0.73564368,0,2023-02-22T18:05:12Z,163.03110271030278,46,100.00019836,0.10722526550301278,0.1333425850422288,0.10722526550301278,B
0.85769761,0,2023-02-22T18:05:12Z,163.03110271030278,46,100.00019836,0.10722526550301278,0.1333425850422288,0.10722526550301278,B
1.00000191,0,2023-02-22T18:05:12Z,163.03110271030278,46,100.00019836,0.10722526550301278,0.1333425850422288,0.10722526550301278,B
1.16591668,1.27865437422e-12,2023-02-22T18:05:12Z,163.03110271030278,46,100.00019836,0.10722526550301278,0.1333425850422288,0.10722526550301278,B
1.35935903,10.7225265503,2023-02-22T18:05:12Z,163.03110271030278,46,100.00019836,0.10722526550301278,0.1333425850422288,0.10722526550301278,B
1.58489633,0,2023-02-22T18:05:12Z,163.03110271030278,46,100.00019836,0.10722526550301278,0.1333425850422288,0.10722526550301278,B
1.84785342,0,2023-02-22T18:05:12Z,163.03110271030278,46,100.00019836,0.10722526550301278,0.1333425850422288,0.10722526550301278,B
2.15443897,0,2023-02-22T18:05:12Z,163.03110271030278,46,100.00019836,0.10722526550301278,0.1333425850422288,0.10722526550301278,B
2.51189137,0,2023-02-22T18:05:12Z,163.03110271030278,46,100.00019836,0.10722526550301278,0.1333425850422288,0.10722526550301278,B
2.92865038,0,2023-02-22T18:05:12Z,163.03110271030278,46,100.00019836,0.10722526550301278,0.1333425850422288,0.10722526550301278,B
3.41455555,0,2023-02-22T18:05:12Z,163.03110271030278,46,100.00019836,0.10722526550301278,0.1333425850422288,0.10722526550301278,B
3.98107958,0,2023-02-22T18:05:12Z,163.03110271030278,46,100.00019836,0.10722526550301278,0.1333425850422288,0.10722526550301278,B
4.64159775,0,2023-02-22T18:05:12Z,163.03110271030278,46,100.00019836,0.10722526550301278,0.1333425850422288,0.10722526550301278,B
5.41170597,0.0188315585256,2023-02-22T18:05:12Z,163.03110271030278,46,100.00019836,0.10722526550301278,0.1333425850422288,0.10722526550301278,B
6.30958605,0.269473493099,2023-02-22T18:05:12Z,163.03110271030278,46,100.00019836,0.10722526550301278,0.1333425850422288,0.10722526550301278,B
7.35643721,0.764503777027,2023-02-22T18:05:12Z,163.03110271030278,46,100.00019836,0.10722526550301278,0.1333425850422288,0.10722526550301278,B
8.57697582,1.55892312527,2023-02-22T18:05:12Z,163.03110271030278,46,100.00019836,0.10722526550301278,0.1333425850422288,0.10722526550301278,B
10.00002003,2.63910913467,2023-02-22T18:05:12Z,163.03110271030278,46,100.00019836,0.10722526550301278,0.1333425850422288,0.10722526550301278,B
11.65916729,3.87548804283,2023-02-22T18:05:12Z,163.03110271030278,46,100.00019836,0.10722526550301278,0.1333425850422288,0.10722526550301278,B
13.59359074,4.98295164108,2023-02-22T18:05:12Z,163.03110271030278,46,100.00019836,0.10722526550301278,0.1333425850422288,0.10722526550301278,B
15.84896278,5.53824520111,2023-02-22T18:05:12Z,163.03110271030278,46,100.00019836,0.10722526550301278,0.1333425850422288,0.10722526550301278,B
18.47853470,5.09256029129,2023-02-22T18:05:12Z,163.03110271030278,46,100.00019836,0.10722526550301278,0.1333425850422288,0.10722526550301278,B
21.54438972,3.37773776054,2023-02-22T18:05:12Z,163.03110271030278,46,100.00019836,0.10722526550301278,0.1333425850422288,0.10722526550301278,B
25.11891365,0.578363478184,2023-02-22T18:05:12Z,163.03110271030278,46,100.00019836,0.10722526550301278,0.1333425850422288,0.10722526550301278,B
29.28650284,0,2023-02-22T18:05:12Z,163.03110271030278,46,100.00019836,0.10722526550301278,0.1333425850422288,0.10722526550301278,B
34.14555740,0,2023-02-22T18:05:12Z,163.03110271030278,46,100.00019836,0.10722526550301278,0.1333425850422288,0.10722526550301278,B
39.81079483,0,2023-02-22T18:05:12Z,163.03110271030278,46,100.00019836,0.10722526550301278,0.1333425850422288,0.10722526550301278,B
46.41598129,0,2023-02-22T18:05:12Z,163.03110271030278,46,100.00019836,0.10722526550301278,0.1333425850422288,0.10722526550301278,B
54.11705780,0,2023-02-22T18:05:12Z,163.03110271030278,46,100.00019836,0.10722526550301278,0.1333425850422288,0.10722526550301278,B
63.09585953,0,2023-02-22T18:05:12Z,163.03110271030278,46,100.00019836,0.10722526550301278,0.1333425850422288,0.10722526550301278,B
73.56436920,0,2023-02-22T18:05:12Z,163.03110271030278,46,100.00019836,0.10722526550301278,0.1333425850422288,0.10722526550301278,B
85.76976013,0,2023-02-22T18:05:12Z,163.03110271030278,46,100.00019836,0.10722526550301278,0.1333425850422288,0.10722526550301278,B
100.00019836,60.5812835693,2023-02-22T18:05:12Z,163.03110271030278,46,100.00019836,0.10722526550301278,0.1333425850422288,0.10722526550301278,B
116.59166718,0,2023-02-22T18:05:12Z,163.03110271030278,46,100.00019836,0.10722526550301278,0.1333425850422288,0.10722526550301278,B
135.93591309,0,2023-02-22T18:05:12Z,163.03110271030278,46,100.00019836,0.10722526550301278,0.1333425850422288,0.10722526550301278,B
158.48962402,0,2023-02-22T18:05:12Z,163.03110271030278,46,100.00019836,0.10722526550301278,0.1333425850422288,0.10722526550301278,B
184.78533936,0,2023-02-22T18:05:12Z,163.03110271030278,46,100.00019836,0.10722526550301278,0.1333425850422288,0.10722526550301278,B
215.44389343,0,2023-02-22T18:05:12Z,163.03110271030278,46,100.00019836,0.10722526550301278,0.1333425850422288,0.10722526550301278,B
251.18913269,0,2023-02-22T18:05:12Z,163.03110271030278,46,100.00019836,0.10722526550301278,0.1333425850422288,0.10722526550301278,B
292.86502075,0,2023-02-22T18:05:12Z,163.03110271030278,46,100.00019836,0.10722526550301278,0.1333425850422288,0.10722526550301278,B
341.45556641,0,2023-02-22T18:05:12Z,163.03110271030278,46,100.00019836,0.10722526550301278,0.1333425850422288,0.10722526550301278,B
398.10794067,0,2023-02-22T18:05:12Z,163.03110271030278,46,100.00019836,0.10722526550301278,0.1333425850422288,0.10722526550301278,B
464.15979004,0,2023-02-22T18:05:12Z,163.03110271030278,46,100.00019836,0.10722526550301278,0.1333425850422288,0.10722526550301278,B
541.17059326,0,2023-02-22T18:05:12Z,163.03110271030278,46,100.00019836,0.10722526550301278,0.1333425850422288,0.10722526550301278,B
630.95855713,0,2023-02-22T18:05:12Z,163.03110271030278,46,100.00019836,0.10722526550301278,0.1333425850422288,0.10722526550301278,B
735.64367676,0,2023-02-22T18:05:12Z,163.03110271030278,46,100.00019836,0.10722526550301278,0.1333425850422288,0.10722526550301278,B
857.69757080,0,2023-02-22T18:05:12Z,163.03110271030278,46,100.00019836,0.10722526550301278,0.1333425850422288,0.10722526550301278,B
1000.00195313,0,2023-02-22T18:05:12Z,163.03110271030278,46,100.00019836,0.10722526550301278,0.1333425850422288,0.10722526550301278,B
0.10000020,0,2023-02-22T18:05:13Z,129.55367459191945,46,100.00019836,0.10457771301304165,0.12843803465402165,0.10457771301304165,C
0.11659167,0,2023-02-22T18:05:13Z,129.55367459191945,46,100.00019836,0.10457771301304165,0.12843803465402165,0.10457771301304165,C
0.13593590,0,2023-02-22T18:05:13Z,129.55367459191945,46,100.00019836,0.10457771301304165,0.12843803465402165,0.10457771301304165,C
0.15848963,0,2023-02-22T18:05:13Z,129.55367459191945,46,100.00019836,0.10457771301304165,0.12843803465402165,0.10457771301304165,C
0.18478534,0,2023-02-22T18:05:13Z,129.55367459191945,46,100.00019836,0.10457771301304165,0.12843803465402165,0.10457771301304165,C
0.21544389,0,2023-02-22T18:05:13Z,129.55367459191945,46,100.00019836,0.10457771301304165,0.12843803465402165,0.10457771301304165,C
0.25118914,0,2023-02-22T18:05:13Z,129.55367459191945,46,100.00019836,0.10457771301304165,0.12843803465402165,0.10457771301304165,C
0.29286504,0,2023-02-22T18:05:13Z,129.55367459191945,46,100.00019836,0.10457771301304165,0.12843803465402165,0.10457771301304165,C
0.34145555,0,2023-02-22T18:05:13Z,129.55367459191945,46,100.00019836,0.10457771301304165,0.12843803465402165,0.10457771301304165,C
0.39810795,0,2023-02-22T18:05:13Z,129.55367459191945,46,100.00019836,0.10457771301304165,0.12843803465402165,0.10457771301304165,C
0.46415979,0,2023-02-22T18:05:13Z,129.55367459191945,46,100.00019836,0.10457771301304165,0.12843803465402165,0.10457771301304165,C
0.54117060,0,2023-02-22T18:05:13Z,129.55367459191945,46,100.00019836,0.10457771301304165,0.12843803465402165,0.10457771301304165,C
0.63095856,0,2023-02-22T18:05:13Z,129.55367459191945,46,100.00019836,0.10457771301304165,0.12843803465402165,0.10457771301304165,C
0.73564368,0,2023-02-22T18:05:13Z,129.55367459191945,46,100.00019836,0.10457771301304165,0.12843803465402165,0.10457771301304165,C
0.85769761,0,2023-02-22T18:05:13Z,129.55367459191945,46,100.00019836,0.10457771301304165,0.12843803465402165,0.10457771301304165,C
1.00000191,0,2023-02-22T18:05:13Z,129.55367459191945,46,100.00019836,0.10457771301304165,0.12843803465402165,0.10457771301304165,C
1.16591668,4.16599827552e-12,2023-02-22T18:05:13Z,129.55367459191945,46,100.00019836,0.10457771301304165,0.12843803465402165,0.10457771301304165,C
1.35935903,10.4577713013,2023-02-22T18:05:13Z,129.55367459191945,46,100.00019836,0.10457771301304165,0.12843803465402165,0.10457771301304165,C
1.58489633,0,2023-02-22T18:05:13Z,129.55367459191945,46,100.00019836,0.10457771301304165,0.12843803465402165,0.10457771301304165,C
1.84785342,0,2023-02-22T18:05:13Z,129.55367459191945,46,100.00019836,0.10457771301304165,0.12843803465402165,0.10457771301304165,C
2.15443897,0,2023-02-22T18:05:13Z,129.55367459191945,46,100.00019836,0.10457771301304165,0.12843803465402165,0.10457771301304165,C
2.51189137,0,2023-02-22T18:05:13Z,129.55367459191945,46,100.00019836,0.10457771301304165,0.12843803465402165,0.10457771301304165,C
2.92865038,0,2023-02-22T18:05:13Z,129.55367459191945,46,100.00019836,0.10457771301304165,0.12843803465402165,0.10457771301304165,C
3.41455555,0,2023-02-22T18:05:13Z,129.55367459191945,46,100.00019836,0.10457771301304165,0.12843803465402165,0.10457771301304165,C
3.98107958,0,2023-02-22T18:05:13Z,129.55367459191945,46,100.00019836,0.10457771301304165,0.12843803465402165,0.10457771301304165,C
4.64159775,0,2023-02-22T18:05:13Z,129.55367459191945,46,100.00019836,0.10457771301304165,0.12843803465402165,0.10457771301304165,C
5.41170597,0,2023-02-22T18:05:13Z,129.55367459191945,46,100.00019836,0.10457771301304165,0.12843803465402165,0.10457771301304165,C
6.30958605,0.201838254929,2023-02-22T18:05:13Z,129.55367459191945,46,100.00019836,0.10457771301304165,0.12843803465402165,0.10457771301304165,C
7.35643721,0.686155378819,2023-02-22T18:05:13Z,129.55367459191945,46,100.00019836,0.10457771301304165,0.12843803465402165,0.10457771301304165,C
8.57697582,1.49803853035,2023-02-22T18:05:13Z,129.55367459191945,46,100.00019836,0.10457771301304165,0.12843803465402165,0.10457771301304165,C
10.00002003,2.61841416359,2023-02-22T18:05:13Z,129.55367459191945,46,100.00019836,0.10457771301304165,0.12843803465402165,0.10457771301304165,C
11.65916729,3.8876850605,2023-02-22T18:05:13Z,129.55367459191945,46,100.00019836,0.10457771301304165,0.12843803465402165,0.10457771301304165,C
13.59359074,4.96843624115,2023-02-22T18:05:13Z,129.55367459191945,46,100.00019836,0.10457771301304165,0.12843803465402165,0.10457771301304165,C
15.84896278,5.39021348953,2023-02-22T18:05:13Z,129.55367459191945,46,100.00019836,0.10457771301304165,0.12843803465402165,0.10457771301304165,C
18.47853470,4.71455335617,2023-02-22T18:05:13Z,129.55367459191945,46,100.00019836,0.10457771301304165,0.12843803465402165,0.10457771301304165,C
21.54438972,2.79443907738,2023-02-22T18:05:13Z,129.55367459191945,46,100.00019836,0.10457771301304165,0.12843803465402165,0.10457771301304165,C
25.11891365,0.0982051044703,2023-02-22T18:05:13Z,129.55367459191945,46,100.00019836,0.10457771301304165,0.12843803465402165,0.10457771301304165,C
29.28650284,0,2023-02-22T18:05:13Z,129.55367459191945,46,100.00019836,0.10457771301304165,0.12843803465402165,0.10457771301304165,C
34.14555740,0,2023-02-22T18:05:13Z,129.55367459191945,46,100.00019836,0.10457771301304165,0.12843803465402165,0.10457771301304165,C
39.81079483,0,2023-02-22T18:05:13Z,129.55367459191945,46,100.00019836,0.10457771301304165,0.12843803465402165,0.10457771301304165,C
46.41598129,0,2023-02-22T18:05:13Z,129.55367459191945,46,100.00019836,0.10457771301304165,0.12843803465402165,0.10457771301304165,C
54.11705780,0,2023-02-22T18:05:13Z,129.55367459191945,46,100.00019836,0.10457771301304165,0.12843803465402165,0.10457771301304165,C
63.09585953,0,2023-02-22T18:05:13Z,129.55367459191945,46,100.00019836,0.10457771301304165,0.12843803465402165,0.10457771301304165,C
73.56436920,0,2023-02-22T18:05:13Z,129.55367459191945,46,100.00019836,0.10457771301304165,0.12843803465402165,0.10457771301304165,C
85.76976013,0,2023-02-22T18:05:13Z,129.55367459191945,46,100.00019836,0.10457771301304165,0.12843803465402165,0.10457771301304165,C
100.00019836,62.6842498779,2023-02-22T18:05:13Z,129.55367459191945,46,100.00019836,0.10457771301304165,0.12843803465402165,0.10457771301304165,C
116.59166718,0,2023-02-22T18:05:13Z,129.55367459191945,46,100.00019836,0.10457771301304165,0.12843803465402165,0.10457771301304165,C
135.93591309,0,2023-02-22T18:05:13Z,129.55367459191945,46,100.00019836,0.10457771301304165,0.12843803465402165,0.10457771301304165,C
158.48962402,0,2023-02-22T18:05:13Z,129.55367459191945,46,100.00019836,0.10457771301304165,0.12843803465402165,0.10457771301304165,C
184.78533936,0,2023-02-22T18:05:13Z,129.55367459191945,46,100.00019836,0.10457771301304165,0.12843803465402165,0.10457771301304165,C
215.44389343,0,2023-02-22T18:05:13Z,129.55367459191945,46,100.00019836,0.10457771301304165,0.12843803465402165,0.10457771301304165,C
251.18913269,0,2023-02-22T18:05:13Z,129.55367459191945,46,100.00019836,0.10457771301304165,0.12843803465402165,0.10457771301304165,C
292.86502075,0,2023-02-22T18:05:13Z,129.55367459191945,46,100.00019836,0.10457771301304165,0.12843803465402165,0.10457771301304165,C
341.45556641,0,2023-02-22T18:05:13Z,129.55367459191945,46,100.00019836,0.10457771301304165,0.12843803465402165,0.10457771301304165,C
398.10794067,0,2023-02-22T18:05:13Z,129.55367459191945,46,100.00019836,0.10457771301304165,0.12843803465402165,0.10457771301304165,C
464.15979004,0,2023-02-22T18:05:13Z,129.55367459191945,46,100.00019836,0.10457771301304165,0.12843803465402165,0.10457771301304165,C
541.17059326,0,2023-02-22T18:05:13Z,129.55367459191945,46,100.00019836,0.10457771301304165,0.12843803465402165,0.10457771301304165,C
630.95855713,0,2023-02-22T18:05:13Z,129.55367459191945,46,100.00019836,0.10457771301304165,0.12843803465402165,0.10457771301304165,C
735.64367676,0,2023-02-22T18:05:13Z,129.55367459191945,46,100.00019836,0.10457771301304165,0.12843803465402165,0.10457771301304165,C
857.69757080,0,2023-02-22T18:05:13Z,129.55367459191945,46,100.00019836,0.10457771301304165,0.12843803465402165,0.10457771301304165,C
1000.00195313,0,2023-02-22T18:05:13Z,129.55367459191945,46,100.00019836,0.10457771301304165,0.12843803465402165,0.10457771301304165,C
0.10000020,0,2023-02-22T18:05:14Z,148.84654585518334,46,100.00019836,0.10913721084601899,0.12296816490596799,0.10913721084601899,C
0.11659167,0,2023-02-22T18:05:14Z,148.84654585518334,46,100.00019836,0.10913721084601899,0.12296816490596799,0.10913721084601899,C
0.13593590,0,2023-02-22T18:05:14Z,148.84654585518334,46,100.00019836,0.10913721084601899,0.12296816490596799,0.10913721084601899,C
0.15848963,0,2023-02-22T18:05:14Z,148.84654585518334,46,100.00019836,0.10913721084601899,0.12296816490596799,0.10913721084601899,C
0.18478534,0,2023-02-22T18:05:14Z,148.84654585518334,46,100.00019836,0.10913721084601899,0.12296816490596799,0.10913721084601899,C
0.21544389,0,2023-02-22T18:05:14Z,148.84654585518334,46,100.00019836,0.10913721084601899,0.12296816490596799,0.10913721084601899,C
0.25118914,0,2023-02-22T18:05:14Z,148.84654585518334,46,100.00019836,0.10913721084601899,0.12296816490596799,0.10913721084601899,C
0.29286504,0,2023-02-22T18:05:14Z,148.84654585518334,46,100.00019836,0.10913721084601899,0.12296816490596799,0.10913721084601899,C
0.34145555,0,2023-02-22T18:05:14Z,148.84654585518334,46,100.00019836,0.10913721084601899,0.12296816490596799,0.10913721084601899,C
0.39810795,0,2023-02-22T18:05:14Z,148.84654585518334,46,100.00019836,0.10913721084601899,0.12296816490596799,0.10913721084601899,C
0.46415979,0,2023-02-22T18:05:14Z,148.84654585518334,46,100.00019836,0.10913721084601899,0.12296816490596799,0.10913721084601899,C
0.54117060,0,2023-02-22T18:05:14Z,148.84654585518334,46,100.00019836,0.10913721084601899,0.12296816490596799,0.10913721084601899,C
0.63095856,0,2023-02-22T18:05:14Z,148.84654585518334,46,100.00019836,0.10913721084601899,0.12296816490596799,0.10913721084601899,C
0.73564368,0,2023-02-22T18:05:14Z,148.84654585518334,46,100.00019836,0.10913721084601899,0.12296816490596799,0.10913721084601899,C
0.85769761,0,2023-02-22T18:05:14Z,148.84654585518334,46,100.00019836,0.10913721084601899,0.12296816490596799,0.10913721084601899,C
1.00000191,0,2023-02-22T18:05:14Z,148.84654585518334,46,100.00019836,0.10913721084601899,0.12296816490596799,0.10913721084601899,C
1.16591668,1.89879427286e-12,2023-02-22T18:05:14Z,148.84654585518334,46,100.00019836,0.10913721084601899,0.12296816490596799,0.10913721084601899,C
1.35935903,10.9137210846,2023-02-22T18:05:14Z,148.84654585518334,46,100.00019836,0.10913721084601899,0.12296816490596799,0.10913721084601899,C
1.58489633,0,2023-02-22T18:05:14Z,148.84654585518334,46,100.00019836,0.10913721084601899,0.12296816490596799,0.10913721084601899,C
1.84785342,0,2023-02-22T18:05:14Z,148.84654585518334,46,100.00019836,0.10913721084601899,0.12296816490596799,0.10913721084601899,C
2.15443897,0,2023-02-22T18:05:14Z,148.84654585518334,46,100.00019836,0.10913721084601899,0.12296816490596799,0.10913721084601899,C
2.51189137,0,2023-02-22T18:05:14Z,148.84654585518334,46,100.00019836,0.10913721084601899,0.12296816490596799,0.10913721084601899,C
2.92865038,0,2023-02-22T18:05:14Z,148.84654585518334,46,100.00019836,0.10913721084601899,0.12296816490596799,0.10913721084601899,C
3.41455555,0,2023-02-22T18:05:14Z,148.84654585518334,46,100.00019836,0.10913721084601899,0.12296816490596799,0.10913721084601899,C
3.98107958,0,2023-02-22T18:05:14Z,148.84654585518334,46,100.00019836,0.10913721084601899,0.12296816490596799,0.10913721084601899,C
4.64159775,0,2023-02-22T18:05:14Z,148.84654585518334,46,100.00019836,0.10913721084601899,0.12296816490596799,0.10913721084601899,C
5.41170597,0,2023-02-22T18:05:14Z,148.84654585518334,46,100.00019836,0.10913721084601899,0.12296816490596799,0.10913721084601899,C
6.30958605,0.0584371909499,2023-02-22T18:05:14Z,148.84654585518334,46,100.00019836,0.10913721084601899,0.12296816490596799,0.10913721084601899,C
7.35643721,0.350458502769,2023-02-22T18:05:14Z,148.84654585518334,46,100.00019836,0.10913721084601899,0.12296816490596799,0.10913721084601899,C
8.57697582,0.974199712276,2023-02-22T18:05:14Z,148.84654585518334,46,100.00019836,0.10913721084601899,0.12296816490596799,0.10913721084601899,C
10.00002003,2.00120162964,2023-02-22T18:05:14Z,148.84654585518334,46,100.00019836,0.10913721084601899,0.12296816490596799,0.10913721084601899,C
11.65916729,3.34690523148,2023-02-22T18:05:14Z,148.84654585518334,46,100.00019836,0.10913721084601899,0.12296816490596799,0.10913721084601899,C
13.59359074,4.66582298279,2023-02-22T18:05:14Z,148.84654585518334,46,100.00019836,0.10913721084601899,0.12296816490596799,0.10913721084601899,C
15.84896278,5.3538184166,2023-02-22T18:05:14Z,148.84654585518334,46,100.00019836,0.10913721084601899,0.12296816490596799,0.10913721084601899,C
18.47853470,4.77087402344,2023-02-22T18:05:14Z,148.84654585518334,46,100.00019836,0.10913721084601899,0.12296816490596799,0.10913721084601899,C
21.54438972,2.69058132172,2023-02-22T18:05:14Z,148.84654585518334,46,100.00019836,0.10913721084601899,0.12296816490596799,0.10913721084601899,C
25.11891365,0,2023-02-22T18:05:14Z,148.84654585518334,46,100.00019836,0.10913721084601899,0.12296816490596799,0.10913721084601899,C
29.28650284,0,2023-02-22T18:05:14Z,148.84654585518334,46,100.00019836,0.10913721084601899,0.12296816490596799,0.10913721084601899,C
34.14555740,0,2023-02-22T18:05:14Z,148.84654585518334,46,100.00019836,0.10913721084601899,0.12296816490596799,0.10913721084601899,C
39.81079483,0,2023-02-22T18:05:14Z,148.84654585518334,46,100.00019836,0.10913721084601899,0.12296816490596799,0.10913721084601899,C
46.41598129,0,2023-02-22T18:05:14Z,148.84654585518334,46,100.00019836,0.10913721084601899,0.12296816490596799,0.10913721084601899,C
54.11705780,0,2023-02-22T18:05:14Z,148.84654585518334,46,100.00019836,0.10913721084601899,0.12296816490596799,0.10913721084601899,C
63.09585953,0,2023-02-22T18:05:14Z,148.84654585518334,46,100.00019836,0.10913721084601899,0.12296816490596799,0.10913721084601899,C
73.56436920,0,2023-02-22T18:05:14Z,148.84654585518334,46,100.00019836,0.10913721084601899,0.12296816490596799,0.10913721084601899,C
85.76976013,0,2023-02-22T18:05:14Z,148.84654585518334,46,100.00019836,0.10913721084601899,0.12296816490596799,0.10913721084601899,C
100.00019836,64.8739776611,2023-02-22T18:05:14Z,148.84654585518334,46,100.00019836,0.10913721084601899,0.12296816490596799,0.10913721084601899,C
116.59166718,0,2023-02-22T18:05:14Z,148.84654585518334,46,100.00019836,0.10913721084601899,0.12296816490596799,0.10913721084601899,C
135.93591309,0,2023-02-22T18:05:14Z,148.84654585518334,46,100.00019836,0.10913721084601899,0.12296816490596799,0.10913721084601899,C
158.48962402,0,2023-02-22T18:05:14Z,148.84654585518334,46,100.00019836,0.10913721084601899,0.12296816490596799,0.10913721084601899,C
184.78533936,0,2023-02-22T18:05:14Z,148.84654585518334,46,100.00019836,0.10913721084601899,0.12296816490596799,0.10913721084601899,C
215.44389343,0,2023-02-22T18:05:14Z,148.84654585518334,46,100.00019836,0.10913721084601899,0.12296816490596799,0.10913721084601899,C
251.18913269,0,2023-02-22T18:05:14Z,148.84654585518334,46,100.00019836,0.10913721084601899,0.12296816490596799,0.10913721084601899,C
292.86502075,0,2023-02-22T18:05:14Z,148.84654585518334,46,100.00019836,0.10913721084601899,0.12296816490596799,0.10913721084601899,C
341.45556641,0,2023-02-22T18:05:14Z,148.84654585518334,46,100.00019836,0.10913721084601899,0.12296816490596799,0.10913721084601899,C
398.10794067,0,2023-02-22T18:05:14Z,148.84654585518334,46,100.00019836,0.10913721084601899,0.12296816490596799,0.10913721084601899,C
464.15979004,0,2023-02-22T18:05:14Z,148.84654585518334,46,100.00019836,0.10913721084601899,0.12296816490596799,0.10913721084601899,C
541.17059326,0,2023-02-22T18:05:14Z,148.84654585518334,46,100.00019836,0.10913721084601899,0.12296816490596799,0.10913721084601899,C
630.95855713,0,2023-02-22T18:05:14Z,148.84654585518334,46,100.00019836,0.10913721084601899,0.12296816490596799,0.10913721084601899,C
735.64367676,0,2023-02-22T18:05:14Z,148.84654585518334,46,100.00019836,0.10913721084601899,0.12296816490596799,0.10913721084601899,C
857.69757080,0,2023-02-22T18:05:14Z,148.84654585518334,46,100.00019836,0.10913721084601899,0.12296816490596799,0.10913721084601899,C
1000.00195313,0,2023-02-22T18:05:14Z,148.84654585518334,46,100.00019836,0.10913721084601899,0.12296816490596799,0.10913721084601899,C
0.10000020,0,2023-02-22T18:05:15Z,126.75540913475,46,100.00019836,0.100445318222,0.127551392540303,0.100445318222,C
0.11659167,0,2023-02-22T18:05:15Z,126.75540913475,46,100.00019836,0.100445318222,0.127551392540303,0.100445318222,C
0.13593590,0,2023-02-22T18:05:15Z,126.75540913475,46,100.00019836,0.100445318222,0.127551392540303,0.100445318222,C
0.15848963,0,2023-02-22T18:05:15Z,126.75540913475,46,100.00019836,0.100445318222,0.127551392540303,0.100445318222,C
0.18478534,0,2023-02-22T18:05:15Z,126.75540913475,46,100.00019836,0.100445318222,0.127551392540303,0.100445318222,C
0.21544389,0,2023-02-22T18:05:15Z,126.75540913475,46,100.00019836,0.100445318222,0.127551392540303,0.100445318222,C
0.25118914,0,2023-02-22T18:05:15Z,126.75540913475,46,100.00019836,0.100445318222,0.127551392540303,0.100445318222,C
0.29286504,0,2023-02-22T18:05:15Z,126.75540913475,46,100.00019836,0.100445318222,0.127551392540303,0.100445318222,C
0.34145555,0,2023-02-22T18:05:15Z,126.75540913475,46,100.00019836,0.100445318222,0.127551392540303,0.100445318222,C
0.39810795,0,2023-02-22T18:05:15Z,126.75540913475,46,100.00019836,0.100445318222,0.127551392540303,0.100445318222,C
0.46415979,0,2023-02-22T18:05:15Z,126.75540913475,46,100.00019836,0.100445318222,0.127551392540303,0.100445318222,C
0.54117060,0,2023-02-22T18:05:15Z,126.75540913475,46,100.00019836,0.100445318222,0.127551392540303,0.100445318222,C
0.63095856,0,2023-02-22T18:05:15Z,126.75540913475,46,100.00019836,0.100445318222,0.127551392540303,0.100445318222,C
0.73564368,0,2023-02-22T18:05:15Z,126.75540913475,46,100.00019836,0.100445318222,0.127551392540303,0.100445318222,C
0.85769761,0,2023-02-22T18:05:15Z,126.75540913475,46,100.00019836,0.100445318222,0.127551392540303,0.100445318222,C
1.00000191,0,2023-02-22T18:05:15Z,126.75540913475,46,100.00019836,0.100445318222,0.127551392540303,0.100445318222,C
1.16591668,0,2023-02-22T18:05:15Z,126.75540913475,46,100.00019836,0.100445318222,0.127551392540303,0.100445318222,C
1.35935903,10.0445318222,2023-02-22T18:05:15Z,126.75540913475,46,100.00019836,0.100445318222,0.127551392540303,0.100445318222,C
1.58489633,0,2023-02-22T18:05:15Z,126.75540913475,46,100.00019836,0.100445318222,0.127551392540303,0.100445318222,C
1.84785342,0,2023-02-22T18:05:15Z,126.75540913475,46,100.00019836,0.100445318222,0.127551392540303,0.100445318222,C
2.15443897,0,2023-02-22T18:05:15Z,126.75540913475,46,100.00019836,0.100445318222,0.127551392540303,0.100445318222,C
2.51189137,0,2023-02-22T18:05:15Z,126.75540913475,46,100.00019836,0.100445318222,0.127551392540303,0.100445318222,C
2.92865038,0,2023-02-22T18:05:15Z,126.75540913475,46,100.00019836,0.100445318222,0.127551392540303,0.100445318222,C
3.41455555,0,2023-02-22T18:05:15Z,126.75540913475,46,100.00019836,0.100445318222,0.127551392540303,0.100445318222,C
3.98107958,0,2023-02-22T18:05:15Z,126.75540913475,46,100.00019836,0.100445318222,0.127551392540303,0.100445318222,C
4.64159775,0,2023-02-22T18:05:15Z,126.75540913475,46,100.00019836,0.100445318222,0.127551392540303,0.100445318222,C
5.41170597,0.0336063429713,2023-02-22T18:05:15Z,126.75540913475,46,100.00019836,0.100445318222,0.127551392540303,0.100445318222,C
6.30958605,0.285229533911,2023-02-22T18:05:15Z,126.75540913475,46,100.00019836,0.100445318222,0.127551392540303,0.100445318222,C
7.35643721,0.788571119308,2023-02-22T18:05:15Z,126.75540913475,46,100.00019836,0.100445318222,0.127551392540303,0.100445318222,C
8.57697582,1.60320043564,2023-02-22T18:05:15Z,126.75540913475,46,100.00019836,0.100445318222,0.127551392540303,0.100445318222,C
10.00002003,2.72097587585,2023-02-22T18:05:15Z,126.75540913475,46,100.00019836,0.100445318222,0.127551392540303,0.100445318222,C
11.65916729,4.01474618912,2023-02-22T18:05:15Z,126.75540913475,46,100.00019836,0.100445318222,0.127551392540303,0.100445318222,C
13.59359074,5.19416475296,2023-02-22T18:05:15Z,126.75540913475,46,100.00019836,0.100445318222,0.127551392540303,0.100445318222,C
15.84896278,5.82050132751,2023-02-22T18:05:15Z,126.75540913475,46,100.00019836,0.100445318222,0.127551392540303,0.100445318222,C
18.47853470,5.42451620102,2023-02-22T18:05:15Z,126.75540913475,46,100.00019836,0.100445318222,0.127551392540303,0.100445318222,C
21.54438972,3.73231720924,2023-02-22T18:05:15Z,126.75540913475,46,100.00019836,0.100445318222,0.127551392540303,0.100445318222,C
25.11891365,0.987807929516,2023-02-22T18:05:15Z,126.75540913475,46,100.00019836,0.100445318222,0.127551392540303,0.100445318222,C
29.28650284,0,2023-02-22T18:05:15Z,126.75540913475,46,100.00019836,0.100445318222,0.127551392540303,0.100445318222,C
34.14555740,0,2023-02-22T18:05:15Z,126.75540913475,46,100.00019836,0.100445318222,0.127551392540303,0.100445318222,C
39.81079483,0,2023-02-22T18:05:15Z,126.75540913475,46,100.00019836,0.100445318222,0.127551392540303,0.100445318222,C
46.41598129,0,2023-02-22T18:05:15Z,126.75540913475,46,100.00019836,0.100445318222,0.127551392540303,0.100445318222,C
54.11705780,0,2023-02-22T18:05:15Z,126.75540913475,46,100.00019836,0.100445318222,0.127551392540303,0.100445318222,C
63.09585953,0,2023-02-22T18:05:15Z,126.75540913475,46,100.00019836,0.100445318222,0.127551392540303,0.100445318222,C
73.56436920,0,2023-02-22T18:05:15Z,126.75540913475,46,100.00019836,0.100445318222,0.127551392540303,0.100445318222,C
85.76976013,0,2023-02-22T18:05:15Z,126.75540913475,46,100.00019836,0.100445318222,0.127551392540303,0.100445318222,C
100.00019836,59.3498306274,2023-02-22T18:05:15Z,126.75540913475,46,100.00019836,0.100445318222,0.127551392540303,0.100445318222,C
116.59166718,0,2023-02-22T18:05:15Z,126.75540913475,46,100.00019836,0.100445318222,0.127551392540303,0.100445318222,C
135.93591309,0,2023-02-22T18:05:15Z,126.75540913475,46,100.00019836,0.100445318222,0.127551392540303,0.100445318222,C
158.48962402,0,2023-02-22T18:05:15Z,126.75540913475,46,100.00019836,0.100445318222,0.127551392540303,0.100445318222,C
184.78533936,0,2023-02-22T18:05:15Z,126.75540913475,46,100.00019836,0.100445318222,0.127551392540303,0.100445318222,C
215.44389343,0,2023-02-22T18:05:15Z,126.75540913475,46,100.00019836,0.100445318222,0.127551392540303,0.100445318222,C
251.18913269,0,2023-02-22T18:05:15Z,126.75540913475,46,100.00019836,0.100445318222,0.127551392540303,0.100445318222,C
292.86502075,0,2023-02-22T18:05:15Z,126.75540913475,46,100.00019836,0.100445318222,0.127551392540303,0.100445318222,C
341.45556641,0,2023-02-22T18:05:15Z,126.75540913475,46,100.00019836,0.100445318222,0.127551392540303,0.100445318222,C
398.10794067,0,2023-02-22T18:05:15Z,126.75540913475,46,100.00019836,0.100445318222,0.127551392540303,0.100445318222,C
464.15979004,0,2023-02-22T18:05:15Z,126.75540913475,46,100.00019836,0.100445318222,0.127551392540303,0.100445318222,C
541.17059326,0,2023-02-22T18:05:15Z,126.75540913475,46,100.00019836,0.100445318222,0.127551392540303,0.100445318222,C
630.95855713,0,2023-02-22T18:05:15Z,126.75540913475,46,100.00019836,0.100445318222,0.127551392540303,0.100445318222,C
735.64367676,0,2023-02-22T18:05:15Z,126.75540913475,46,100.00019836,0.100445318222,0.127551392540303,0.100445318222,C
857.69757080,0,2023-02-22T18:05:15Z,126.75540913475,46,100.00019836,0.100445318222,0.127551392540303,0.100445318222,C
1000.00195313,0,2023-02-22T18:05:15Z,126.75540913475,46,100.00019836,0.100445318222,0.127551392540303,0.100445318222,C
0.10000020,0,2023-02-22T18:05:16Z,189.60723940527777,46,100.00019836,0.10549985885600112,0.12794943613913012,0.10549985885600112,B
0.11659167,0,2023-02-22T18:05:16Z,189.60723940527777,46,100.00019836,0.10549985885600112,0.12794943613913012,0.10549985885600112,B
0.13593590,0,2023-02-22T18:05:16Z,189.60723940527777,46,100.00019836,0.10549985885600112,0.12794943613913012,0.10549985885600112,B
0.15848963,0,2023-02-22T18:05:16Z,189.60723940527777,46,100.00019836,0.10549985885600112,0.12794943613913012,0.10549985885600112,B
0.18478534,0,2023-02-22T18:05:16Z,189.60723940527777,46,100.00019836,0.10549985885600112,0.12794943613913012,0.10549985885600112,B
0.21544389,0,2023-02-22T18:05:16Z,189.60723940527777,46,100.00019836,0.10549985885600112,0.12794943613913012,0.10549985885600112,B
0.25118914,0,2023-02-22T18:05:16Z,189.60723940527777,46,100.00019836,0.10549985885600112,0.12794943613913012,0.10549985885600112,B
0.29286504,0,2023-02-22T18:05:16Z,189.60723940527777,46,100.00019836,0.10549985885600112,0.12794943613913012,0.10549985885600112,B
0.34145555,0,2023-02-22T18:05:16Z,189.60723940527777,46,100.00019836,0.10549985885600112,0.12794943613913012,0.10549985885600112,B
0.39810795,0,2023-02-22T18:05:16Z,189.60723940527777,46,100.00019836,0.10549985885600112,0.12794943613913012,0.10549985885600112,B
0.46415979,0,2023-02-22T18:05:16Z,189.60723940527777,46,100.00019836,0.10549985885600112,0.12794943613913012,0.10549985885600112,B
0.54117060,0,2023-02-22T18:05:16Z,189.60723940527777,46,100.00019836,0.10549985885600112,0.12794943613913012,0.10549985885600112,B
0.63095856,0,2023-02-22T18:05:16Z,189.60723940527777,46,100.00019836,0.10549985885600112,0.12794943613913012,0.10549985885600112,B
0.73564368,0,2023-02-22T18:05:16Z,189.60723940527777,46,100.00019836,0.10549985885600112,0.12794943613913012,0.10549985885600112,B
0.85769761,0,2023-02-22T18:05:16Z,189.60723940527777,46,100.00019836,0.10549985885600112,0.12794943613913012,0.10549985885600112,B
1.00000191,0,2023-02-22T18:05:16Z,189.60723940527777,46,100.00019836,0.10549985885600112,0.12794943613913012,0.10549985885600112,B
1.16591668,1.10948156586e-13,2023-02-22T18:05:16Z,189.60723940527777,46,100.00019836,0.10549985885600112,0.12794943613913012,0.10549985885600112,B
1.35935903,10.5499858856,2023-02-22T18:05:16Z,189.60723940527777,46,100.00019836,0.10549985885600112,0.12794943613913012,0.10549985885600112,B
1.58489633,1.03945818644e-15,2023-02-22T18:05:16Z,189.60723940527777,46,100.00019836,0.10549985885600112,0.12794943613913012,0.10549985885600112,B
1.84785342,0,2023-02-22T18:05:16Z,189.60723940527777,46,100.00019836,0.10549985885600112,0.12794943613913012,0.10549985885600112,B
2.15443897,0,2023-02-22T18:05:16Z,189.60723940527777,46,100.00019836,0.10549985885600112,0.12794943613913012,0.10549985885600112,B
2.51189137,0,2023-02-22T18:05:16Z,189.60723940527777,46,100.00019836,0.10549985885600112,0.12794943613913012,0.10549985885600112,B
2.92865038,0,2023-02-22T18:05:16Z,189.60723940527777,46,100.00019836,0.10549985885600112,0.12794943613913012,0.10549985885600112,B
3.41455555,0,2023-02-22T18:05:16Z,189.60723940527777,46,100.00019836,0.10549985885600112,0.12794943613913012,0.10549985885600112,B
3.98107958,0,2023-02-22T18:05:16Z,189.60723940527777,46,100.00019836,0.10549985885600112,0.12794943613913012,0.10549985885600112,B
4.64159775,0,2023-02-22T18:05:16Z,189.60723940527777,46,100.00019836,0.10549985885600112,0.12794943613913012,0.10549985885600112,B
5.41170597,0.0126643907279,2023-02-22T18:05:16Z,189.60723940527777,46,100.00019836,0.10549985885600112,0.12794943613913012,0.10549985885600112,B
6.30958605,0.215012818575,2023-02-22T18:05:16Z,189.60723940527777,46,100.00019836,0.10549985885600112,0.12794943613913012,0.10549985885600112,B
7.35643721,0.64550536871,2023-02-22T18:05:16Z,189.60723940527777,46,100.00019836,0.10549985885600112,0.12794943613913012,0.10549985885600112,B
8.57697582,1.3717751503,2023-02-22T18:05:16Z,189.60723940527777,46,100.00019836,0.10549985885600112,0.12794943613913012,0.10549985885600112,B
10.00002003,2.40661358833,2023-02-22T18:05:16Z,189.60723940527777,46,100.00019836,0.10549985885600112,0.12794943613913012,0.10549985885600112,B
11.65916729,3.65447592735,2023-02-22T18:05:16Z,189.60723940527777,46,100.00019836,0.10549985885600112,0.12794943613913012,0.10549985885600112,B
13.59359074,4.85942459106,2023-02-22T18:05:16Z,189.60723940527777,46,100.00019836,0.10549985885600112,0.12794943613913012,0.10549985885600112,B
15.84896278,5.60343980789,2023-02-22T18:05:16Z,189.60723940527777,46,100.00019836,0.10549985885600112,0.12794943613913012,0.10549985885600112,B
18.47853470,5.4052362442,2023-02-22T18:05:16Z,189.60723940527777,46,100.00019836,0.10549985885600112,0.12794943613913012,0.10549985885600112,B
21.54438972,3.93565297127,2023-02-22T18:05:16Z,189.60723940527777,46,100.00019836,0.10549985885600112,0.12794943613913012,0.10549985885600112,B
25.11891365,1.34414291382,2023-02-22T18:05:16Z,189.60723940527777,46,100.00019836,0.10549985885600112,0.12794943613913012,0.10549985885600112,B
29.28650284,0,2023-02-22T18:05:16Z,189.60723940527777,46,100.00019836,0.10549985885600112,0.12794943613913012,0.10549985885600112,B
34.14555740,0,2023-02-22T18:05:16Z,189.60723940527777,46,100.00019836,0.10549985885600112,0.12794943613913012,0.10549985885600112,B
39.81079483,0,2023-02-22T18:05:16Z,189.60723940527777,46,100.00019836,0.10549985885600112,0.12794943613913012,0.10549985885600112,B
46.41598129,0,2023-02-22T18:05:16Z,189.60723940527777,46,100.00019836,0.10549985885600112,0.12794943613913012,0.10549985885600112,B
54.11705780,0,2023-02-22T18:05:16Z,189.60723940527777,46,100.00019836,0.10549985885600112,0.12794943613913012,0.10549985885600112,B
63.09585953,0,2023-02-22T18:05:16Z,189.60723940527777,46,100.00019836,0.10549985885600112,0.12794943613913012,0.10549985885600112,B
73.56436920,0,2023-02-22T18:05:16Z,189.60723940527777,46,100.00019836,0.10549985885600112,0.12794943613913012,0.10549985885600112,B
85.76976013,0,2023-02-22T18:05:16Z,189.60723940527777,46,100.00019836,0.10549985885600112,0.12794943613913012,0.10549985885600112,B
100.00019836,59.9960746765,2023-02-22T18:05:16Z,189.60723940527777,46,100.00019836,0.10549985885600112,0.12794943613913012,0.10549985885600112,B
116.59166718,0,2023-02-22T18:05:16Z,189.60723940527777,46,100.00019836,0.10549985885600112,0.12794943613913012,0.10549985885600112,B
135.93591309,0,2023-02-22T18:05:16Z,189.60723940527777,46,100.00019836,0.10549985885600112,0.12794943613913012,0.10549985885600112,B
158.48962402,0,2023-02-22T18:05:16Z,189.60723940527777,46,100.00019836,0.10549985885600112,0.12794943613913012,0.10549985885600112,B
184.78533936,0,2023-02-22T18:05:16Z,189.60723940527777,46,100.00019836,0.10549985885600112,0.12794943613913012,0.10549985885600112,B
215.44389343,0,2023-02-22T18:05:16Z,189.60723940527777,46,100.00019836,0.10549985885600112,0.12794943613913012,0.10549985885600112,B
251.18913269,0,2023-02-22T18:05:16Z,189.60723940527777,46,100.00019836,0.10549985885600112,0.12794943613913012,0.10549985885600112,B
292.86502075,0,2023-02-22T18:05:16Z,189.60723940527777,46,100.00019836,0.10549985885600112,0.12794943613913012,0.10549985885600112,B
341.45556641,0,2023-02-22T18:05:16Z,189.60723940527777,46,100.00019836,0.10549985885600112,0.12794943613913012,0.10549985885600112,B
398.10794067,0,2023-02-22T18:05:16Z,189.60723940527777,46,100.00019836,0.10549985885600112,0.12794943613913012,0.10549985885600112,B
464.15979004,0,2023-02-22T18:05:16Z,189.60723940527777,46,100.00019836,0.10549985885600112,0.12794943613913012,0.10549985885600112,B
541.17059326,0,2023-02-22T18:05:16Z,189.60723940527777,46,100.00019836,0.10549985885600112,0.12794943613913012,0.10549985885600112,B
630.95855713,0,2023-02-22T18:05:16Z,189.60723940527777,46,100.00019836,0.10549985885600112,0.12794943613913012,0.10549985885600112,B
735.64367676,0,2023-02-22T18:05:16Z,189.60723940527777,46,100.00019836,0.10549985885600112,0.12794943613913012,0.10549985885600112,B
857.69757080,0,2023-02-22T18:05:16Z,189.60723940527777,46,100.00019836,0.10549985885600112,0.12794943613913012,0.10549985885600112,B
1000.00195313,0,2023-02-22T18:05:16Z,189.60723940527777,46,100.00019836,0.10549985885600112,0.12794943613913012,0.10549985885600112,B
0.10000020,0,2023-02-22T18:05:17Z,153.59713723926666,38,29.28650284,0.1392625210833615,0.1863991418134615,0.13924248371813736,B
0.11659167,0,2023-02-22T18:05:17Z,153.59713723926666,38,29.28650284,0.1392625210833615,0.1863991418134615,0.13924248371813736,B
0.13593590,0,2023-02-22T18:05:17Z,153.59713723926666,38,29.28650284,0.1392625210833615,0.1863991418134615,0.13924248371813736,B
0.15848963,0,2023-02-22T18:05:17Z,153.59713723926666,38,29.28650284,0.1392625210833615,0.1863991418134615,0.13924248371813736,B
0.18478534,0,2023-02-22T18:05:17Z,153.59713723926666,38,29.28650284,0.1392625210833615,0.1863991418134615,0.13924248371813736,B
0.21544389,0,2023-02-22T18:05:17Z,153.59713723926666,38,29.28650284,0.1392625210833615,0.1863991418134615,0.13924248371813736,B
0.25118914,0,2023-02-22T18:05:17Z,153.59713723926666,38,29.28650284,0.1392625210833615,0.1863991418134615,0.13924248371813736,B
0.29286504,0,2023-02-22T18:05:17Z,153.59713723926666,38,29.28650284,0.1392625210833615,0.1863991418134615,0.13924248371813736,B
0.34145555,0,2023-02-22T18:05:17Z,153.59713723926666,38,29.28650284,0.1392625210833615,0.1863991418134615,0.13924248371813736,B
0.39810795,0,2023-02-22T18:05:17Z,153.59713723926666,38,29.28650284,0.1392625210833615,0.1863991418134615,0.13924248371813736,B
0.46415979,0,2023-02-22T18:05:17Z,153.59713723926666,38,29.28650284,0.1392625210833615,0.1863991418134615,0.13924248371813736,B
0.54117060,0,2023-02-22T18:05:17Z,153.59713723926666,38,29.28650284,0.1392625210833615,0.1863991418134615,0.13924248371813736,B
0.63095856,0,2023-02-22T18:05:17Z,153.59713723926666,38,29.28650284,0.1392625210833615,0.1863991418134615,0.13924248371813736,B
0.73564368,0,2023-02-22T18:05:17Z,153.59713723926666,38,29.28650284,0.1392625210833615,0.1863991418134615,0.13924248371813736,B
0.85769761,0,2023-02-22T18:05:17Z,153.59713723926666,38,29.28650284,0.1392625210833615,0.1863991418134615,0.13924248371813736,B
1.00000191,1.19400947369e-5,2023-02-22T18:05:17Z,153.59713723926666,38,29.28650284,0.1392625210833615,0.1863991418134615,0.13924248371813736,B
1.16591668,0.378357052803,2023-02-22T18:05:17Z,153.59713723926666,38,29.28650284,0.1392625210833615,0.1863991418134615,0.13924248371813736,B
1.35935903,9.03605270386,2023-02-22T18:05:17Z,153.59713723926666,38,29.28650284,0.1392625210833615,0.1863991418134615,0.13924248371813736,B
1.58489633,4.40074443817,2023-02-22T18:05:17Z,153.59713723926666,38,29.28650284,0.1392625210833615,0.1863991418134615,0.13924248371813736,B
1.84785342,0.109082236886,2023-02-22T18:05:17Z,153.59713723926666,38,29.28650284,0.1392625210833615,0.1863991418134615,0.13924248371813736,B
2.15443897,1.56859125127e-4,2023-02-22T18:05:17Z,153.59713723926666,38,29.28650284,0.1392625210833615,0.1863991418134615,0.13924248371813736,B
2.51189137,6.52416742852e-9,2023-02-22T18:05:17Z,153.59713723926666,38,29.28650284,0.1392625210833615,0.1863991418134615,0.13924248371813736,B
2.92865038,5.18897624504e-16,2023-02-22T18:05:17Z,153.59713723926666,38,29.28650284,0.1392625210833615,0.1863991418134615,0.13924248371813736,B
3.41455555,1.10911602154e-32,2023-02-22T18:05:17Z,153.59713723926666,38,29.28650284,0.1392625210833615,0.1863991418134615,0.13924248371813736,B
3.98107958,0,2023-02-22T18:05:17Z,153.59713723926666,38,29.28650284,0.1392625210833615,0.1863991418134615,0.13924248371813736,B
4.64159775,0.00184687087312,2023-02-22T18:05:17Z,153.59713723926666,38,29.28650284,0.1392625210833615,0.1863991418134615,0.13924248371813736,B
5.41170597,0.227586552501,2023-02-22T18:05:17Z,153.59713723926666,38,29.28650284,0.1392625210833615,0.1863991418134615,0.13924248371813736,B
6.30958605,0.707768082619,2023-02-22T18:05:17Z,153.59713723926666,38,29.28650284,0.1392625210833615,0.1863991418134615,0.13924248371813736,B
7.35643721,1.43047404289,2023-02-22T18:05:17Z,153.59713723926666,38,29.28650284,0.1392625210833615,0.1863991418134615,0.13924248371813736,B
8.57697582,2.347833395,2023-02-22T18:05:17Z,153.59713723926666,38,29.28650284,0.1392625210833615,0.1863991418134615,0.13924248371813736,B
10.00002003,3.36857223511,2023-02-22T18:05:17Z,153.59713723926666,38,29.28650284,0.1392625210833615,0.1863991418134615,0.13924248371813736,B
11.65916729,4.35152387619,2023-02-22T18:05:17Z,153.59713723926666,38,29.28650284,0.1392625210833615,0.1863991418134615,0.13924248371813736,B
13.59359074,5.10944366455,2023-02-22T18:05:17Z,153.59713723926666,38,29.28650284,0.1392625210833615,0.1863991418134615,0.13924248371813736,B
15.84896278,5.43487691879,2023-02-22T18:05:17Z,153.59713723926666,38,29.28650284,0.1392625210833615,0.1863991418134615,0.13924248371813736,B
18.47853470,5.1615858078,2023-02-22T18:05:17Z,153.59713723926666,38,29.28650284,0.1392625210833615,0.1863991418134615,0.13924248371813736,B
21.54438972,4.2477684021,2023-02-22T18:05:17Z,153.59713723926666,38,29.28650284,0.1392625210833615,0.1863991418134615,0.13924248371813736,B
25.11891365,2.86490797997,2023-02-22T18:05:17Z,153.59713723926666,38,29.28650284,0.1392625210833615,0.1863991418134615,0.13924248371813736,B
29.28650284,1.42927265167,2023-02-22T18:05:17Z,153.59713723926666,38,29.28650284,0.1392625210833615,0.1863991418134615,0.13924248371813736,B
34.14555740,0.485018640757,2023-02-22T18:05:17Z,153.59713723926666,38,29.28650284,0.1392625210833615,0.1863991418134615,0.13924248371813736,B
39.81079483,0.426049351692,2023-02-22T18:05:17Z,153.59713723926666,38,29.28650284,0.1392625210833615,0.1863991418134615,0.13924248371813736,B
46.41598129,1.66165471077,2023-02-22T18:05:17Z,153.59713723926666,38,29.28650284,0.1392625210833615,0.1863991418134615,0.13924248371813736,B
54.11705780,4.63574695587,2023-02-22T18:05:17Z,153.59713723926666,38,29.28650284,0.1392625210833615,0.1863991418134615,0.13924248371813736,B
63.09585953,8.84308624268,2023-02-22T18:05:17Z,153.59713723926666,38,29.28650284,0.1392625210833615,0.1863991418134615,0.13924248371813736,B
73.56436920,12.457362175,2023-02-22T18:05:17Z,153.59713723926666,38,29.28650284,0.1392625210833615,0.1863991418134615,0.13924248371813736,B
85.76976013,12.8301963806,2023-02-22T18:05:17Z,153.59713723926666,38,29.28650284,0.1392625210833615,0.1863991418134615,0.13924248371813736,B
100.00019836,8.05301856995,2023-02-22T18:05:17Z,153.59713723926666,38,29.28650284,0.1392625210833615,0.1863991418134615,0.13924248371813736,B
116.59166718,0,2023-02-22T18:05:17Z,153.59713723926666,38,29.28650284,0.1392625210833615,0.1863991418134615,0.13924248371813736,B
135.93591309,0,2023-02-22T18:05:17Z,153.59713723926666,38,29.28650284,0.1392625210833615,0.1863991418134615,0.13924248371813736,B
158.48962402,0,2023-02-22T18:05:17Z,153.59713723926666,38,29.28650284,0.1392625210833615,0.1863991418134615,0.13924248371813736,B
184.78533936,0,2023-02-22T18:05:17Z,153.59713723926666,38,29.28650284,0.1392625210833615,0.1863991418134615,0.13924248371813736,B
215.44389343,0,2023-02-22T18:05:17Z,153.59713723926666,38,29.28650284,0.1392625210833615,0.1863991418134615,0.13924248371813736,B
251.18913269,0,2023-02-22T18:05:17Z,153.59713723926666,38,29.28650284,0.1392625210833615,0.1863991418134615,0.13924248371813736,B
292.86502075,0,2023-02-22T18:05:17Z,153.59713723926666,38,29.28650284,0.1392625210833615,0.1863991418134615,0.13924248371813736,B
341.45556641,0,2023-02-22T18:05:17Z,153.59713723926666,38,29.28650284,0.1392625210833615,0.1863991418134615,0.13924248371813736,B
398.10794067,0,2023-02-22T18:05:17Z,153.59713723926666,38,29.28650284,0.1392625210833615,0.1863991418134615,0.13924248371813736,B
464.15979004,0,2023-02-22T18:05:17Z,153.59713723926666,38,29.28650284,0.1392625210833615,0.1863991418134615,0.13924248371813736,B
541.17059326,0,2023-02-22T18:05:17Z,153.59713723926666,38,29.28650284,0.1392625210833615,0.1863991418134615,0.13924248371813736,B
630.95855713,0,2023-02-22T18:05:17Z,153.59713723926666,38,29.28650284,0.1392625210833615,0.1863991418134615,0.13924248371813736,B
735.64367676,0,2023-02-22T18:05:17Z,153.59713723926666,38,29.28650284,0.1392625210833615,0.1863991418134615,0.13924248371813736,B
857.69757080,0,2023-02-22T18:05:17Z,153.59713723926666,38,29.28650284,0.1392625210833615,0.1863991418134615,0.13924248371813736,B
1000.00195313,0,2023-02-22T18:05:17Z,153.59713723926666,38,29.28650284,0.1392625210833615,0.1863991418134615,0.13924248371813736,B
0.10000020,0,2023-02-22T18:05:18Z,188.15302975976388,37,25.11891365,0.13324080904949098,0.192123417761231,0.0993660449982,B
0.11659167,0,2023-02-22T18:05:18Z,188.15302975976388,37,25.11891365,0.13324080904949098,0.192123417761231,0.0993660449982,B
0.13593590,0,2023-02-22T18:05:18Z,188.15302975976388,37,25.11891365,0.13324080904949098,0.192123417761231,0.0993660449982,B
0.15848963,0,2023-02-22T18:05:18Z,188.15302975976388,37,25.11891365,0.13324080904949098,0.192123417761231,0.0993660449982,B
0.18478534,0,2023-02-22T18:05:18Z,188.15302975976388,37,25.11891365,0.13324080904949098,0.192123417761231,0.0993660449982,B
0.21544389,0,2023-02-22T18:05:18Z,188.15302975976388,37,25.11891365,0.13324080904949098,0.192123417761231,0.0993660449982,B
0.25118914,0,2023-02-22T18:05:18Z,188.15302975976388,37,25.11891365,0.13324080904949098,0.192123417761231,0.0993660449982,B
0.29286504,0,2023-02-22T18:05:18Z,188.15302975976388,37,25.11891365,0.13324080904949098,0.192123417761231,0.0993660449982,B
0.34145555,0,2023-02-22T18:05:18Z,188.15302975976388,37,25.11891365,0.13324080904949098,0.192123417761231,0.0993660449982,B
0.39810795,0,2023-02-22T18:05:18Z,188.15302975976388,37,25.11891365,0.13324080904949098,0.192123417761231,0.0993660449982,B
0.46415979,0,2023-02-22T18:05:18Z,188.15302975976388,37,25.11891365,0.13324080904949098,0.192123417761231,0.0993660449982,B
0.54117060,0,2023-02-22T18:05:18Z,188.15302975976388,37,25.11891365,0.13324080904949098,0.192123417761231,0.0993660449982,B
0.63095856,0,2023-02-22T18:05:18Z,188.15302975976388,37,25.11891365,0.13324080904949098,0.192123417761231,0.0993660449982,B
0.73564368,0,2023-02-22T18:05:18Z,188.15302975976388,37,25.11891365,0.13324080904949098,0.192123417761231,0.0993660449982,B
0.85769761,0,2023-02-22T18:05:18Z,188.15302975976388,37,25.11891365,0.13324080904949098,0.192123417761231,0.0993660449982,B
1.00000191,1.11039340496,2023-02-22T18:05:18Z,188.15302975976388,37,25.11891365,0.13324080904949098,0.192123417761231,0.0993660449982,B
1.16591668,1.95291531086,2023-02-22T18:05:18Z,188.15302975976388,37,25.11891365,0.13324080904949098,0.192123417761231,0.0993660449982,B
1.35935903,2.38700962067,2023-02-22T18:05:18Z,188.15302975976388,37,25.11891365,0.13324080904949098,0.192123417761231,0.0993660449982,B
1.58489633,2.40088605881,2023-02-22T18:05:18Z,188.15302975976388,37,25.11891365,0.13324080904949098,0.192123417761231,0.0993660449982,B
1.84785342,2.08540010452,2023-02-22T18:05:18Z,188.15302975976388,37,25.11891365,0.13324080904949098,0.192123417761231,0.0993660449982,B
2.15443897,1.5805028677,2023-02-22T18:05:18Z,188.15302975976388,37,25.11891365,0.13324080904949098,0.192123417761231,0.0993660449982,B
2.51189137,1.01961684227,2023-02-22T18:05:18Z,188.15302975976388,37,25.11891365,0.13324080904949098,0.192123417761231,0.0993660449982,B
2.92865038,0.510850846767,2023-02-22T18:05:18Z,188.15302975976388,37,25.11891365,0.13324080904949098,0.192123417761231,0.0993660449982,B
3.41455555,0.151032760739,2023-02-22T18:05:18Z,188.15302975976388,37,25.11891365,0.13324080904949098,0.192123417761231,0.0993660449982,B
3.98107958,0.0126713868231,2023-02-22T18:05:18Z,188.15302975976388,37,25.11891365,0.13324080904949098,0.192123417761231,0.0993660449982,B
4.64159775,0.11280170083,2023-02-22T18:05:18Z,188.15302975976388,37,25.11891365,0.13324080904949098,0.192123417761231,0.0993660449982,B
5.41170597,0.448481827974,2023-02-22T18:05:18Z,188.15302975976388,37,25.11891365,0.13324080904949098,0.192123417761231,0.0993660449982,B
6.30958605,1.01170027256,2023-02-22T18:05:18Z,188.15302975976388,37,25.11891365,0.13324080904949098,0.192123417761231,0.0993660449982,B
7.35643721,1.76743590832,2023-02-22T18:05:18Z,188.15302975976388,37,25.11891365,0.13324080904949098,0.192123417761231,0.0993660449982,B
8.57697582,2.66064286232,2023-02-22T18:05:18Z,188.15302975976388,37,25.11891365,0.13324080904949098,0.192123417761231,0.0993660449982,B
10.00002003,3.6124124527,2023-02-22T18:05:18Z,188.15302975976388,37,25.11891365,0.13324080904949098,0.192123417761231,0.0993660449982,B
11.65916729,4.51350784302,2023-02-22T18:05:18Z,188.15302975976388,37,25.11891365,0.13324080904949098,0.192123417761231,0.0993660449982,B
13.59359074,5.22438383102,2023-02-22T18:05:18Z,188.15302975976388,37,25.11891365,0.13324080904949098,0.192123417761231,0.0993660449982,B
15.84896278,5.58826446533,2023-02-22T18:05:18Z,188.15302975976388,37,25.11891365,0.13324080904949098,0.192123417761231,0.0993660449982,B
18.47853470,5.46756362915,2023-02-22T18:05:18Z,188.15302975976388,37,25.11891365,0.13324080904949098,0.192123417761231,0.0993660449982,B
21.54438972,4.79761457443,2023-02-22T18:05:18Z,188.15302975976388,37,25.11891365,0.13324080904949098,0.192123417761231,0.0993660449982,B
25.11891365,3.65698933601,2023-02-22T18:05:18Z,188.15302975976388,37,25.11891365,0.13324080904949098,0.192123417761231,0.0993660449982,B
29.28650284,2.32553815842,2023-02-22T18:05:18Z,188.15302975976388,37,25.11891365,0.13324080904949098,0.192123417761231,0.0993660449982,B
34.14555740,1.28242647648,2023-02-22T18:05:18Z,188.15302975976388,37,25.11891365,0.13324080904949098,0.192123417761231,0.0993660449982,B
39.81079483,1.09998095036,2023-02-22T18:05:18Z,188.15302975976388,37,25.11891365,0.13324080904949098,0.192123417761231,0.0993660449982,B
46.41598129,2.22697687149,2023-02-22T18:05:18Z,188.15302975976388,37,25.11891365,0.13324080904949098,0.192123417761231,0.0993660449982,B
54.11705780,4.70290470123,2023-02-22T18:05:18Z,188.15302975976388,37,25.11891365,0.13324080904949098,0.192123417761231,0.0993660449982,B
63.09585953,7.90925455093,2023-02-22T18:05:18Z,188.15302975976388,37,25.11891365,0.13324080904949098,0.192123417761231,0.0993660449982,B
73.56436920,10.502207756,2023-02-22T18:05:18Z,188.15302975976388,37,25.11891365,0.13324080904949098,0.192123417761231,0.0993660449982,B
85.76976013,10.721991539,2023-02-22T18:05:18Z,188.15302975976388,37,25.11891365,0.13324080904949098,0.192123417761231,0.0993660449982,B
100.00019836,7.15562772751,2023-02-22T18:05:18Z,188.15302975976388,37,25.11891365,0.13324080904949098,0.192123417761231,0.0993660449982,B
116.59166718,0,2023-02-22T18:05:18Z,188.15302975976388,37,25.11891365,0.13324080904949098,0.192123417761231,0.0993660449982,B
135.93591309,0,2023-02-22T18:05:18Z,188.15302975976388,37,25.11891365,0.13324080904949098,0.192123417761231,0.0993660449982,B
158.48962402,0,2023-02-22T18:05:18Z,188.15302975976388,37,25.11891365,0.13324080904949098,0.192123417761231,0.0993660449982,B
184.78533936,0,2023-02-22T18:05:18Z,188.15302975976388,37,25.11891365,0.13324080904949098,0.192123417761231,0.0993660449982,B
215.44389343,0,2023-02-22T18:05:18Z,188.15302975976388,37,25.11891365,0.13324080904949098,0.192123417761231,0.0993660449982,B
251.18913269,0,2023-02-22T18:05:18Z,188.15302975976388,37,25.11891365,0.13324080904949098,0.192123417761231,0.0993660449982,B
292.86502075,0,2023-02-22T18:05:18Z,188.15302975976388,37,25.11891365,0.13324080904949098,0.192123417761231,0.0993660449982,B
341.45556641,0,2023-02-22T18:05:18Z,188.15302975976388,37,25.11891365,0.13324080904949098,0.192123417761231,0.0993660449982,B
398.10794067,0,2023-02-22T18:05:18Z,188.15302975976388,37,25.11891365,0.13324080904949098,0.192123417761231,0.0993660449982,B
464.15979004,0,2023-02-22T18:05:18Z,188.15302975976388,37,25.11891365,0.13324080904949098,0.192123417761231,0.0993660449982,B
541.17059326,0,2023-02-22T18:05:18Z,188.15302975976388,37,25.11891365,0.13324080904949098,0.192123417761231,0.0993660449982,B
630.95855713,0,2023-02-22T18:05:18Z,188.15302975976388,37,25.11891365,0.13324080904949098,0.192123417761231,0.0993660449982,B
735.64367676,0,2023-02-22T18:05:18Z,188.15302975976388,37,25.11891365,0.13324080904949098,0.192123417761231,0.0993660449982,B
857.69757080,0,2023-02-22T18:05:18Z,188.15302975976388,37,25.11891365,0.13324080904949098,0.192123417761231,0.0993660449982,B
1000.00195313,0,2023-02-22T18:05:18Z,188.15302975976388,37,25.11891365,0.13324080904949098,0.192123417761231,0.0993660449982,B
0.10000020,0,2023-02-22T18:05:19Z,199.72713364496946,46,100.00019836,0.13348146443964132,0.15115640358777932,0.13346477428104636,B
0.11659167,0,2023-02-22T18:05:19Z,199.72713364496946,46,100.00019836,0.13348146443964132,0.15115640358777932,0.13346477428104636,B
0.13593590,0,2023-02-22T18:05:19Z,199.72713364496946,46,100.00019836,0.13348146443964132,0.15115640358777932,0.13346477428104636,B
0.15848963,0,2023-02-22T18:05:19Z,199.72713364496946,46,100.00019836,0.13348146443964132,0.15115640358777932,0.13346477428104636,B
0.18478534,0,2023-02-22T18:05:19Z,199.72713364496946,46,100.00019836,0.13348146443964132,0.15115640358777932,0.13346477428104636,B
0.21544389,0,2023-02-22T18:05:19Z,199.72713364496946,46,100.00019836,0.13348146443964132,0.15115640358777932,0.13346477428104636,B
0.25118914,0,2023-02-22T18:05:19Z,199.72713364496946,46,100.00019836,0.13348146443964132,0.15115640358777932,0.13346477428104636,B
0.29286504,0,2023-02-22T18:05:19Z,199.72713364496946,46,100.00019836,0.13348146443964132,0.15115640358777932,0.13346477428104636,B
0.34145555,0,2023-02-22T18:05:19Z,199.72713364496946,46,100.00019836,0.13348146443964132,0.15115640358777932,0.13346477428104636,B
0.39810795,0,2023-02-22T18:05:19Z,199.72713364496946,46,100.00019836,0.13348146443964132,0.15115640358777932,0.13346477428104636,B
0.46415979,0,2023-02-22T18:05:19Z,199.72713364496946,46,100.00019836,0.13348146443964132,0.15115640358777932,0.13346477428104636,B
0.54117060,0,2023-02-22T18:05:19Z,199.72713364496946,46,100.00019836,0.13348146443964132,0.15115640358777932,0.13346477428104636,B
0.63095856,0,2023-02-22T18:05:19Z,199.72713364496946,46,100.00019836,0.13348146443964132,0.15115640358777932,0.13346477428104636,B
0.73564368,0,2023-02-22T18:05:19Z,199.72713364496946,46,100.00019836,0.13348146443964132,0.15115640358777932,0.13346477428104636,B
0.85769761,0,2023-02-22T18:05:19Z,199.72713364496946,46,100.00019836,0.13348146443964132,0.15115640358777932,0.13346477428104636,B
1.00000191,6.16654784961e-13,2023-02-22T18:05:19Z,199.72713364496946,46,100.00019836,0.13348146443964132,0.15115640358777932,0.13346477428104636,B
1.16591668,0.00154931622092,2023-02-22T18:05:19Z,199.72713364496946,46,100.00019836,0.13348146443964132,0.15115640358777932,0.13346477428104636,B
1.35935903,4.66868162155,2023-02-22T18:05:19Z,199.72713364496946,46,100.00019836,0.13348146443964132,0.15115640358777932,0.13346477428104636,B
1.58489633,8.62022686005,2023-02-22T18:05:19Z,199.72713364496946,46,100.00019836,0.13348146443964132,0.15115640358777932,0.13346477428104636,B
1.84785342,0.0560196302831,2023-02-22T18:05:19Z,199.72713364496946,46,100.00019836,0.13348146443964132,0.15115640358777932,0.13346477428104636,B
2.15443897,1.71748285993e-6,2023-02-22T18:05:19Z,199.72713364496946,46,100.00019836,0.13348146443964132,0.15115640358777932,0.13346477428104636,B
2.51189137,7.67351541467e-14,2023-02-22T18:05:19Z,199.72713364496946,46,100.00019836,0.13348146443964132,0.15115640358777932,0.13346477428104636,B
2.92865038,5.75303808967e-26,2023-02-22T18:05:19Z,199.72713364496946,46,100.00019836,0.13348146443964132,0.15115640358777932,0.13346477428104636,B
3.41455555,0,2023-02-22T18:05:19Z,199.72713364496946,46,100.00019836,0.13348146443964132,0.15115640358777932,0.13346477428104636,B
3.98107958,0,2023-02-22T18:05:19Z,199.72713364496946,46,100.00019836,0.13348146443964132,0.15115640358777932,0.13346477428104636,B
4.64159775,0.00166729837656,2023-02-22T18:05:19Z,199.72713364496946,46,100.00019836,0.13348146443964132,0.15115640358777932,0.13346477428104636,B
5.41170597,0.0352766178548,2023-02-22T18:05:19Z,199.72713364496946,46,100.00019836,0.13348146443964132,0.15115640358777932,0.13346477428104636,B
6.30958605,0.163801625371,2023-02-22T18:05:19Z,199.72713364496946,46,100.00019836,0.13348146443964132,0.15115640358777932,0.13346477428104636,B
7.35643721,0.479060083628,2023-02-22T18:05:19Z,199.72713364496946,46,100.00019836,0.13348146443964132,0.15115640358777932,0.13346477428104636,B
8.57697582,1.08935558796,2023-02-22T18:05:19Z,199.72713364496946,46,100.00019836,0.13348146443964132,0.15115640358777932,0.13346477428104636,B
10.00002003,2.08303117752,2023-02-22T18:05:19Z,199.72713364496946,46,100.00019836,0.13348146443964132,0.15115640358777932,0.13346477428104636,B
11.65916729,3.45886301994,2023-02-22T18:05:19Z,199.72713364496946,46,100.00019836,0.13348146443964132,0.15115640358777932,0.13346477428104636,B
13.59359074,5.02931976318,2023-02-22T18:05:19Z,199.72713364496946,46,100.00019836,0.13348146443964132,0.15115640358777932,0.13346477428104636,B
15.84896278,6.34660339355,2023-02-22T18:05:19Z,199.72713364496946,46,100.00019836,0.13348146443964132,0.15115640358777932,0.13346477428104636,B
18.47853470,6.76354789734,2023-02-22T18:05:19Z,199.72713364496946,46,100.00019836,0.13348146443964132,0.15115640358777932,0.13346477428104636,B
21.54438972,5.73719978333,2023-02-22T18:05:19Z,199.72713364496946,46,100.00019836,0.13348146443964132,0.15115640358777932,0.13346477428104636,B
25.11891365,3.38358163834,2023-02-22T18:05:19Z,199.72713364496946,46,100.00019836,0.13348146443964132,0.15115640358777932,0.13346477428104636,B
29.28650284,0.897588610649,2023-02-22T18:05:19Z,199.72713364496946,46,100.00019836,0.13348146443964132,0.15115640358777932,0.13346477428104636,B
34.14555740,0,2023-02-22T18:05:19Z,199.72713364496946,46,100.00019836,0.13348146443964132,0.15115640358777932,0.13346477428104636,B
39.81079483,0,2023-02-22T18:05:19Z,199.72713364496946,46,100.00019836,0.13348146443964132,0.15115640358777932,0.13346477428104636,B
46.41598129,0,2023-02-22T18:05:19Z,199.72713364496946,46,100.00019836,0.13348146443964132,0.15115640358777932,0.13346477428104636,B
54.11705780,0,2023-02-22T18:05:19Z,199.72713364496946,46,100.00019836,0.13348146443964132,0.15115640358777932,0.13346477428104636,B
63.09585953,0,2023-02-22T18:05:19Z,199.72713364496946,46,100.00019836,0.13348146443964132,0.15115640358777932,0.13346477428104636,B
73.56436920,0,2023-02-22T18:05:19Z,199.72713364496946,46,100.00019836,0.13348146443964132,0.15115640358777932,0.13346477428104636,B
85.76976013,0,2023-02-22T18:05:19Z,199.72713364496946,46,100.00019836,0.13348146443964132,0.15115640358777932,0.13346477428104636,B
100.00019836,51.1846237183,2023-02-22T18:05:19Z,199.72713364496946,46,100.00019836,0.13348146443964132,0.15115640358777932,0.13346477428104636,B
116.59166718,0,2023-02-22T18:05:19Z,199.72713364496946,46,100.00019836,0.13348146443964132,0.15115640358777932,0.13346477428104636,B
135.93591309,0,2023-02-22T18:05:19Z,199.72713364496946,46,100.00019836,0.13348146443964132,0.15115640358777932,0.13346477428104636,B
158.48962402,0,2023-02-22T18:05:19Z,199.72713364496946,46,100.00019836,0.13348146443964132,0.15115640358777932,0.13346477428104636,B
184.78533936,0,2023-02-22T18:05:19Z,199.72713364496946,46,100.00019836,0.13348146443964132,0.15115640358777932,0.13346477428104636,B
215.44389343,0,2023-02-22T18:05:19Z,199.72713364496946,46,100.00019836,0.13348146443964132,0.15115640358777932,0.13346477428104636,B
251.18913269,0,2023-02-22T18:05:19Z,199.72713364496946,46,100.00019836,0.13348146443964132,0.15115640358777932,0.13346477428104636,B
292.86502075,0,2023-02-22T18:05:19Z,199.72713364496946,46,100.00019836,0.13348146443964132,0.15115640358777932,0.13346477428104636,B
341.45556641,0,2023-02-22T18:05:19Z,199.72713364496946,46,100.00019836,0.13348146443964132,0.15115640358777932,0.13346477428104636,B
398.10794067,0,2023-02-22T18:05:19Z,199.72713364496946,46,100.00019836,0.13348146443964132,0.15115640358777932,0.13346477428104636,B
464.15979004,0,2023-02-22T18:05:19Z,199.72713364496946,46,100.00019836,0.13348146443964132,0.15115640358777932,0.13346477428104636,B
541.17059326,0,2023-02-22T18:05:19Z,199.72713364496946,46,100.00019836,0.13348146443964132,0.15115640358777932,0.13346477428104636,B
630.95855713,0,2023-02-22T18:05:19Z,199.72713364496946,46,100.00019836,0.13348146443964132,0.15115640358777932,0.13346477428104636,B
735.64367676,0,2023-02-22T18:05:19Z,199.72713364496946,46,100.00019836,0.13348146443964132,0.15115640358777932,0.13346477428104636,B
857.69757080,0,2023-02-22T18:05:19Z,199.72713364496946,46,100.00019836,0.13348146443964132,0.15115640358777932,0.13346477428104636,B
1000.00195313,0,2023-02-22T18:05:19Z,199.72713364496946,46,100.00019836,0.13348146443964132,0.15115640358777932,0.13346477428104636,B
0.10000020,0,2023-02-22T18:05:20Z,194.55941263836112,37,25.11891365,0.1695830696471425,0.1892983594559135,0.162372994348456,B
0.11659167,0,2023-02-22T18:05:20Z,194.55941263836112,37,25.11891365,0.1695830696471425,0.1892983594559135,0.162372994348456,B
0.13593590,0,2023-02-22T18:05:20Z,194.55941263836112,37,25.11891365,0.1695830696471425,0.1892983594559135,0.162372994348456,B
0.15848963,0,2023-02-22T18:05:20Z,194.55941263836112,37,25.11891365,0.1695830696471425,0.1892983594559135,0.162372994348456,B
0.18478534,0,2023-02-22T18:05:20Z,194.55941263836112,37,25.11891365,0.1695830696471425,0.1892983594559135,0.162372994348456,B
0.21544389,0,2023-02-22T18:05:20Z,194.55941263836112,37,25.11891365,0.1695830696471425,0.1892983594559135,0.162372994348456,B
0.25118914,0,2023-02-22T18:05:20Z,194.55941263836112,37,25.11891365,0.1695830696471425,0.1892983594559135,0.162372994348456,B
0.29286504,0,2023-02-22T18:05:20Z,194.55941263836112,37,25.11891365,0.1695830696471425,0.1892983594559135,0.162372994348456,B
0.34145555,0,2023-02-22T18:05:20Z,194.55941263836112,37,25.11891365,0.1695830696471425,0.1892983594559135,0.162372994348456,B
0.39810795,0,2023-02-22T18:05:20Z,194.55941263836112,37,25.11891365,0.1695830696471425,0.1892983594559135,0.162372994348456,B
0.46415979,0,2023-02-22T18:05:20Z,194.55941263836112,37,25.11891365,0.1695830696471425,0.1892983594559135,0.162372994348456,B
0.54117060,0,2023-02-22T18:05:20Z,194.55941263836112,37,25.11891365,0.1695830696471425,0.1892983594559135,0.162372994348456,B
0.63095856,0,2023-02-22T18:05:20Z,194.55941263836112,37,25.11891365,0.1695830696471425,0.1892983594559135,0.162372994348456,B
0.73564368,0,2023-02-22T18:05:20Z,194.55941263836112,37,25.11891365,0.1695830696471425,0.1892983594559135,0.162372994348456,B
0.85769761,0,2023-02-22T18:05:20Z,194.55941263836112,37,25.11891365,0.1695830696471425,0.1892983594559135,0.162372994348456,B
1.00000191,0.0872620269656,2023-02-22T18:05:20Z,194.55941263836112,37,25.11891365,0.1695830696471425,0.1892983594559135,0.162372994348456,B
1.16591668,1.77483069897,2023-02-22T18:05:20Z,194.55941263836112,37,25.11891365,0.1695830696471425,0.1892983594559135,0.162372994348456,B
1.35935903,5.48030948639,2023-02-22T18:05:20Z,194.55941263836112,37,25.11891365,0.1695830696471425,0.1892983594559135,0.162372994348456,B
1.58489633,5.97774124146,2023-02-22T18:05:20Z,194.55941263836112,37,25.11891365,0.1695830696471425,0.1892983594559135,0.162372994348456,B
1.84785342,2.91715598106,2023-02-22T18:05:20Z,194.55941263836112,37,25.11891365,0.1695830696471425,0.1892983594559135,0.162372994348456,B
2.15443897,0.661130964756,2023-02-22T18:05:20Z,194.55941263836112,37,25.11891365,0.1695830696471425,0.1892983594559135,0.162372994348456,B
2.51189137,0.0588171705604,2023-02-22T18:05:20Z,194.55941263836112,37,25.11891365,0.1695830696471425,0.1892983594559135,0.162372994348456,B
2.92865038,0.00105930410791,2023-02-22T18:05:20Z,194.55941263836112,37,25.11891365,0.1695830696471425,0.1892983594559135,0.162372994348456,B
3.41455555,9.0444338241e-8,2023-02-22T18:05:20Z,194.55941263836112,37,25.11891365,0.1695830696471425,0.1892983594559135,0.162372994348456,B
3.98107958,0,2023-02-22T18:05:20Z,194.55941263836112,37,25.11891365,0.1695830696471425,0.1892983594559135,0.162372994348456,B
4.64159775,0,2023-02-22T18:05:20Z,194.55941263836112,37,25.11891365,0.1695830696471425,0.1892983594559135,0.162372994348456,B
5.41170597,0.0315132625401,2023-02-22T18:05:20Z,194.55941263836112,37,25.11891365,0.1695830696471425,0.1892983594559135,0.162372994348456,B
6.30958605,0.181512400508,2023-02-22T18:05:20Z,194.55941263836112,37,25.11891365,0.1695830696471425,0.1892983594559135,0.162372994348456,B
7.35643721,0.543655276299,2023-02-22T18:05:20Z,194.55941263836112,37,25.11891365,0.1695830696471425,0.1892983594559135,0.162372994348456,B
8.57697582,1.21484804153,2023-02-22T18:05:20Z,194.55941263836112,37,25.11891365,0.1695830696471425,0.1892983594559135,0.162372994348456,B
10.00002003,2.25349545479,2023-02-22T18:05:20Z,194.55941263836112,37,25.11891365,0.1695830696471425,0.1892983594559135,0.162372994348456,B
11.65916729,3.61771321297,2023-02-22T18:05:20Z,194.55941263836112,37,25.11891365,0.1695830696471425,0.1892983594559135,0.162372994348456,B
13.59359074,5.09327125549,2023-02-22T18:05:20Z,194.55941263836112,37,25.11891365,0.1695830696471425,0.1892983594559135,0.162372994348456,B
15.84896278,6.25353765488,2023-02-22T18:05:20Z,194.55941263836112,37,25.11891365,0.1695830696471425,0.1892983594559135,0.162372994348456,B
18.47853470,6.53523111343,2023-02-22T18:05:20Z,194.55941263836112,37,25.11891365,0.1695830696471425,0.1892983594559135,0.162372994348456,B
21.54438972,5.49804067612,2023-02-22T18:05:20Z,194.55941263836112,37,25.11891365,0.1695830696471425,0.1892983594559135,0.162372994348456,B
25.11891365,3.26827049255,2023-02-22T18:05:20Z,194.55941263836112,37,25.11891365,0.1695830696471425,0.1892983594559135,0.162372994348456,B
29.28650284,0.886941611767,2023-02-22T18:05:20Z,194.55941263836112,37,25.11891365,0.1695830696471425,0.1892983594559135,0.162372994348456,B
34.14555740,0,2023-02-22T18:05:20Z,194.55941263836112,37,25.11891365,0.1695830696471425,0.1892983594559135,0.162372994348456,B
39.81079483,0,2023-02-22T18:05:20Z,194.55941263836112,37,25.11891365,0.1695830696471425,0.1892983594559135,0.162372994348456,B
46.41598129,0,2023-02-22T18:05:20Z,194.55941263836112,37,25.11891365,0.1695830696471425,0.1892983594559135,0.162372994348456,B
54.11705780,0,2023-02-22T18:05:20Z,194.55941263836112,37,25.11891365,0.1695830696471425,0.1892983594559135,0.162372994348456,B
63.09585953,0,2023-02-22T18:05:20Z,194.55941263836112,37,25.11891365,0.1695830696471425,0.1892983594559135,0.162372994348456,B
73.56436920,0,2023-02-22T18:05:20Z,194.55941263836112,37,25.11891365,0.1695830696471425,0.1892983594559135,0.162372994348456,B
85.76976013,0,2023-02-22T18:05:20Z,194.55941263836112,37,25.11891365,0.1695830696471425,0.1892983594559135,0.162372994348456,B
100.00019836,47.6636619568,2023-02-22T18:05:20Z,194.55941263836112,37,25.11891365,0.1695830696471425,0.1892983594559135,0.162372994348456,B
116.59166718,0,2023-02-22T18:05:20Z,194.55941263836112,37,25.11891365,0.1695830696471425,0.1892983594559135,0.162372994348456,B
135.93591309,0,2023-02-22T18:05:20Z,194.55941263836112,37,25.11891365,0.1695830696471425,0.1892983594559135,0.162372994348456,B
158.48962402,0,2023-02-22T18:05:20Z,194.55941263836112,37,25.11891365,0.1695830696471425,0.1892983594559135,0.162372994348456,B
184.78533936,0,2023-02-22T18:05:20Z,194.55941263836112,37,25.11891365,0.1695830696471425,0.1892983594559135,0.162372994348456,B
215.44389343,0,2023-02-22T18:05:20Z,194.55941263836112,37,25.11891365,0.1695830696471425,0.1892983594559135,0.162372994348456,B
251.18913269,0,2023-02-22T18:05:20Z,194.55941263836112,37,25.11891365,0.1695830696471425,0.1892983594559135,0.162372994348456,B
292.86502075,0,2023-02-22T18:05:20Z,194.55941263836112,37,25.11891365,0.1695830696471425,0.1892983594559135,0.162372994348456,B
341.45556641,0,2023-02-22T18:05:20Z,194.55941263836112,37,25.11891365,0.1695830696471425,0.1892983594559135,0.162372994348456,B
398.10794067,0,2023-02-22T18:05:20Z,194.55941263836112,37,25.11891365,0.1695830696471425,0.1892983594559135,0.162372994348456,B
464.15979004,0,2023-02-22T18:05:20Z,194.55941263836112,37,25.11891365,0.1695830696471425,0.1892983594559135,0.162372994348456,B
541.17059326,0,2023-02-22T18:05:20Z,194.55941263836112,37,25.11891365,0.1695830696471425,0.1892983594559135,0.162372994348456,B
630.95855713,0,2023-02-22T18:05:20Z,194.55941263836112,37,25.11891365,0.1695830696471425,0.1892983594559135,0.162372994348456,B
735.64367676,0,2023-02-22T18:05:20Z,194.55941263836112,37,25.11891365,0.1695830696471425,0.1892983594559135,0.162372994348456,B
857.69757080,0,2023-02-22T18:05:20Z,194.55941263836112,37,25.11891365,0.1695830696471425,0.1892983594559135,0.162372994348456,B
1000.00195313,0,2023-02-22T18:05:20Z,194.55941263836112,37,25.11891365,0.1695830696471425,0.1892983594559135,0.162372994348456,B
0.10000020,0,2023-02-22T18:05:21Z,144.1800513798,46,100.00019836,0.14691089906968266,0.17135068183075566,0.14663311604126583,C
0.11659167,0,2023-02-22T18:05:21Z,144.1800513798,46,100.00019836,0.14691089906968266,0.17135068183075566,0.14663311604126583,C
0.13593590,0,2023-02-22T18:05:21Z,144.1800513798,46,100.00019836,0.14691089906968266,0.17135068183075566,0.14663311604126583,C
0.15848963,0,2023-02-22T18:05:21Z,144.1800513798,46,100.00019836,0.14691089906968266,0.17135068183075566,0.14663311604126583,C
0.18478534,0,2023-02-22T18:05:21Z,144.1800513798,46,100.00019836,0.14691089906968266,0.17135068183075566,0.14663311604126583,C
0.21544389,0,2023-02-22T18:05:21Z,144.1800513798,46,100.00019836,0.14691089906968266,0.17135068183075566,0.14663311604126583,C
0.25118914,0,2023-02-22T18:05:21Z,144.1800513798,46,100.00019836,0.14691089906968266,0.17135068183075566,0.14663311604126583,C
0.29286504,0,2023-02-22T18:05:21Z,144.1800513798,46,100.00019836,0.14691089906968266,0.17135068183075566,0.14663311604126583,C
0.34145555,0,2023-02-22T18:05:21Z,144.1800513798,46,100.00019836,0.14691089906968266,0.17135068183075566,0.14663311604126583,C
0.39810795,0,2023-02-22T18:05:21Z,144.1800513798,46,100.00019836,0.14691089906968266,0.17135068183075566,0.14663311604126583,C
0.46415979,0,2023-02-22T18:05:21Z,144.1800513798,46,100.00019836,0.14691089906968266,0.17135068183075566,0.14663311604126583,C
0.54117060,0,2023-02-22T18:05:21Z,144.1800513798,46,100.00019836,0.14691089906968266,0.17135068183075566,0.14663311604126583,C
0.63095856,0,2023-02-22T18:05:21Z,144.1800513798,46,100.00019836,0.14691089906968266,0.17135068183075566,0.14663311604126583,C
0.73564368,0,2023-02-22T18:05:21Z,144.1800513798,46,100.00019836,0.14691089906968266,0.17135068183075566,0.14663311604126583,C
0.85769761,0,2023-02-22T18:05:21Z,144.1800513798,46,100.00019836,0.14691089906968266,0.17135068183075566,0.14663311604126583,C
1.00000191,7.95963860583e-4,2023-02-22T18:05:21Z,144.1800513798,46,100.00019836,0.14691089906968266,0.17135068183075566,0.14663311604126583,C
1.16591668,0.611288547516,2023-02-22T18:05:21Z,144.1800513798,46,100.00019836,0.14691089906968266,0.17135068183075566,0.14663311604126583,C
1.35935903,6.49744510651,2023-02-22T18:05:21Z,144.1800513798,46,100.00019836,0.14691089906968266,0.17135068183075566,0.14663311604126583,C
1.58489633,6.52042627335,2023-02-22T18:05:21Z,144.1800513798,46,100.00019836,0.14691089906968266,0.17135068183075566,0.14663311604126583,C
1.84785342,1.03335571289,2023-02-22T18:05:21Z,144.1800513798,46,100.00019836,0.14691089906968266,0.17135068183075566,0.14663311604126583,C
2.15443897,0.026630360633100002,2023-02-22T18:05:21Z,144.1800513798,46,100.00019836,0.14691089906968266,0.17135068183075566,0.14663311604126583,C
2.51189137,6.45115724183e-5,2023-02-22T18:05:21Z,144.1800513798,46,100.00019836,0.14691089906968266,0.17135068183075566,0.14663311604126583,C
2.92865038,1.5482849447e-9,2023-02-22T18:05:21Z,144.1800513798,46,100.00019836,0.14691089906968266,0.17135068183075566,0.14663311604126583,C
3.41455555,0,2023-02-22T18:05:21Z,144.1800513798,46,100.00019836,0.14691089906968266,0.17135068183075566,0.14663311604126583,C
3.98107958,0,2023-02-22T18:05:21Z,144.1800513798,46,100.00019836,0.14691089906968266,0.17135068183075566,0.14663311604126583,C
4.64159775,0.00108342908788,2023-02-22T18:05:21Z,144.1800513798,46,100.00019836,0.14691089906968266,0.17135068183075566,0.14663311604126583,C
5.41170597,0.0494717620313,2023-02-22T18:05:21Z,144.1800513798,46,100.00019836,0.14691089906968266,0.17135068183075566,0.14663311604126583,C
6.30958605,0.236521780491,2023-02-22T18:05:21Z,144.1800513798,46,100.00019836,0.14691089906968266,0.17135068183075566,0.14663311604126583,C
7.35643721,0.677028775215,2023-02-22T18:05:21Z,144.1800513798,46,100.00019836,0.14691089906968266,0.17135068183075566,0.14663311604126583,C
8.57697582,1.48095595837,2023-02-22T18:05:21Z,144.1800513798,46,100.00019836,0.14691089906968266,0.17135068183075566,0.14663311604126583,C
10.00002003,2.69490456581,2023-02-22T18:05:21Z,144.1800513798,46,100.00019836,0.14691089906968266,0.17135068183075566,0.14663311604126583,C
11.65916729,4.21829414368,2023-02-22T18:05:21Z,144.1800513798,46,100.00019836,0.14691089906968266,0.17135068183075566,0.14663311604126583,C
13.59359074,5.71965694427,2023-02-22T18:05:21Z,144.1800513798,46,100.00019836,0.14691089906968266,0.17135068183075566,0.14663311604126583,C
15.84896278,6.62459135056,2023-02-22T18:05:21Z,144.1800513798,46,100.00019836,0.14691089906968266,0.17135068183075566,0.14663311604126583,C
18.47853470,6.29253959656,2023-02-22T18:05:21Z,144.1800513798,46,100.00019836,0.14691089906968266,0.17135068183075566,0.14663311604126583,C
21.54438972,4.44256162643,2023-02-22T18:05:21Z,144.1800513798,46,100.00019836,0.14691089906968266,0.17135068183075566,0.14663311604126583,C
25.11891365,1.72411763668,2023-02-22T18:05:21Z,144.1800513798,46,100.00019836,0.14691089906968266,0.17135068183075566,0.14663311604126583,C
29.28650284,0,2023-02-22T18:05:21Z,144.1800513798,46,100.00019836,0.14691089906968266,0.17135068183075566,0.14663311604126583,C
34.14555740,0,2023-02-22T18:05:21Z,144.1800513798,46,100.00019836,0.14691089906968266,0.17135068183075566,0.14663311604126583,C
39.81079483,0,2023-02-22T18:05:21Z,144.1800513798,46,100.00019836,0.14691089906968266,0.17135068183075566,0.14663311604126583,C
46.41598129,0,2023-02-22T18:05:21Z,144.1800513798,46,100.00019836,0.14691089906968266,0.17135068183075566,0.14663311604126583,C
54.11705780,0,2023-02-22T18:05:21Z,144.1800513798,46,100.00019836,0.14691089906968266,0.17135068183075566,0.14663311604126583,C
63.09585953,0,2023-02-22T18:05:21Z,144.1800513798,46,100.00019836,0.14691089906968266,0.17135068183075566,0.14663311604126583,C
73.56436920,0,2023-02-22T18:05:21Z,144.1800513798,46,100.00019836,0.14691089906968266,0.17135068183075566,0.14663311604126583,C
85.76976013,0,2023-02-22T18:05:21Z,144.1800513798,46,100.00019836,0.14691089906968266,0.17135068183075566,0.14663311604126583,C
100.00019836,51.1482658386,2023-02-22T18:05:21Z,144.1800513798,46,100.00019836,0.14691089906968266,0.17135068183075566,0.14663311604126583,C
116.59166718,0,2023-02-22T18:05:21Z,144.1800513798,46,100.00019836,0.14691089906968266,0.17135068183075566,0.14663311604126583,C
135.93591309,0,2023-02-22T18:05:21Z,144.1800513798,46,100.00019836,0.14691089906968266,0.17135068183075566,0.14663311604126583,C
158.48962402,0,2023-02-22T18:05:21Z,144.1800513798,46,100.00019836,0.14691089906968266,0.17135068183075566,0.14663311604126583,C
184.78533936,0,2023-02-22T18:05:21Z,144.1800513798,46,100.00019836,0.14691089906968266,0.17135068183075566,0.14663311604126583,C
215.44389343,0,2023-02-22T18:05:21Z,144.1800513798,46,100.00019836,0.14691089906968266,0.17135068183075566,0.14663311604126583,C
251.18913269,0,2023-02-22T18:05:21Z,144.1800513798,46,100.00019836,0.14691089906968266,0.17135068183075566,0.14663311604126583,C
292.86502075,0,2023-02-22T18:05:21Z,144.1800513798,46,100.00019836,0.14691089906968266,0.17135068183075566,0.14663311604126583,C
341.45556641,0,2023-02-22T18:05:21Z,144.1800513798,46,100.00019836,0.14691089906968266,0.17135068183075566,0.14663311604126583,C
398.10794067,0,2023-02-22T18:05:21Z,144.1800513798,46,100.00019836,0.14691089906968266,0.17135068183075566,0.14663311604126583,C
464.15979004,0,2023-02-22T18:05:21Z,144.1800513798,46,100.00019836,0.14691089906968266,0.17135068183075566,0.14663311604126583,C
541.17059326,0,2023-02-22T18:05:21Z,144.1800513798,46,100.00019836,0.14691089906968266,0.17135068183075566,0.14663311604126583,C
630.95855713,0,2023-02-22T18:05:21Z,144.1800513798,46,100.00019836,0.14691089906968266,0.17135068183075566,0.14663311604126583,C
735.64367676,0,2023-02-22T18:05:21Z,144.1800513798,46,100.00019836,0.14691089906968266,0.17135068183075566,0.14663311604126583,C
857.69757080,0,2023-02-22T18:05:21Z,144.1800513798,46,100.00019836,0.14691089906968266,0.17135068183075566,0.14663311604126583,C
1000.00195313,0,2023-02-22T18:05:21Z,144.1800513798,46,100.00019836,0.14691089906968266,0.17135068183075566,0.14663311604126583,C
0.10000020,0,2023-02-22T18:05:22Z,165.16627322304166,46,100.00019836,0.107807884216,0.115686079971187,0.107807884216,B
0.11659167,0,2023-02-22T18:05:22Z,165.16627322304166,46,100.00019836,0.107807884216,0.115686079971187,0.107807884216,B
0.13593590,0,2023-02-22T18:05:22Z,165.16627322304166,46,100.00019836,0.107807884216,0.115686079971187,0.107807884216,B
0.15848963,0,2023-02-22T18:05:22Z,165.16627322304166,46,100.00019836,0.107807884216,0.115686079971187,0.107807884216,B
0.18478534,0,2023-02-22T18:05:22Z,165.16627322304166,46,100.00019836,0.107807884216,0.115686079971187,0.107807884216,B
0.21544389,0,2023-02-22T18:05:22Z,165.16627322304166,46,100.00019836,0.107807884216,0.115686079971187,0.107807884216,B
0.25118914,0,2023-02-22T18:05:22Z,165.16627322304166,46,100.00019836,0.107807884216,0.115686079971187,0.107807884216,B
0.29286504,0,2023-02-22T18:05:22Z,165.16627322304166,46,100.00019836,0.107807884216,0.115686079971187,0.107807884216,B
0.34145555,0,2023-02-22T18:05:22Z,165.16627322304166,46,100.00019836,0.107807884216,0.115686079971187,0.107807884216,B
0.39810795,0,2023-02-22T18:05:22Z,165.16627322304166,46,100.00019836,0.107807884216,0.115686079971187,0.107807884216,B
0.46415979,0,2023-02-22T18:05:22Z,165.16627322304166,46,100.00019836,0.107807884216,0.115686079971187,0.107807884216,B
0.54117060,0,2023-02-22T18:05:22Z,165.16627322304166,46,100.00019836,0.107807884216,0.115686079971187,0.107807884216,B
0.63095856,0,2023-02-22T18:05:22Z,165.16627322304166,46,100.00019836,0.107807884216,0.115686079971187,0.107807884216,B
0.73564368,0,2023-02-22T18:05:22Z,165.16627322304166,46,100.00019836,0.107807884216,0.115686079971187,0.107807884216,B
0.85769761,0,2023-02-22T18:05:22Z,165.16627322304166,46,100.00019836,0.107807884216,0.115686079971187,0.107807884216,B
1.00000191,0,2023-02-22T18:05:22Z,165.16627322304166,46,100.00019836,0.107807884216,0.115686079971187,0.107807884216,B
1.16591668,0,2023-02-22T18:05:22Z,165.16627322304166,46,100.00019836,0.107807884216,0.115686079971187,0.107807884216,B
1.35935903,10.7807884216,2023-02-22T18:05:22Z,165.16627322304166,46,100.00019836,0.107807884216,0.115686079971187,0.107807884216,B
1.58489633,0,2023-02-22T18:05:22Z,165.16627322304166,46,100.00019836,0.107807884216,0.115686079971187,0.107807884216,B
1.84785342,0,2023-02-22T18:05:22Z,165.16627322304166,46,100.00019836,0.107807884216,0.115686079971187,0.107807884216,B
2.15443897,0,2023-02-22T18:05:22Z,165.16627322304166,46,100.00019836,0.107807884216,0.115686079971187,0.107807884216,B
2.51189137,0,2023-02-22T18:05:22Z,165.16627322304166,46,100.00019836,0.107807884216,0.115686079971187,0.107807884216,B
2.92865038,0,2023-02-22T18:05:22Z,165.16627322304166,46,100.00019836,0.107807884216,0.115686079971187,0.107807884216,B
3.41455555,0,2023-02-22T18:05:22Z,165.16627322304166,46,100.00019836,0.107807884216,0.115686079971187,0.107807884216,B
3.98107958,0,2023-02-22T18:05:22Z,165.16627322304166,46,100.00019836,0.107807884216,0.115686079971187,0.107807884216,B
4.64159775,0,2023-02-22T18:05:22Z,165.16627322304166,46,100.00019836,0.107807884216,0.115686079971187,0.107807884216,B
5.41170597,0,2023-02-22T18:05:22Z,165.16627322304166,46,100.00019836,0.107807884216,0.115686079971187,0.107807884216,B
6.30958605,0.0152860097587,2023-02-22T18:05:22Z,165.16627322304166,46,100.00019836,0.107807884216,0.115686079971187,0.107807884216,B
7.35643721,0.17192658782,2023-02-22T18:05:22Z,165.16627322304166,46,100.00019836,0.107807884216,0.115686079971187,0.107807884216,B
8.57697582,0.60060697794,2023-02-22T18:05:22Z,165.16627322304166,46,100.00019836,0.107807884216,0.115686079971187,0.107807884216,B
10.00002003,1.45148253441,2023-02-22T18:05:22Z,165.16627322304166,46,100.00019836,0.107807884216,0.115686079971187,0.107807884216,B
11.65916729,2.78277802467,2023-02-22T18:05:22Z,165.16627322304166,46,100.00019836,0.107807884216,0.115686079971187,0.107807884216,B
13.59359074,4.38697576523,2023-02-22T18:05:22Z,165.16627322304166,46,100.00019836,0.107807884216,0.115686079971187,0.107807884216,B
15.84896278,5.65158176422,2023-02-22T18:05:22Z,165.16627322304166,46,100.00019836,0.107807884216,0.115686079971187,0.107807884216,B
18.47853470,5.67301416397,2023-02-22T18:05:22Z,165.16627322304166,46,100.00019836,0.107807884216,0.115686079971187,0.107807884216,B
21.54438972,3.81899356842,2023-02-22T18:05:22Z,165.16627322304166,46,100.00019836,0.107807884216,0.115686079971187,0.107807884216,B
25.11891365,0.752328038216,2023-02-22T18:05:22Z,165.16627322304166,46,100.00019836,0.107807884216,0.115686079971187,0.107807884216,B
29.28650284,0,2023-02-22T18:05:22Z,165.16627322304166,46,100.00019836,0.107807884216,0.115686079971187,0.107807884216,B
34.14555740,0,2023-02-22T18:05:22Z,165.16627322304166,46,100.00019836,0.107807884216,0.115686079971187,0.107807884216,B
39.81079483,0,2023-02-22T18:05:22Z,165.16627322304166,46,100.00019836,0.107807884216,0.115686079971187,0.107807884216,B
46.41598129,0,2023-02-22T18:05:22Z,165.16627322304166,46,100.00019836,0.107807884216,0.115686079971187,0.107807884216,B
54.11705780,0,2023-02-22T18:05:22Z,165.16627322304166,46,100.00019836,0.107807884216,0.115686079971187,0.107807884216,B
63.09585953,0,2023-02-22T18:05:22Z,165.16627322304166,46,100.00019836,0.107807884216,0.115686079971187,0.107807884216,B
73.56436920,0,2023-02-22T18:05:22Z,165.16627322304166,46,100.00019836,0.107807884216,0.115686079971187,0.107807884216,B
85.76976013,0,2023-02-22T18:05:22Z,165.16627322304166,46,100.00019836,0.107807884216,0.115686079971187,0.107807884216,B
100.00019836,63.9142379761,2023-02-22T18:05:22Z,165.16627322304166,46,100.00019836,0.107807884216,0.115686079971187,0.107807884216,B
116.59166718,0,2023-02-22T18:05:22Z,165.16627322304166,46,100.00019836,0.107807884216,0.115686079971187,0.107807884216,B
135.93591309,0,2023-02-22T18:05:22Z,165.16627322304166,46,100.00019836,0.107807884216,0.115686079971187,0.107807884216,B
158.48962402,0,2023-02-22T18:05:22Z,165.16627322304166,46,100.00019836,0.107807884216,0.115686079971187,0.107807884216,B
184.78533936,0,2023-02-22T18:05:22Z,165.16627322304166,46,100.00019836,0.107807884216,0.115686079971187,0.107807884216,B
215.44389343,0,2023-02-22T18:05:22Z,165.16627322304166,46,100.00019836,0.107807884216,0.115686079971187,0.107807884216,B
251.18913269,0,2023-02-22T18:05:22Z,165.16627322304166,46,100.00019836,0.107807884216,0.115686079971187,0.107807884216,B
292.86502075,0,2023-02-22T18:05:22Z,165.16627322304166,46,100.00019836,0.107807884216,0.115686079971187,0.107807884216,B
341.45556641,0,2023-02-22T18:05:22Z,165.16627322304166,46,100.00019836,0.107807884216,0.115686079971187,0.107807884216,B
398.10794067,0,2023-02-22T18:05:22Z,165.16627322304166,46,100.00019836,0.107807884216,0.115686079971187,0.107807884216,B
464.15979004,0,2023-02-22T18:05:22Z,165.16627322304166,46,100.00019836,0.107807884216,0.115686079971187,0.107807884216,B
541.17059326,0,2023-02-22T18:05:22Z,165.16627322304166,46,100.00019836,0.107807884216,0.115686079971187,0.107807884216,B
630.95855713,0,2023-02-22T18:05:22Z,165.16627322304166,46,100.00019836,0.107807884216,0.115686079971187,0.107807884216,B
735.64367676,0,2023-02-22T18:05:22Z,165.16627322304166,46,100.00019836,0.107807884216,0.115686079971187,0.107807884216,B
857.69757080,0,2023-02-22T18:05:22Z,165.16627322304166,46,100.00019836,0.107807884216,0.115686079971187,0.107807884216,B
1000.00195313,0,2023-02-22T18:05:22Z,165.16627322304166,46,100.00019836,0.107807884216,0.115686079971187,0.107807884216,B
0.10000020,0,2023-02-22T18:05:23Z,129.22582096525278,46,100.00019836,0.15218298590535595,0.15926758293525362,0.1518456169764957,C
0.11659167,0,2023-02-22T18:05:23Z,129.22582096525278,46,100.00019836,0.15218298590535595,0.15926758293525362,0.1518456169764957,C
0.13593590,0,2023-02-22T18:05:23Z,129.22582096525278,46,100.00019836,0.15218298590535595,0.15926758293525362,0.1518456169764957,C
0.15848963,0,2023-02-22T18:05:23Z,129.22582096525278,46,100.00019836,0.15218298590535595,0.15926758293525362,0.1518456169764957,C
0.18478534,0,2023-02-22T18:05:23Z,129.22582096525278,46,100.00019836,0.15218298590535595,0.15926758293525362,0.1518456169764957,C
0.21544389,0,2023-02-22T18:05:23Z,129.22582096525278,46,100.00019836,0.15218298590535595,0.15926758293525362,0.1518456169764957,C
0.25118914,0,2023-02-22T18:05:23Z,129.22582096525278,46,100.00019836,0.15218298590535595,0.15926758293525362,0.1518456169764957,C
0.29286504,0,2023-02-22T18:05:23Z,129.22582096525278,46,100.00019836,0.15218298590535595,0.15926758293525362,0.1518456169764957,C
0.34145555,0,2023-02-22T18:05:23Z,129.22582096525278,46,100.00019836,0.15218298590535595,0.15926758293525362,0.1518456169764957,C
0.39810795,0,2023-02-22T18:05:23Z,129.22582096525278,46,100.00019836,0.15218298590535595,0.15926758293525362,0.1518456169764957,C
0.46415979,0,2023-02-22T18:05:23Z,129.22582096525278,46,100.00019836,0.15218298590535595,0.15926758293525362,0.1518456169764957,C
0.54117060,0,2023-02-22T18:05:23Z,129.22582096525278,46,100.00019836,0.15218298590535595,0.15926758293525362,0.1518456169764957,C
0.63095856,0,2023-02-22T18:05:23Z,129.22582096525278,46,100.00019836,0.15218298590535595,0.15926758293525362,0.1518456169764957,C
0.73564368,0,2023-02-22T18:05:23Z,129.22582096525278,46,100.00019836,0.15218298590535595,0.15926758293525362,0.1518456169764957,C
0.85769761,0,2023-02-22T18:05:23Z,129.22582096525278,46,100.00019836,0.15218298590535595,0.15926758293525362,0.1518456169764957,C
1.00000191,6.19975733571e-4,2023-02-22T18:05:23Z,129.22582096525278,46,100.00019836,0.15218298590535595,0.15926758293525362,0.1518456169764957,C
1.16591668,0.539183974266,2023-02-22T18:05:23Z,129.22582096525278,46,100.00019836,0.15218298590535595,0.15926758293525362,0.1518456169764957,C
1.35935903,6.38127183914,2023-02-22T18:05:23Z,129.22582096525278,46,100.00019836,0.15218298590535595,0.15926758293525362,0.1518456169764957,C
1.58489633,7.04587173462,2023-02-22T18:05:23Z,129.22582096525278,46,100.00019836,0.15218298590535595,0.15926758293525362,0.1518456169764957,C
1.84785342,1.21761417389,2023-02-22T18:05:23Z,129.22582096525278,46,100.00019836,0.15218298590535595,0.15926758293525362,0.1518456169764957,C
2.15443897,0.0336553752422,2023-02-22T18:05:23Z,129.22582096525278,46,100.00019836,0.15218298590535595,0.15926758293525362,0.1518456169764957,C
2.51189137,8.15164894448e-5,2023-02-22T18:05:23Z,129.22582096525278,46,100.00019836,0.15218298590535595,0.15926758293525362,0.1518456169764957,C
2.92865038,1.15437870374e-9,2023-02-22T18:05:23Z,129.22582096525278,46,100.00019836,0.15218298590535595,0.15926758293525362,0.1518456169764957,C
3.41455555,0,2023-02-22T18:05:23Z,129.22582096525278,46,100.00019836,0.15218298590535595,0.15926758293525362,0.1518456169764957,C
3.98107958,0,2023-02-22T18:05:23Z,129.22582096525278,46,100.00019836,0.15218298590535595,0.15926758293525362,0.1518456169764957,C
4.64159775,0,2023-02-22T18:05:23Z,129.22582096525278,46,100.00019836,0.15218298590535595,0.15926758293525362,0.1518456169764957,C
5.41170597,3.32208088366e-4,2023-02-22T18:05:23Z,129.22582096525278,46,100.00019836,0.15218298590535595,0.15926758293525362,0.1518456169764957,C
6.30958605,0.0246327482164,2023-02-22T18:05:23Z,129.22582096525278,46,100.00019836,0.15218298590535595,0.15926758293525362,0.1518456169764957,C
7.35643721,0.151829719543,2023-02-22T18:05:23Z,129.22582096525278,46,100.00019836,0.15218298590535595,0.15926758293525362,0.1518456169764957,C
8.57697582,0.531665027142,2023-02-22T18:05:23Z,129.22582096525278,46,100.00019836,0.15218298590535595,0.15926758293525362,0.1518456169764957,C
10.00002003,1.3725155592,2023-02-22T18:05:23Z,129.22582096525278,46,100.00019836,0.15218298590535595,0.15926758293525362,0.1518456169764957,C
11.65916729,2.83872747421,2023-02-22T18:05:23Z,129.22582096525278,46,100.00019836,0.15218298590535595,0.15926758293525362,0.1518456169764957,C
13.59359074,4.82204723358,2023-02-22T18:05:23Z,129.22582096525278,46,100.00019836,0.15218298590535595,0.15926758293525362,0.1518456169764957,C
15.84896278,6.67118930817,2023-02-22T18:05:23Z,129.22582096525278,46,100.00019836,0.15218298590535595,0.15926758293525362,0.1518456169764957,C
18.47853470,7.21638727188,2023-02-22T18:05:23Z,129.22582096525278,46,100.00019836,0.15218298590535595,0.15926758293525362,0.1518456169764957,C
21.54438972,5.51702547073,2023-02-22T18:05:23Z,129.22582096525278,46,100.00019836,0.15218298590535595,0.15926758293525362,0.1518456169764957,C
25.11891365,2.24501252174,2023-02-22T18:05:23Z,129.22582096525278,46,100.00019836,0.15218298590535595,0.15926758293525362,0.1518456169764957,C
29.28650284,0.0693736672401,2023-02-22T18:05:23Z,129.22582096525278,46,100.00019836,0.15218298590535595,0.15926758293525362,0.1518456169764957,C
34.14555740,0,2023-02-22T18:05:23Z,129.22582096525278,46,100.00019836,0.15218298590535595,0.15926758293525362,0.1518456169764957,C
39.81079483,0,2023-02-22T18:05:23Z,129.22582096525278,46,100.00019836,0.15218298590535595,0.15926758293525362,0.1518456169764957,C
46.41598129,0,2023-02-22T18:05:23Z,129.22582096525278,46,100.00019836,0.15218298590535595,0.15926758293525362,0.1518456169764957,C
54.11705780,0,2023-02-22T18:05:23Z,129.22582096525278,46,100.00019836,0.15218298590535595,0.15926758293525362,0.1518456169764957,C
63.09585953,0,2023-02-22T18:05:23Z,129.22582096525278,46,100.00019836,0.15218298590535595,0.15926758293525362,0.1518456169764957,C
73.56436920,0,2023-02-22T18:05:23Z,129.22582096525278,46,100.00019836,0.15218298590535595,0.15926758293525362,0.1518456169764957,C
85.76976013,0,2023-02-22T18:05:23Z,129.22582096525278,46,100.00019836,0.15218298590535595,0.15926758293525362,0.1518456169764957,C
100.00019836,53.3209609985,2023-02-22T18:05:23Z,129.22582096525278,46,100.00019836,0.15218298590535595,0.15926758293525362,0.1518456169764957,C
116.59166718,0,2023-02-22T18:05:23Z,129.22582096525278,46,100.00019836,0.15218298590535595,0.15926758293525362,0.1518456169764957,C
135.93591309,0,2023-02-22T18:05:23Z,129.22582096525278,46,100.00019836,0.15218298590535595,0.15926758293525362,0.1518456169764957,C
158.48962402,0,2023-02-22T18:05:23Z,129.22582096525278,46,100.00019836,0.15218298590535595,0.15926758293525362,0.1518456169764957,C
184.78533936,0,2023-02-22T18:05:23Z,129.22582096525278,46,100.00019836,0.15218298590535595,0.15926758293525362,0.1518456169764957,C
215.44389343,0,2023-02-22T18:05:23Z,129.22582096525278,46,100.00019836,0.15218298590535595,0.15926758293525362,0.1518456169764957,C
251.18913269,0,2023-02-22T18:05:23Z,129.22582096525278,46,100.00019836,0.15218298590535595,0.15926758293525362,0.1518456169764957,C
292.86502075,0,2023-02-22T18:05:23Z,129.22582096525278,46,100.00019836,0.15218298590535595,0.15926758293525362,0.1518456169764957,C
341.45556641,0,2023-02-22T18:05:23Z,129.22582096525278,46,100.00019836,0.15218298590535595,0.15926758293525362,0.1518456169764957,C
398.10794067,0,2023-02-22T18:05:23Z,129.22582096525278,46,100.00019836,0.15218298590535595,0.15926758293525362,0.1518456169764957,C
464.15979004,0,2023-02-22T18:05:23Z,129.22582096525278,46,100.00019836,0.15218298590535595,0.15926758293525362,0.1518456169764957,C
541.17059326,0,2023-02-22T18:05:23Z,129.22582096525278,46,100.00019836,0.15218298590535595,0.15926758293525362,0.1518456169764957,C
630.95855713,0,2023-02-22T18:05:23Z,129.22582096525278,46,100.00019836,0.15218298590535595,0.15926758293525362,0.1518456169764957,C
735.64367676,0,2023-02-22T18:05:23Z,129.22582096525278,46,100.00019836,0.15218298590535595,0.15926758293525362,0.1518456169764957,C
857.69757080,0,2023-02-22T18:05:23Z,129.22582096525278,46,100.00019836,0.15218298590535595,0.15926758293525362,0.1518456169764957,C
1000.00195313,0,2023-02-22T18:05:23Z,129.22582096525278,46,100.00019836,0.15218298590535595,0.15926758293525362,0.1518456169764957,C
0.10000020,0,2023-02-22T18:05:24Z,193.98717032529999,46,100.00019836,0.11499140006003039,0.1463206128447504,0.11499140006002083,B
0.11659167,0,2023-02-22T18:05:24Z,193.98717032529999,46,100.00019836,0.11499140006003039,0.1463206128447504,0.11499140006002083,B
0.13593590,0,2023-02-22T18:05:24Z,193.98717032529999,46,100.00019836,0.11499140006003039,0.1463206128447504,0.11499140006002083,B
0.15848963,0,2023-02-22T18:05:24Z,193.98717032529999,46,100.00019836,0.11499140006003039,0.1463206128447504,0.11499140006002083,B
0.18478534,0,2023-02-22T18:05:24Z,193.98717032529999,46,100.00019836,0.11499140006003039,0.1463206128447504,0.11499140006002083,B
0.21544389,0,2023-02-22T18:05:24Z,193.98717032529999,46,100.00019836,0.11499140006003039,0.1463206128447504,0.11499140006002083,B
0.25118914,0,2023-02-22T18:05:24Z,193.98717032529999,46,100.00019836,0.11499140006003039,0.1463206128447504,0.11499140006002083,B
0.29286504,0,2023-02-22T18:05:24Z,193.98717032529999,46,100.00019836,0.11499140006003039,0.1463206128447504,0.11499140006002083,B
0.34145555,0,2023-02-22T18:05:24Z,193.98717032529999,46,100.00019836,0.11499140006003039,0.1463206128447504,0.11499140006002083,B
0.39810795,0,2023-02-22T18:05:24Z,193.98717032529999,46,100.00019836,0.11499140006003039,0.1463206128447504,0.11499140006002083,B
0.46415979,0,2023-02-22T18:05:24Z,193.98717032529999,46,100.00019836,0.11499140006003039,0.1463206128447504,0.11499140006002083,B
0.54117060,0,2023-02-22T18:05:24Z,193.98717032529999,46,100.00019836,0.11499140006003039,0.1463206128447504,0.11499140006002083,B
0.63095856,0,2023-02-22T18:05:24Z,193.98717032529999,46,100.00019836,0.11499140006003039,0.1463206128447504,0.11499140006002083,B
0.73564368,0,2023-02-22T18:05:24Z,193.98717032529999,46,100.00019836,0.11499140006003039,0.1463206128447504,0.11499140006002083,B
0.85769761,0,2023-02-22T18:05:24Z,193.98717032529999,46,100.00019836,0.11499140006003039,0.1463206128447504,0.11499140006002083,B
1.00000191,1.30934815388e-4,2023-02-22T18:05:24Z,193.98717032529999,46,100.00019836,0.11499140006003039,0.1463206128447504,0.11499140006002083,B
1.16591668,4.51463890076,2023-02-22T18:05:24Z,193.98717032529999,46,100.00019836,0.11499140006003039,0.1463206128447504,0.11499140006002083,B
1.35935903,6.94729757309,2023-02-22T18:05:24Z,193.98717032529999,46,100.00019836,0.11499140006003039,0.1463206128447504,0.11499140006002083,B
1.58489633,0.0370705723763,2023-02-22T18:05:24Z,193.98717032529999,46,100.00019836,0.11499140006003039,0.1463206128447504,0.11499140006002083,B
1.84785342,2.02496039492e-6,2023-02-22T18:05:24Z,193.98717032529999,46,100.00019836,0.11499140006003039,0.1463206128447504,0.11499140006002083,B
2.15443897,9.56097939535e-13,2023-02-22T18:05:24Z,193.98717032529999,46,100.00019836,0.11499140006003039,0.1463206128447504,0.11499140006002083,B
2.51189137,5.10773880345e-22,2023-02-22T18:05:24Z,193.98717032529999,46,100.00019836,0.11499140006003039,0.1463206128447504,0.11499140006002083,B
2.92865038,6.12647688603e-39,2023-02-22T18:05:24Z,193.98717032529999,46,100.00019836,0.11499140006003039,0.1463206128447504,0.11499140006002083,B
3.41455555,0,2023-02-22T18:05:24Z,193.98717032529999,46,100.00019836,0.11499140006003039,0.1463206128447504,0.11499140006002083,B
3.98107958,0,2023-02-22T18:05:24Z,193.98717032529999,46,100.00019836,0.11499140006003039,0.1463206128447504,0.11499140006002083,B
4.64159775,0,2023-02-22T18:05:24Z,193.98717032529999,46,100.00019836,0.11499140006003039,0.1463206128447504,0.11499140006002083,B
5.41170597,0,2023-02-22T18:05:24Z,193.98717032529999,46,100.00019836,0.11499140006003039,0.1463206128447504,0.11499140006002083,B
6.30958605,0.301220715046,2023-02-22T18:05:24Z,193.98717032529999,46,100.00019836,0.11499140006003039,0.1463206128447504,0.11499140006002083,B
7.35643721,0.943071365356,2023-02-22T18:05:24Z,193.98717032529999,46,100.00019836,0.11499140006003039,0.1463206128447504,0.11499140006002083,B
8.57697582,1.88862919807,2023-02-22T18:05:24Z,193.98717032529999,46,100.00019836,0.11499140006003039,0.1463206128447504,0.11499140006002083,B
10.00002003,3.00780463219,2023-02-22T18:05:24Z,193.98717032529999,46,100.00019836,0.11499140006003039,0.1463206128447504,0.11499140006002083,B
11.65916729,4.03280878067,2023-02-22T18:05:24Z,193.98717032529999,46,100.00019836,0.11499140006003039,0.1463206128447504,0.11499140006002083,B
13.59359074,4.60279178619,2023-02-22T18:05:24Z,193.98717032529999,46,100.00019836,0.11499140006003039,0.1463206128447504,0.11499140006002083,B
15.84896278,4.39166784286,2023-02-22T18:05:24Z,193.98717032529999,46,100.00019836,0.11499140006003039,0.1463206128447504,0.11499140006002083,B
18.47853470,3.28570747375,2023-02-22T18:05:24Z,193.98717032529999,46,100.00019836,0.11499140006003039,0.1463206128447504,0.11499140006002083,B
21.54438972,1.51182436943,2023-02-22T18:05:24Z,193.98717032529999,46,100.00019836,0.11499140006003039,0.1463206128447504,0.11499140006002083,B
25.11891365,0,2023-02-22T18:05:24Z,193.98717032529999,46,100.00019836,0.11499140006003039,0.1463206128447504,0.11499140006002083,B
29.28650284,0,2023-02-22T18:05:24Z,193.98717032529999,46,100.00019836,0.11499140006003039,0.1463206128447504,0.11499140006002083,B
34.14555740,0,2023-02-22T18:05:24Z,193.98717032529999,46,100.00019836,0.11499140006003039,0.1463206128447504,0.11499140006002083,B
39.81079483,0,2023-02-22T18:05:24Z,193.98717032529999,46,100.00019836,0.11499140006003039,0.1463206128447504,0.11499140006002083,B
46.41598129,0,2023-02-22T18:05:24Z,193.98717032529999,46,100.00019836,0.11499140006003039,0.1463206128447504,0.11499140006002083,B
54.11705780,0,2023-02-22T18:05:24Z,193.98717032529999,46,100.00019836,0.11499140006003039,0.1463206128447504,0.11499140006002083,B
63.09585953,0,2023-02-22T18:05:24Z,193.98717032529999,46,100.00019836,0.11499140006003039,0.1463206128447504,0.11499140006002083,B
73.56436920,0,2023-02-22T18:05:24Z,193.98717032529999,46,100.00019836,0.11499140006003039,0.1463206128447504,0.11499140006002083,B
85.76976013,0,2023-02-22T18:05:24Z,193.98717032529999,46,100.00019836,0.11499140006003039,0.1463206128447504,0.11499140006002083,B
100.00019836,64.5353317261,2023-02-22T18:05:24Z,193.98717032529999,46,100.00019836,0.11499140006003039,0.1463206128447504,0.11499140006002083,B
116.59166718,0,2023-02-22T18:05:24Z,193.98717032529999,46,100.00019836,0.11499140006003039,0.1463206128447504,0.11499140006002083,B
135.93591309,0,2023-02-22T18:05:24Z,193.98717032529999,46,100.00019836,0.11499140006003039,0.1463206128447504,0.11499140006002083,B
158.48962402,0,2023-02-22T18:05:24Z,193.98717032529999,46,100.00019836,0.11499140006003039,0.1463206128447504,0.11499140006002083,B
184.78533936,0,2023-02-22T18:05:24Z,193.98717032529999,46,100.00019836,0.11499140006003039,0.1463206128447504,0.11499140006002083,B
215.44389343,0,2023-02-22T18:05:24Z,193.98717032529999,46,100.00019836,0.11499140006003039,0.1463206128447504,0.11499140006002083,B
251.18913269,0,2023-02-22T18:05:24Z,193.98717032529999,46,100.00019836,0.11499140006003039,0.1463206128447504,0.11499140006002083,B
292.86502075,0,2023-02-22T18:05:24Z,193.98717032529999,46,100.00019836,0.11499140006003039,0.1463206128447504,0.11499140006002083,B
341.45556641,0,2023-02-22T18:05:24Z,193.98717032529999,46,100.00019836,0.11499140006003039,0.1463206128447504,0.11499140006002083,B
398.10794067,0,2023-02-22T18:05:24Z,193.98717032529999,46,100.00019836,0.11499140006003039,0.1463206128447504,0.11499140006002083,B
464.15979004,0,2023-02-22T18:05:24Z,193.98717032529999,46,100.00019836,0.11499140006003039,0.1463206128447504,0.11499140006002083,B
541.17059326,0,2023-02-22T18:05:24Z,193.98717032529999,46,100.00019836,0.11499140006003039,0.1463206128447504,0.11499140006002083,B
630.95855713,0,2023-02-22T18:05:24Z,193.98717032529999,46,100.00019836,0.11499140006003039,0.1463206128447504,0.11499140006002083,B
735.64367676,0,2023-02-22T18:05:24Z,193.98717032529999,46,100.00019836,0.11499140006003039,0.1463206128447504,0.11499140006002083,B
857.69757080,0,2023-02-22T18:05:24Z,193.98717032529999,46,100.00019836,0.11499140006003039,0.1463206128447504,0.11499140006002083,B
1000.00195313,0,2023-02-22T18:05:24Z,193.98717032529999,46,100.00019836,0.11499140006003039,0.1463206128447504,0.11499140006002083,B
0.10000020,0,2023-02-22T18:05:25Z,201.26259295138888,37,25.11891365,0.150167146623201,0.20846513718374102,0.11153022527699999,B
0.11659167,0,2023-02-22T18:05:25Z,201.26259295138888,37,25.11891365,0.150167146623201,0.20846513718374102,0.11153022527699999,B
0.13593590,0,2023-02-22T18:05:25Z,201.26259295138888,37,25.11891365,0.150167146623201,0.20846513718374102,0.11153022527699999,B
0.15848963,0,2023-02-22T18:05:25Z,201.26259295138888,37,25.11891365,0.150167146623201,0.20846513718374102,0.11153022527699999,B
0.18478534,0,2023-02-22T18:05:25Z,201.26259295138888,37,25.11891365,0.150167146623201,0.20846513718374102,0.11153022527699999,B
0.21544389,0,2023-02-22T18:05:25Z,201.26259295138888,37,25.11891365,0.150167146623201,0.20846513718374102,0.11153022527699999,B
0.25118914,0,2023-02-22T18:05:25Z,201.26259295138888,37,25.11891365,0.150167146623201,0.20846513718374102,0.11153022527699999,B
0.29286504,0,2023-02-22T18:05:25Z,201.26259295138888,37,25.11891365,0.150167146623201,0.20846513718374102,0.11153022527699999,B
0.34145555,0,2023-02-22T18:05:25Z,201.26259295138888,37,25.11891365,0.150167146623201,0.20846513718374102,0.11153022527699999,B
0.39810795,0,2023-02-22T18:05:25Z,201.26259295138888,37,25.11891365,0.150167146623201,0.20846513718374102,0.11153022527699999,B
0.46415979,0,2023-02-22T18:05:25Z,201.26259295138888,37,25.11891365,0.150167146623201,0.20846513718374102,0.11153022527699999,B
0.54117060,0,2023-02-22T18:05:25Z,201.26259295138888,37,25.11891365,0.150167146623201,0.20846513718374102,0.11153022527699999,B
0.63095856,0,2023-02-22T18:05:25Z,201.26259295138888,37,25.11891365,0.150167146623201,0.20846513718374102,0.11153022527699999,B
0.73564368,0,2023-02-22T18:05:25Z,201.26259295138888,37,25.11891365,0.150167146623201,0.20846513718374102,0.11153022527699999,B
0.85769761,0,2023-02-22T18:05:25Z,201.26259295138888,37,25.11891365,0.150167146623201,0.20846513718374102,0.11153022527699999,B
1.00000191,1.24594092369,2023-02-22T18:05:25Z,201.26259295138888,37,25.11891365,0.150167146623201,0.20846513718374102,0.11153022527699999,B
1.16591668,2.19078016281,2023-02-22T18:05:25Z,201.26259295138888,37,25.11891365,0.150167146623201,0.20846513718374102,0.11153022527699999,B
1.35935903,2.67751812935,2023-02-22T18:05:25Z,201.26259295138888,37,25.11891365,0.150167146623201,0.20846513718374102,0.11153022527699999,B
1.58489633,2.69436526299,2023-02-22T18:05:25Z,201.26259295138888,37,25.11891365,0.150167146623201,0.20846513718374102,0.11153022527699999,B
1.84785342,2.34441804886,2023-02-22T18:05:25Z,201.26259295138888,37,25.11891365,0.150167146623201,0.20846513718374102,0.11153022527699999,B
2.15443897,1.78443658352,2023-02-22T18:05:25Z,201.26259295138888,37,25.11891365,0.150167146623201,0.20846513718374102,0.11153022527699999,B
2.51189137,1.16199195385,2023-02-22T18:05:25Z,201.26259295138888,37,25.11891365,0.150167146623201,0.20846513718374102,0.11153022527699999,B
2.92865038,0.595275819302,2023-02-22T18:05:25Z,201.26259295138888,37,25.11891365,0.150167146623201,0.20846513718374102,0.11153022527699999,B
3.41455555,0.189796492457,2023-02-22T18:05:25Z,201.26259295138888,37,25.11891365,0.150167146623201,0.20846513718374102,0.11153022527699999,B
3.98107958,0.0230434238911,2023-02-22T18:05:25Z,201.26259295138888,37,25.11891365,0.150167146623201,0.20846513718374102,0.11153022527699999,B
4.64159775,0.1091478616,2023-02-22T18:05:25Z,201.26259295138888,37,25.11891365,0.150167146623201,0.20846513718374102,0.11153022527699999,B
5.41170597,0.440202474594,2023-02-22T18:05:25Z,201.26259295138888,37,25.11891365,0.150167146623201,0.20846513718374102,0.11153022527699999,B
6.30958605,1.00295138359,2023-02-22T18:05:25Z,201.26259295138888,37,25.11891365,0.150167146623201,0.20846513718374102,0.11153022527699999,B
7.35643721,1.75470387936,2023-02-22T18:05:25Z,201.26259295138888,37,25.11891365,0.150167146623201,0.20846513718374102,0.11153022527699999,B
8.57697582,2.63194131851,2023-02-22T18:05:25Z,201.26259295138888,37,25.11891365,0.150167146623201,0.20846513718374102,0.11153022527699999,B
10.00002003,3.54775738716,2023-02-22T18:05:25Z,201.26259295138888,37,25.11891365,0.150167146623201,0.20846513718374102,0.11153022527699999,B
11.65916729,4.3861823082,2023-02-22T18:05:25Z,201.26259295138888,37,25.11891365,0.150167146623201,0.20846513718374102,0.11153022527699999,B
13.59359074,5.00396251678,2023-02-22T18:05:25Z,201.26259295138888,37,25.11891365,0.150167146623201,0.20846513718374102,0.11153022527699999,B
15.84896278,5.24572706223,2023-02-22T18:05:25Z,201.26259295138888,37,25.11891365,0.150167146623201,0.20846513718374102,0.11153022527699999,B
18.47853470,4.9832572937,2023-02-22T18:05:25Z,201.26259295138888,37,25.11891365,0.150167146623201,0.20846513718374102,0.11153022527699999,B
21.54438972,4.17122173309,2023-02-22T18:05:25Z,201.26259295138888,37,25.11891365,0.150167146623201,0.20846513718374102,0.11153022527699999,B
25.11891365,2.91830015182,2023-02-22T18:05:25Z,201.26259295138888,37,25.11891365,0.150167146623201,0.20846513718374102,0.11153022527699999,B
29.28650284,1.54249179363,2023-02-22T18:05:25Z,201.26259295138888,37,25.11891365,0.150167146623201,0.20846513718374102,0.11153022527699999,B
34.14555740,0.560674369335,2023-02-22T18:05:25Z,201.26259295138888,37,25.11891365,0.150167146623201,0.20846513718374102,0.11153022527699999,B
39.81079483,0.56978815794,2023-02-22T18:05:25Z,201.26259295138888,37,25.11891365,0.150167146623201,0.20846513718374102,0.11153022527699999,B
46.41598129,2.01594543457,2023-02-22T18:05:25Z,201.26259295138888,37,25.11891365,0.150167146623201,0.20846513718374102,0.11153022527699999,B
54.11705780,4.89738082886,2023-02-22T18:05:25Z,201.26259295138888,37,25.11891365,0.150167146623201,0.20846513718374102,0.11153022527699999,B
63.09585953,8.51091003418,2023-02-22T18:05:25Z,201.26259295138888,37,25.11891365,0.150167146623201,0.20846513718374102,0.11153022527699999,B
73.56436920,11.3901939392,2023-02-22T18:05:25Z,201.26259295138888,37,25.11891365,0.150167146623201,0.20846513718374102,0.11153022527699999,B
85.76976013,11.6429653168,2023-02-22T18:05:25Z,201.26259295138888,37,25.11891365,0.150167146623201,0.20846513718374102,0.11153022527699999,B
100.00019836,7.76672887802,2023-02-22T18:05:25Z,201.26259295138888,37,25.11891365,0.150167146623201,0.20846513718374102,0.11153022527699999,B
116.59166718,0,2023-02-22T18:05:25Z,201.26259295138888,37,25.11891365,0.150167146623201,0.20846513718374102,0.11153022527699999,B
135.93591309,0,2023-02-22T18:05:25Z,201.26259295138888,37,25.11891365,0.150167146623201,0.20846513718374102,0.11153022527699999,B
158.48962402,0,2023-02-22T18:05:25Z,201.26259295138888,37,25.11891365,0.150167146623201,0.20846513718374102,0.11153022527699999,B
184.78533936,0,2023-02-22T18:05:25Z,201.26259295138888,37,25.11891365,0.150167146623201,0.20846513718374102,0.11153022527699999,B
215.44389343,0,2023-02-22T18:05:25Z,201.26259295138888,37,25.11891365,0.150167146623201,0.20846513718374102,0.11153022527699999,B
251.18913269,0,2023-02-22T18:05:25Z,201.26259295138888,37,25.11891365,0.150167146623201,0.20846513718374102,0.11153022527699999,B
292.86502075,0,2023-02-22T18:05:25Z,201.26259295138888,37,25.11891365,0.150167146623201,0.20846513718374102,0.11153022527699999,B
341.45556641,0,2023-02-22T18:05:25Z,201.26259295138888,37,25.11891365,0.150167146623201,0.20846513718374102,0.11153022527699999,B
398.10794067,0,2023-02-22T18:05:25Z,201.26259295138888,37,25.11891365,0.150167146623201,0.20846513718374102,0.11153022527699999,B
464.15979004,0,2023-02-22T18:05:25Z,201.26259295138888,37,25.11891365,0.150167146623201,0.20846513718374102,0.11153022527699999,B
541.17059326,0,2023-02-22T18:05:25Z,201.26259295138888,37,25.11891365,0.150167146623201,0.20846513718374102,0.11153022527699999,B
630.95855713,0,2023-02-22T18:05:25Z,201.26259295138888,37,25.11891365,0.150167146623201,0.20846513718374102,0.11153022527699999,B
735.64367676,0,2023-02-22T18:05:25Z,201.26259295138888,37,25.11891365,0.150167146623201,0.20846513718374102,0.11153022527699999,B
857.69757080,0,2023-02-22T18:05:25Z,201.26259295138888,37,25.11891365,0.150167146623201,0.20846513718374102,0.11153022527699999,B
1000.00195313,0,2023-02-22T18:05:25Z,201.26259295138888,37,25.11891365,0.150167146623201,0.20846513718374102,0.11153022527699999,B
0.10000020,0,2023-02-22T18:05:26Z,160.12162166166945,37,25.11891365,0.17212711036203998,0.23490874707705,0.1228354179859,B
0.11659167,0,2023-02-22T18:05:26Z,160.12162166166945,37,25.11891365,0.17212711036203998,0.23490874707705,0.1228354179859,B
0.13593590,0,2023-02-22T18:05:26Z,160.12162166166945,37,25.11891365,0.17212711036203998,0.23490874707705,0.1228354179859,B
0.15848963,0,2023-02-22T18:05:26Z,160.12162166166945,37,25.11891365,0.17212711036203998,0.23490874707705,0.1228354179859,B
0.18478534,0,2023-02-22T18:05:26Z,160.12162166166945,37,25.11891365,0.17212711036203998,0.23490874707705,0.1228354179859,B
0.21544389,0,2023-02-22T18:05:26Z,160.12162166166945,37,25.11891365,0.17212711036203998,0.23490874707705,0.1228354179859,B
0.25118914,0,2023-02-22T18:05:26Z,160.12162166166945,37,25.11891365,0.17212711036203998,0.23490874707705,0.1228354179859,B
0.29286504,0,2023-02-22T18:05:26Z,160.12162166166945,37,25.11891365,0.17212711036203998,0.23490874707705,0.1228354179859,B
0.34145555,0,2023-02-22T18:05:26Z,160.12162166166945,37,25.11891365,0.17212711036203998,0.23490874707705,0.1228354179859,B
0.39810795,0,2023-02-22T18:05:26Z,160.12162166166945,37,25.11891365,0.17212711036203998,0.23490874707705,0.1228354179859,B
0.46415979,0,2023-02-22T18:05:26Z,160.12162166166945,37,25.11891365,0.17212711036203998,0.23490874707705,0.1228354179859,B
0.54117060,0,2023-02-22T18:05:26Z,160.12162166166945,37,25.11891365,0.17212711036203998,0.23490874707705,0.1228354179859,B
0.63095856,0,2023-02-22T18:05:26Z,160.12162166166945,37,25.11891365,0.17212711036203998,0.23490874707705,0.1228354179859,B
0.73564368,0,2023-02-22T18:05:26Z,160.12162166166945,37,25.11891365,0.17212711036203998,0.23490874707705,0.1228354179859,B
0.85769761,0,2023-02-22T18:05:26Z,160.12162166166945,37,25.11891365,0.17212711036203998,0.23490874707705,0.1228354179859,B
1.00000191,1.33958947659,2023-02-22T18:05:26Z,160.12162166166945,37,25.11891365,0.17212711036203998,0.23490874707705,0.1228354179859,B
1.16591668,2.37151670456,2023-02-22T18:05:26Z,160.12162166166945,37,25.11891365,0.17212711036203998,0.23490874707705,0.1228354179859,B
1.35935903,2.92917394638,2023-02-22T18:05:26Z,160.12162166166945,37,25.11891365,0.17212711036203998,0.23490874707705,0.1228354179859,B
1.58489633,2.990650177,2023-02-22T18:05:26Z,160.12162166166945,37,25.11891365,0.17212711036203998,0.23490874707705,0.1228354179859,B
1.84785342,2.65261149406,2023-02-22T18:05:26Z,160.12162166166945,37,25.11891365,0.17212711036203998,0.23490874707705,0.1228354179859,B
2.15443897,2.07309341431,2023-02-22T18:05:26Z,160.12162166166945,37,25.11891365,0.17212711036203998,0.23490874707705,0.1228354179859,B
2.51189137,1.40902137756,2023-02-22T18:05:26Z,160.12162166166945,37,25.11891365,0.17212711036203998,0.23490874707705,0.1228354179859,B
2.92865038,0.790769040585,2023-02-22T18:05:26Z,160.12162166166945,37,25.11891365,0.17212711036203998,0.23490874707705,0.1228354179859,B
3.41455555,0.334173321724,2023-02-22T18:05:26Z,160.12162166166945,37,25.11891365,0.17212711036203998,0.23490874707705,0.1228354179859,B
3.98107958,0.12752071023,2023-02-22T18:05:26Z,160.12162166166945,37,25.11891365,0.17212711036203998,0.23490874707705,0.1228354179859,B
4.64159775,0.194591373205,2023-02-22T18:05:26Z,160.12162166166945,37,25.11891365,0.17212711036203998,0.23490874707705,0.1228354179859,B
5.41170597,0.527638912201,2023-02-22T18:05:26Z,160.12162166166945,37,25.11891365,0.17212711036203998,0.23490874707705,0.1228354179859,B
6.30958605,1.10839045048,2023-02-22T18:05:26Z,160.12162166166945,37,25.11891365,0.17212711036203998,0.23490874707705,0.1228354179859,B
7.35643721,1.87980258465,2023-02-22T18:05:26Z,160.12162166166945,37,25.11891365,0.17212711036203998,0.23490874707705,0.1228354179859,B
8.57697582,2.76233172417,2023-02-22T18:05:26Z,160.12162166166945,37,25.11891365,0.17212711036203998,0.23490874707705,0.1228354179859,B
10.00002003,3.65207982063,2023-02-22T18:05:26Z,160.12162166166945,37,25.11891365,0.17212711036203998,0.23490874707705,0.1228354179859,B
11.65916729,4.42271184921,2023-02-22T18:05:26Z,160.12162166166945,37,25.11891365,0.17212711036203998,0.23490874707705,0.1228354179859,B
13.59359074,4.93090343475,2023-02-22T18:05:26Z,160.12162166166945,37,25.11891365,0.17212711036203998,0.23490874707705,0.1228354179859,B
15.84896278,5.0356593132,2023-02-22T18:05:26Z,160.12162166166945,37,25.11891365,0.17212711036203998,0.23490874707705,0.1228354179859,B
18.47853470,4.63640928268,2023-02-22T18:05:26Z,160.12162166166945,37,25.11891365,0.17212711036203998,0.23490874707705,0.1228354179859,B
21.54438972,3.72251391411,2023-02-22T18:05:26Z,160.12162166166945,37,25.11891365,0.17212711036203998,0.23490874707705,0.1228354179859,B
25.11891365,2.43368506432,2023-02-22T18:05:26Z,160.12162166166945,37,25.11891365,0.17212711036203998,0.23490874707705,0.1228354179859,B
29.28650284,1.10270512104,2023-02-22T18:05:26Z,160.12162166166945,37,25.11891365,0.17212711036203998,0.23490874707705,0.1228354179859,B
34.14555740,0.235444143414,2023-02-22T18:05:26Z,160.12162166166945,37,25.11891365,0.17212711036203998,0.23490874707705,0.1228354179859,B
39.81079483,0.392595946789,2023-02-22T18:05:26Z,160.12162166166945,37,25.11891365,0.17212711036203998,0.23490874707705,0.1228354179859,B
46.41598129,1.97019219398,2023-02-22T18:05:26Z,160.12162166166945,37,25.11891365,0.17212711036203998,0.23490874707705,0.1228354179859,B
54.11705780,4.92209386826,2023-02-22T18:05:26Z,160.12162166166945,37,25.11891365,0.17212711036203998,0.23490874707705,0.1228354179859,B
63.09585953,8.52705574036,2023-02-22T18:05:26Z,160.12162166166945,37,25.11891365,0.17212711036203998,0.23490874707705,0.1228354179859,B
73.56436920,11.3400268555,2023-02-22T18:05:26Z,160.12162166166945,37,25.11891365,0.17212711036203998,0.23490874707705,0.1228354179859,B
85.76976013,11.5273218155,2023-02-22T18:05:26Z,160.12162166166945,37,25.11891365,0.17212711036203998,0.23490874707705,0.1228354179859,B
100.00019836,7.65772819519,2023-02-22T18:05:26Z,160.12162166166945,37,25.11891365,0.17212711036203998,0.23490874707705,0.1228354179859,B
116.59166718,0,2023-02-22T18:05:26Z,160.12162166166945,37,25.11891365,0.17212711036203998,0.23490874707705,0.1228354179859,B
135.93591309,0,2023-02-22T18:05:26Z,160.12162166166945,37,25.11891365,0.17212711036203998,0.23490874707705,0.1228354179859,B
158.48962402,0,2023-02-22T18:05:26Z,160.12162166166945,37,25.11891365,0.17212711036203998,0.23490874707705,0.1228354179859,B
184.78533936,0,2023-02-22T18:05:26Z,160.12162166166945,37,25.11891365,0.17212711036203998,0.23490874707705,0.1228354179859,B
215.44389343,0,2023-02-22T18:05:26Z,160.12162166166945,37,25.11891365,0.17212711036203998,0.23490874707705,0.1228354179859,B
251.18913269,0,2023-02-22T18:05:26Z,160.12162166166945,37,25.11891365,0.17212711036203998,0.23490874707705,0.1228354179859,B
292.86502075,0,2023-02-22T18:05:26Z,160.12162166166945,37,25.11891365,0.17212711036203998,0.23490874707705,0.1228354179859,B
341.45556641,0,2023-02-22T18:05:26Z,160.12162166166945,37,25.11891365,0.17212711036203998,0.23490874707705,0.1228354179859,B
398.10794067,0,2023-02-22T18:05:26Z,160.12162166166945,37,25.11891365,0.17212711036203998,0.23490874707705,0.1228354179859,B
464.15979004,0,2023-02-22T18:05:26Z,160.12162166166945,37,25.11891365,0.17212711036203998,0.23490874707705,0.1228354179859,B
541.17059326,0,2023-02-22T18:05:26Z,160.12162166166945,37,25.11891365,0.17212711036203998,0.23490874707705,0.1228354179859,B
630.95855713,0,2023-02-22T18:05:26Z,160.12162166166945,37,25.11891365,0.17212711036203998,0.23490874707705,0.1228354179859,B
735.64367676,0,2023-02-22T18:05:26Z,160.12162166166945,37,25.11891365,0.17212711036203998,0.23490874707705,0.1228354179859,B
857.69757080,0,2023-02-22T18:05:26Z,160.12162166166945,37,25.11891365,0.17212711036203998,0.23490874707705,0.1228354179859,B
1000.00195313,0,2023-02-22T18:05:26Z,160.12162166166945,37,25.11891365,0.17212711036203998,0.23490874707705,0.1228354179859,B
0.10000020,0,2023-02-22T18:05:27Z,161.65982924561388,38,29.28650284,0.1507877642518854,0.1925757431095854,0.15015674315398,B
0.11659167,0,2023-02-22T18:05:27Z,161.65982924561388,38,29.28650284,0.1507877642518854,0.1925757431095854,0.15015674315398,B
0.13593590,0,2023-02-22T18:05:27Z,161.65982924561388,38,29.28650284,0.1507877642518854,0.1925757431095854,0.15015674315398,B
0.15848963,0,2023-02-22T18:05:27Z,161.65982924561388,38,29.28650284,0.1507877642518854,0.1925757431095854,0.15015674315398,B
0.18478534,0,2023-02-22T18:05:27Z,161.65982924561388,38,29.28650284,0.1507877642518854,0.1925757431095854,0.15015674315398,B
0.21544389,0,2023-02-22T18:05:27Z,161.65982924561388,38,29.28650284,0.1507877642518854,0.1925757431095854,0.15015674315398,B
0.25118914,0,2023-02-22T18:05:27Z,161.65982924561388,38,29.28650284,0.1507877642518854,0.1925757431095854,0.15015674315398,B
0.29286504,0,2023-02-22T18:05:27Z,161.65982924561388,38,29.28650284,0.1507877642518854,0.1925757431095854,0.15015674315398,B
0.34145555,0,2023-02-22T18:05:27Z,161.65982924561388,38,29.28650284,0.1507877642518854,0.1925757431095854,0.15015674315398,B
0.39810795,0,2023-02-22T18:05:27Z,161.65982924561388,38,29.28650284,0.1507877642518854,0.1925757431095854,0.15015674315398,B
0.46415979,0,2023-02-22T18:05:27Z,161.65982924561388,38,29.28650284,0.1507877642518854,0.1925757431095854,0.15015674315398,B
0.54117060,0,2023-02-22T18:05:27Z,161.65982924561388,38,29.28650284,0.1507877642518854,0.1925757431095854,0.15015674315398,B
0.63095856,0,2023-02-22T18:05:27Z,161.65982924561388,38,29.28650284,0.1507877642518854,0.1925757431095854,0.15015674315398,B
0.73564368,0,2023-02-22T18:05:27Z,161.65982924561388,38,29.28650284,0.1507877642518854,0.1925757431095854,0.15015674315398,B
0.85769761,0,2023-02-22T18:05:27Z,161.65982924561388,38,29.28650284,0.1507877642518854,0.1925757431095854,0.15015674315398,B
1.00000191,0.069932423532,2023-02-22T18:05:27Z,161.65982924561388,38,29.28650284,0.1507877642518854,0.1925757431095854,0.15015674315398,B
1.16591668,2.62590312958,2023-02-22T18:05:27Z,161.65982924561388,38,29.28650284,0.1507877642518854,0.1925757431095854,0.15015674315398,B
1.35935903,7.0316157341,2023-02-22T18:05:27Z,161.65982924561388,38,29.28650284,0.1507877642518854,0.1925757431095854,0.15015674315398,B
1.58489633,4.39535903931,2023-02-22T18:05:27Z,161.65982924561388,38,29.28650284,0.1507877642518854,0.1925757431095854,0.15015674315398,B
1.84785342,0.892863988876,2023-02-22T18:05:27Z,161.65982924561388,38,29.28650284,0.1507877642518854,0.1925757431095854,0.15015674315398,B
2.15443897,0.0619591139257,2023-02-22T18:05:27Z,161.65982924561388,38,29.28650284,0.1507877642518854,0.1925757431095854,0.15015674315398,B
2.51189137,0.00114095001481,2023-02-22T18:05:27Z,161.65982924561388,38,29.28650284,0.1507877642518854,0.1925757431095854,0.15015674315398,B
2.92865038,2.04584921448e-6,2023-02-22T18:05:27Z,161.65982924561388,38,29.28650284,0.1507877642518854,0.1925757431095854,0.15015674315398,B
3.41455555,8.13965106254e-13,2023-02-22T18:05:27Z,161.65982924561388,38,29.28650284,0.1507877642518854,0.1925757431095854,0.15015674315398,B
3.98107958,0,2023-02-22T18:05:27Z,161.65982924561388,38,29.28650284,0.1507877642518854,0.1925757431095854,0.15015674315398,B
4.64159775,0,2023-02-22T18:05:27Z,161.65982924561388,38,29.28650284,0.1507877642518854,0.1925757431095854,0.15015674315398,B
5.41170597,0.191727980971,2023-02-22T18:05:27Z,161.65982924561388,38,29.28650284,0.1507877642518854,0.1925757431095854,0.15015674315398,B
6.30958605,0.625462472439,2023-02-22T18:05:27Z,161.65982924561388,38,29.28650284,0.1507877642518854,0.1925757431095854,0.15015674315398,B
7.35643721,1.27191317081,2023-02-22T18:05:27Z,161.65982924561388,38,29.28650284,0.1507877642518854,0.1925757431095854,0.15015674315398,B
8.57697582,2.08969426155,2023-02-22T18:05:27Z,161.65982924561388,38,29.28650284,0.1507877642518854,0.1925757431095854,0.15015674315398,B
10.00002003,3.01273679733,2023-02-22T18:05:27Z,161.65982924561388,38,29.28650284,0.1507877642518854,0.1925757431095854,0.15015674315398,B
11.65916729,3.93779063225,2023-02-22T18:05:27Z,161.65982924561388,38,29.28650284,0.1507877642518854,0.1925757431095854,0.15015674315398,B
13.59359074,4.72171211243,2023-02-22T18:05:27Z,161.65982924561388,38,29.28650284,0.1507877642518854,0.1925757431095854,0.15015674315398,B
15.84896278,5.18797874451,2023-02-22T18:05:27Z,161.65982924561388,38,29.28650284,0.1507877642518854,0.1925757431095854,0.15015674315398,B
18.47853470,5.16674280167,2023-02-22T18:05:27Z,161.65982924561388,38,29.28650284,0.1507877642518854,0.1925757431095854,0.15015674315398,B
21.54438972,4.56658935547,2023-02-22T18:05:27Z,161.65982924561388,38,29.28650284,0.1507877642518854,0.1925757431095854,0.15015674315398,B
25.11891365,3.46939563751,2023-02-22T18:05:27Z,161.65982924561388,38,29.28650284,0.1507877642518854,0.1925757431095854,0.15015674315398,B
29.28650284,2.1917963028,2023-02-22T18:05:27Z,161.65982924561388,38,29.28650284,0.1507877642518854,0.1925757431095854,0.15015674315398,B
34.14555740,1.22765851021,2023-02-22T18:05:27Z,161.65982924561388,38,29.28650284,0.1507877642518854,0.1925757431095854,0.15015674315398,B
39.81079483,1.05684161186,2023-02-22T18:05:27Z,161.65982924561388,38,29.28650284,0.1507877642518854,0.1925757431095854,0.15015674315398,B
46.41598129,2.10464549065,2023-02-22T18:05:27Z,161.65982924561388,38,29.28650284,0.1507877642518854,0.1925757431095854,0.15015674315398,B
54.11705780,4.69942855835,2023-02-22T18:05:27Z,161.65982924561388,38,29.28650284,0.1507877642518854,0.1925757431095854,0.15015674315398,B
63.09585953,8.41593265533,2023-02-22T18:05:27Z,161.65982924561388,38,29.28650284,0.1507877642518854,0.1925757431095854,0.15015674315398,B
73.56436920,11.6255073547,2023-02-22T18:05:27Z,161.65982924561388,38,29.28650284,0.1507877642518854,0.1925757431095854,0.15015674315398,B
85.76976013,11.9002180099,2023-02-22T18:05:27Z,161.65982924561388,38,29.28650284,0.1507877642518854,0.1925757431095854,0.15015674315398,B
100.00019836,7.45746183395,2023-02-22T18:05:27Z,161.65982924561388,38,29.28650284,0.1507877642518854,0.1925757431095854,0.15015674315398,B
116.59166718,0,2023-02-22T18:05:27Z,161.65982924561388,38,29.28650284,0.1507877642518854,0.1925757431095854,0.15015674315398,B
135.93591309,0,2023-02-22T18:05:27Z,161.65982924561388,38,29.28650284,0.1507877642518854,0.1925757431095854,0.15015674315398,B
158.48962402,0,2023-02-22T18:05:27Z,161.65982924561388,38,29.28650284,0.1507877642518854,0.1925757431095854,0.15015674315398,B
184.78533936,0,2023-02-22T18:05:27Z,161.65982924561388,38,29.28650284,0.1507877642518854,0.1925757431095854,0.15015674315398,B
215.44389343,0,2023-02-22T18:05:27Z,161.65982924561388,38,29.28650284,0.1507877642518854,0.1925757431095854,0.15015674315398,B
251.18913269,0,2023-02-22T18:05:27Z,161.65982924561388,38,29.28650284,0.1507877642518854,0.1925757431095854,0.15015674315398,B
292.86502075,0,2023-02-22T18:05:27Z,161.65982924561388,38,29.28650284,0.1507877642518854,0.1925757431095854,0.15015674315398,B
341.45556641,0,2023-02-22T18:05:27Z,161.65982924561388,38,29.28650284,0.1507877642518854,0.1925757431095854,0.15015674315398,B
398.10794067,0,2023-02-22T18:05:27Z,161.65982924561388,38,29.28650284,0.1507877642518854,0.1925757431095854,0.15015674315398,B
464.15979004,0,2023-02-22T18:05:27Z,161.65982924561388,38,29.28650284,0.1507877642518854,0.1925757431095854,0.15015674315398,B
541.17059326,0,2023-02-22T18:05:27Z,161.65982924561388,38,29.28650284,0.1507877642518854,0.1925757431095854,0.15015674315398,B
630.95855713,0,2023-02-22T18:05:27Z,161.65982924561388,38,29.28650284,0.1507877642518854,0.1925757431095854,0.15015674315398,B
735.64367676,0,2023-02-22T18:05:27Z,161.65982924561388,38,29.28650284,0.1507877642518854,0.1925757431095854,0.15015674315398,B
857.69757080,0,2023-02-22T18:05:27Z,161.65982924561388,38,29.28650284,0.1507877642518854,0.1925757431095854,0.15015674315398,B
1000.00195313,0,2023-02-22T18:05:27Z,161.65982924561388,38,29.28650284,0.1507877642518854,0.1925757431095854,0.15015674315398,B
0.10000020,0,2023-02-22T18:05:28Z,171.69248263044167,37,25.11891365,0.16765733810932662,0.19900305854952663,0.16370621338491598,B
0.11659167,0,2023-02-22T18:05:28Z,171.69248263044167,37,25.11891365,0.16765733810932662,0.19900305854952663,0.16370621338491598,B
0.13593590,0,2023-02-22T18:05:28Z,171.69248263044167,37,25.11891365,0.16765733810932662,0.19900305854952663,0.16370621338491598,B
0.15848963,0,2023-02-22T18:05:28Z,171.69248263044167,37,25.11891365,0.16765733810932662,0.19900305854952663,0.16370621338491598,B
0.18478534,0,2023-02-22T18:05:28Z,171.69248263044167,37,25.11891365,0.16765733810932662,0.19900305854952663,0.16370621338491598,B
0.21544389,0,2023-02-22T18:05:28Z,171.69248263044167,37,25.11891365,0.16765733810932662,0.19900305854952663,0.16370621338491598,B
0.25118914,0,2023-02-22T18:05:28Z,171.69248263044167,37,25.11891365,0.16765733810932662,0.19900305854952663,0.16370621338491598,B
0.29286504,0,2023-02-22T18:05:28Z,171.69248263044167,37,25.11891365,0.16765733810932662,0.19900305854952663,0.16370621338491598,B
0.34145555,0,2023-02-22T18:05:28Z,171.69248263044167,37,25.11891365,0.16765733810932662,0.19900305854952663,0.16370621338491598,B
0.39810795,0,2023-02-22T18:05:28Z,171.69248263044167,37,25.11891365,0.16765733810932662,0.19900305854952663,0.16370621338491598,B
0.46415979,0,2023-02-22T18:05:28Z,171.69248263044167,37,25.11891365,0.16765733810932662,0.19900305854952663,0.16370621338491598,B
0.54117060,0,2023-02-22T18:05:28Z,171.69248263044167,37,25.11891365,0.16765733810932662,0.19900305854952663,0.16370621338491598,B
0.63095856,0,2023-02-22T18:05:28Z,171.69248263044167,37,25.11891365,0.16765733810932662,0.19900305854952663,0.16370621338491598,B
0.73564368,0,2023-02-22T18:05:28Z,171.69248263044167,37,25.11891365,0.16765733810932662,0.19900305854952663,0.16370621338491598,B
0.85769761,0,2023-02-22T18:05:28Z,171.69248263044167,37,25.11891365,0.16765733810932662,0.19900305854952663,0.16370621338491598,B
1.00000191,0.0477306991816,2023-02-22T18:05:28Z,171.69248263044167,37,25.11891365,0.16765733810932662,0.19900305854952663,0.16370621338491598,B
1.16591668,1.44776427746,2023-02-22T18:05:28Z,171.69248263044167,37,25.11891365,0.16765733810932662,0.19900305854952663,0.16370621338491598,B
1.35935903,5.7616891861,2023-02-22T18:05:28Z,171.69248263044167,37,25.11891365,0.16765733810932662,0.19900305854952663,0.16370621338491598,B
1.58489633,6.51753377914,2023-02-22T18:05:28Z,171.69248263044167,37,25.11891365,0.16765733810932662,0.19900305854952663,0.16370621338491598,B
1.84785342,2.59590339661,2023-02-22T18:05:28Z,171.69248263044167,37,25.11891365,0.16765733810932662,0.19900305854952663,0.16370621338491598,B
2.15443897,0.372382313013,2023-02-22T18:05:28Z,171.69248263044167,37,25.11891365,0.16765733810932662,0.19900305854952663,0.16370621338491598,B
2.51189137,0.0158326532692,2023-02-22T18:05:28Z,171.69248263044167,37,25.11891365,0.16765733810932662,0.19900305854952663,0.16370621338491598,B
2.92865038,9.15716082091e-5,2023-02-22T18:05:28Z,171.69248263044167,37,25.11891365,0.16765733810932662,0.19900305854952663,0.16370621338491598,B
3.41455555,7.30546248495e-11,2023-02-22T18:05:28Z,171.69248263044167,37,25.11891365,0.16765733810932662,0.19900305854952663,0.16370621338491598,B
3.98107958,0,2023-02-22T18:05:28Z,171.69248263044167,37,25.11891365,0.16765733810932662,0.19900305854952663,0.16370621338491598,B
4.64159775,0.0068059344776,2023-02-22T18:05:28Z,171.69248263044167,37,25.11891365,0.16765733810932662,0.19900305854952663,0.16370621338491598,B
5.41170597,0.145239159465,2023-02-22T18:05:28Z,171.69248263044167,37,25.11891365,0.16765733810932662,0.19900305854952663,0.16370621338491598,B
6.30958605,0.437379151583,2023-02-22T18:05:28Z,171.69248263044167,37,25.11891365,0.16765733810932662,0.19900305854952663,0.16370621338491598,B
7.35643721,0.923389017582,2023-02-22T18:05:28Z,171.69248263044167,37,25.11891365,0.16765733810932662,0.19900305854952663,0.16370621338491598,B
8.57697582,1.62856471539,2023-02-22T18:05:28Z,171.69248263044167,37,25.11891365,0.16765733810932662,0.19900305854952663,0.16370621338491598,B
10.00002003,2.54880571365,2023-02-22T18:05:28Z,171.69248263044167,37,25.11891365,0.16765733810932662,0.19900305854952663,0.16370621338491598,B
11.65916729,3.62648749352,2023-02-22T18:05:28Z,171.69248263044167,37,25.11891365,0.16765733810932662,0.19900305854952663,0.16370621338491598,B
13.59359074,4.72432327271,2023-02-22T18:05:28Z,171.69248263044167,37,25.11891365,0.16765733810932662,0.19900305854952663,0.16370621338491598,B
15.84896278,5.6043639183,2023-02-22T18:05:28Z,171.69248263044167,37,25.11891365,0.16765733810932662,0.19900305854952663,0.16370621338491598,B
18.47853470,5.9413356781,2023-02-22T18:05:28Z,171.69248263044167,37,25.11891365,0.16765733810932662,0.19900305854952663,0.16370621338491598,B
21.54438972,5.3981256485,2023-02-22T18:05:28Z,171.69248263044167,37,25.11891365,0.16765733810932662,0.19900305854952663,0.16370621338491598,B
25.11891365,3.80822467804,2023-02-22T18:05:28Z,171.69248263044167,37,25.11891365,0.16765733810932662,0.19900305854952663,0.16370621338491598,B
29.28650284,1.46547138691,2023-02-22T18:05:28Z,171.69248263044167,37,25.11891365,0.16765733810932662,0.19900305854952663,0.16370621338491598,B
34.14555740,0,2023-02-22T18:05:28Z,171.69248263044167,37,25.11891365,0.16765733810932662,0.19900305854952663,0.16370621338491598,B
39.81079483,0,2023-02-22T18:05:28Z,171.69248263044167,37,25.11891365,0.16765733810932662,0.19900305854952663,0.16370621338491598,B
46.41598129,0,2023-02-22T18:05:28Z,171.69248263044167,37,25.11891365,0.16765733810932662,0.19900305854952663,0.16370621338491598,B
54.11705780,0,2023-02-22T18:05:28Z,171.69248263044167,37,25.11891365,0.16765733810932662,0.19900305854952663,0.16370621338491598,B
63.09585953,0,2023-02-22T18:05:28Z,171.69248263044167,37,25.11891365,0.16765733810932662,0.19900305854952663,0.16370621338491598,B
73.56436920,0,2023-02-22T18:05:28Z,171.69248263044167,37,25.11891365,0.16765733810932662,0.19900305854952663,0.16370621338491598,B
85.76976013,0,2023-02-22T18:05:28Z,171.69248263044167,37,25.11891365,0.16765733810932662,0.19900305854952663,0.16370621338491598,B
100.00019836,46.9825668335,2023-02-22T18:05:28Z,171.69248263044167,37,25.11891365,0.16765733810932662,0.19900305854952663,0.16370621338491598,B
116.59166718,0,2023-02-22T18:05:28Z,171.69248263044167,37,25.11891365,0.16765733810932662,0.19900305854952663,0.16370621338491598,B
135.93591309,0,2023-02-22T18:05:28Z,171.69248263044167,37,25.11891365,0.16765733810932662,0.19900305854952663,0.16370621338491598,B
158.48962402,0,2023-02-22T18:05:28Z,171.69248263044167,37,25.11891365,0.16765733810932662,0.19900305854952663,0.16370621338491598,B
184.78533936,0,2023-02-22T18:05:28Z,171.69248263044167,37,25.11891365,0.16765733810932662,0.19900305854952663,0.16370621338491598,B
215.44389343,0,2023-02-22T18:05:28Z,171.69248263044167,37,25.11891365,0.16765733810932662,0.19900305854952663,0.16370621338491598,B
251.18913269,0,2023-02-22T18:05:28Z,171.69248263044167,37,25.11891365,0.16765733810932662,0.19900305854952663,0.16370621338491598,B
292.86502075,0,2023-02-22T18:05:28Z,171.69248263044167,37,25.11891365,0.16765733810932662,0.19900305854952663,0.16370621338491598,B
341.45556641,0,2023-02-22T18:05:28Z,171.69248263044167,37,25.11891365,0.16765733810932662,0.19900305854952663,0.16370621338491598,B
398.10794067,0,2023-02-22T18:05:28Z,171.69248263044167,37,25.11891365,0.16765733810932662,0.19900305854952663,0.16370621338491598,B
464.15979004,0,2023-02-22T18:05:28Z,171.69248263044167,37,25.11891365,0.16765733810932662,0.19900305854952663,0.16370621338491598,B
541.17059326,0,2023-02-22T18:05:28Z,171.69248263044167,37,25.11891365,0.16765733810932662,0.19900305854952663,0.16370621338491598,B
630.95855713,0,2023-02-22T18:05:28Z,171.69248263044167,37,25.11891365,0.16765733810932662,0.19900305854952663,0.16370621338491598,B
735.64367676,0,2023-02-22T18:05:28Z,171.69248263044167,37,25.11891365,0.16765733810932662,0.19900305854952663,0.16370621338491598,B
857.69757080,0,2023-02-22T18:05:28Z,171.69248263044167,37,25.11891365,0.16765733810932662,0.19900305854952663,0.16370621338491598,B
1000.00195313,0,2023-02-22T18:05:28Z,171.69248263044167,37,25.11891365,0.16765733810932662,0.19900305854952663,0.16370621338491598,B
0.10000020,0,2023-02-22T18:05:29Z,167.6650000679,36,21.54438972,0.15046444758778,0.23644518122084002,0.1077144873143,B
0.11659167,0,2023-02-22T18:05:29Z,167.6650000679,36,21.54438972,0.15046444758778,0.23644518122084002,0.1077144873143,B
0.13593590,0,2023-02-22T18:05:29Z,167.6650000679,36,21.54438972,0.15046444758778,0.23644518122084002,0.1077144873143,B
0.15848963,0,2023-02-22T18:05:29Z,167.6650000679,36,21.54438972,0.15046444758778,0.23644518122084002,0.1077144873143,B
0.18478534,0,2023-02-22T18:05:29Z,167.6650000679,36,21.54438972,0.15046444758778,0.23644518122084002,0.1077144873143,B
0.21544389,0,2023-02-22T18:05:29Z,167.6650000679,36,21.54438972,0.15046444758778,0.23644518122084002,0.1077144873143,B
0.25118914,0,2023-02-22T18:05:29Z,167.6650000679,36,21.54438972,0.15046444758778,0.23644518122084002,0.1077144873143,B
0.29286504,0,2023-02-22T18:05:29Z,167.6650000679,36,21.54438972,0.15046444758778,0.23644518122084002,0.1077144873143,B
0.34145555,0,2023-02-22T18:05:29Z,167.6650000679,36,21.54438972,0.15046444758778,0.23644518122084002,0.1077144873143,B
0.39810795,0,2023-02-22T18:05:29Z,167.6650000679,36,21.54438972,0.15046444758778,0.23644518122084002,0.1077144873143,B
0.46415979,0,2023-02-22T18:05:29Z,167.6650000679,36,21.54438972,0.15046444758778,0.23644518122084002,0.1077144873143,B
0.54117060,0,2023-02-22T18:05:29Z,167.6650000679,36,21.54438972,0.15046444758778,0.23644518122084002,0.1077144873143,B
0.63095856,0,2023-02-22T18:05:29Z,167.6650000679,36,21.54438972,0.15046444758778,0.23644518122084002,0.1077144873143,B
0.73564368,0,2023-02-22T18:05:29Z,167.6650000679,36,21.54438972,0.15046444758778,0.23644518122084002,0.1077144873143,B
0.85769761,0,2023-02-22T18:05:29Z,167.6650000679,36,21.54438972,0.15046444758778,0.23644518122084002,0.1077144873143,B
1.00000191,1.20013487339,2023-02-22T18:05:29Z,167.6650000679,36,21.54438972,0.15046444758778,0.23644518122084002,0.1077144873143,B
1.16591668,2.11352658272,2023-02-22T18:05:29Z,167.6650000679,36,21.54438972,0.15046444758778,0.23644518122084002,0.1077144873143,B
1.35935903,2.58726859093,2023-02-22T18:05:29Z,167.6650000679,36,21.54438972,0.15046444758778,0.23644518122084002,0.1077144873143,B
1.58489633,2.60560321808,2023-02-22T18:05:29Z,167.6650000679,36,21.54438972,0.15046444758778,0.23644518122084002,0.1077144873143,B
1.84785342,2.26491546631,2023-02-22T18:05:29Z,167.6650000679,36,21.54438972,0.15046444758778,0.23644518122084002,0.1077144873143,B
2.15443897,1.71920061111,2023-02-22T18:05:29Z,167.6650000679,36,21.54438972,0.15046444758778,0.23644518122084002,0.1077144873143,B
2.51189137,1.12060928345,2023-02-22T18:05:29Z,167.6650000679,36,21.54438972,0.15046444758778,0.23644518122084002,0.1077144873143,B
2.92865038,0.595333397388,2023-02-22T18:05:29Z,167.6650000679,36,21.54438972,0.15046444758778,0.23644518122084002,0.1077144873143,B
3.41455555,0.254976958036,2023-02-22T18:05:29Z,167.6650000679,36,21.54438972,0.15046444758778,0.23644518122084002,0.1077144873143,B
3.98107958,0.183625176549,2023-02-22T18:05:29Z,167.6650000679,36,21.54438972,0.15046444758778,0.23644518122084002,0.1077144873143,B
4.64159775,0.401250600815,2023-02-22T18:05:29Z,167.6650000679,36,21.54438972,0.15046444758778,0.23644518122084002,0.1077144873143,B
5.41170597,0.893496632576,2023-02-22T18:05:29Z,167.6650000679,36,21.54438972,0.15046444758778,0.23644518122084002,0.1077144873143,B
6.30958605,1.63162183762,2023-02-22T18:05:29Z,167.6650000679,36,21.54438972,0.15046444758778,0.23644518122084002,0.1077144873143,B
7.35643721,2.54336643219,2023-02-22T18:05:29Z,167.6650000679,36,21.54438972,0.15046444758778,0.23644518122084002,0.1077144873143,B
8.57697582,3.52958846092,2023-02-22T18:05:29Z,167.6650000679,36,21.54438972,0.15046444758778,0.23644518122084002,0.1077144873143,B
10.00002003,4.46366691589,2023-02-22T18:05:29Z,167.6650000679,36,21.54438972,0.15046444758778,0.23644518122084002,0.1077144873143,B
11.65916729,5.19876527786,2023-02-22T18:05:29Z,167.6650000679,36,21.54438972,0.15046444758778,0.23644518122084002,0.1077144873143,B
13.59359074,5.57675981522,2023-02-22T18:05:29Z,167.6650000679,36,21.54438972,0.15046444758778,0.23644518122084002,0.1077144873143,B
15.84896278,5.45342969894,2023-02-22T18:05:29Z,167.6650000679,36,21.54438972,0.15046444758778,0.23644518122084002,0.1077144873143,B
18.47853470,4.74091005325,2023-02-22T18:05:29Z,167.6650000679,36,21.54438972,0.15046444758778,0.23644518122084002,0.1077144873143,B
21.54438972,3.4588034153,2023-02-22T18:05:29Z,167.6650000679,36,21.54438972,0.15046444758778,0.23644518122084002,0.1077144873143,B
25.11891365,1.79452931881,2023-02-22T18:05:29Z,167.6650000679,36,21.54438972,0.15046444758778,0.23644518122084002,0.1077144873143,B
29.28650284,0.142639651895,2023-02-22T18:05:29Z,167.6650000679,36,21.54438972,0.15046444758778,0.23644518122084002,0.1077144873143,B
34.14555740,0,2023-02-22T18:05:29Z,167.6650000679,36,21.54438972,0.15046444758778,0.23644518122084002,0.1077144873143,B
39.81079483,0,2023-02-22T18:05:29Z,167.6650000679,36,21.54438972,0.15046444758778,0.23644518122084002,0.1077144873143,B
46.41598129,0,2023-02-22T18:05:29Z,167.6650000679,36,21.54438972,0.15046444758778,0.23644518122084002,0.1077144873143,B
54.11705780,0,2023-02-22T18:05:29Z,167.6650000679,36,21.54438972,0.15046444758778,0.23644518122084002,0.1077144873143,B
63.09585953,0,2023-02-22T18:05:29Z,167.6650000679,36,21.54438972,0.15046444758778,0.23644518122084002,0.1077144873143,B
73.56436920,0,2023-02-22T18:05:29Z,167.6650000679,36,21.54438972,0.15046444758778,0.23644518122084002,0.1077144873143,B
85.76976013,0,2023-02-22T18:05:29Z,167.6650000679,36,21.54438972,0.15046444758778,0.23644518122084002,0.1077144873143,B
100.00019836,45.5259780884,2023-02-22T18:05:29Z,167.6650000679,36,21.54438972,0.15046444758778,0.23644518122084002,0.1077144873143,B
116.59166718,0,2023-02-22T18:05:29Z,167.6650000679,36,21.54438972,0.15046444758778,0.23644518122084002,0.1077144873143,B
135.93591309,0,2023-02-22T18:05:29Z,167.6650000679,36,21.54438972,0.15046444758778,0.23644518122084002,0.1077144873143,B
158.48962402,0,2023-02-22T18:05:29Z,167.6650000679,36,21.54438972,0.15046444758778,0.23644518122084002,0.1077144873143,B
184.78533936,0,2023-02-22T18:05:29Z,167.6650000679,36,21.54438972,0.15046444758778,0.23644518122084002,0.1077144873143,B
215.44389343,0,2023-02-22T18:05:29Z,167.6650000679,36,21.54438972,0.15046444758778,0.23644518122084002,0.1077144873143,B
251.18913269,0,2023-02-22T18:05:29Z,167.6650000679,36,21.54438972,0.15046444758778,0.23644518122084002,0.1077144873143,B
292.86502075,0,2023-02-22T18:05:29Z,167.6650000679,36,21.54438972,0.15046444758778,0.23644518122084002,0.1077144873143,B
341.45556641,0,2023-02-22T18:05:29Z,167.6650000679,36,21.54438972,0.15046444758778,0.23644518122084002,0.1077144873143,B
398.10794067,0,2023-02-22T18:05:29Z,167.6650000679,36,21.54438972,0.15046444758778,0.23644518122084002,0.1077144873143,B
464.15979004,0,2023-02-22T18:05:29Z,167.6650000679,36,21.54438972,0.15046444758778,0.23644518122084002,0.1077144873143,B
541.17059326,0,2023-02-22T18:05:29Z,167.6650000679,36,21.54438972,0.15046444758778,0.23644518122084002,0.1077144873143,B
630.95855713,0,2023-02-22T18:05:29Z,167.6650000679,36,21.54438972,0.15046444758778,0.23644518122084002,0.1077144873143,B
735.64367676,0,2023-02-22T18:05:29Z,167.6650000679,36,21.54438972,0.15046444758778,0.23644518122084002,0.1077144873143,B
857.69757080,0,2023-02-22T18:05:29Z,167.6650000679,36,21.54438972,0.15046444758778,0.23644518122084002,0.1077144873143,B
1000.00195313,0,2023-02-22T18:05:29Z,167.6650000679,36,21.54438972,0.15046444758778,0.23644518122084002,0.1077144873143,B
0.10000020,0,2023-02-22T18:05:30Z,142.70078182221667,46,100.00019836,0.13697032033253603,0.14008302692810093,0.1369689947845345,C
0.11659167,0,2023-02-22T18:05:30Z,142.70078182221667,46,100.00019836,0.13697032033253603,0.14008302692810093,0.1369689947845345,C
0.13593590,0,2023-02-22T18:05:30Z,142.70078182221667,46,100.00019836,0.13697032033253603,0.14008302692810093,0.1369689947845345,C
0.15848963,0,2023-02-22T18:05:30Z,142.70078182221667,46,100.00019836,0.13697032033253603,0.14008302692810093,0.1369689947845345,C
0.18478534,0,2023-02-22T18:05:30Z,142.70078182221667,46,100.00019836,0.13697032033253603,0.14008302692810093,0.1369689947845345,C
0.21544389,0,2023-02-22T18:05:30Z,142.70078182221667,46,100.00019836,0.13697032033253603,0.14008302692810093,0.1369689947845345,C
0.25118914,0,2023-02-22T18:05:30Z,142.70078182221667,46,100.00019836,0.13697032033253603,0.14008302692810093,0.1369689947845345,C
0.29286504,0,2023-02-22T18:05:30Z,142.70078182221667,46,100.00019836,0.13697032033253603,0.14008302692810093,0.1369689947845345,C
0.34145555,0,2023-02-22T18:05:30Z,142.70078182221667,46,100.00019836,0.13697032033253603,0.14008302692810093,0.1369689947845345,C
0.39810795,0,2023-02-22T18:05:30Z,142.70078182221667,46,100.00019836,0.13697032033253603,0.14008302692810093,0.1369689947845345,C
0.46415979,0,2023-02-22T18:05:30Z,142.70078182221667,46,100.00019836,0.13697032033253603,0.14008302692810093,0.1369689947845345,C
0.54117060,0,2023-02-22T18:05:30Z,142.70078182221667,46,100.00019836,0.13697032033253603,0.14008302692810093,0.1369689947845345,C
0.63095856,0,2023-02-22T18:05:30Z,142.70078182221667,46,100.00019836,0.13697032033253603,0.14008302692810093,0.1369689947845345,C
0.73564368,0,2023-02-22T18:05:30Z,142.70078182221667,46,100.00019836,0.13697032033253603,0.14008302692810093,0.1369689947845345,C
0.85769761,0,2023-02-22T18:05:30Z,142.70078182221667,46,100.00019836,0.13697032033253603,0.14008302692810093,0.1369689947845345,C
1.00000191,1.17916124509e-5,2023-02-22T18:05:30Z,142.70078182221667,46,100.00019836,0.13697032033253603,0.14008302692810093,0.1369689947845345,C
1.16591668,0.2839230299,2023-02-22T18:05:30Z,142.70078182221667,46,100.00019836,0.13697032033253603,0.14008302692810093,0.1369689947845345,C
1.35935903,8.28319072723,2023-02-22T18:05:30Z,142.70078182221667,46,100.00019836,0.13697032033253603,0.14008302692810093,0.1369689947845345,C
1.58489633,5.00031471252,2023-02-22T18:05:30Z,142.70078182221667,46,100.00019836,0.13697032033253603,0.14008302692810093,0.1369689947845345,C
1.84785342,0.129459217191,2023-02-22T18:05:30Z,142.70078182221667,46,100.00019836,0.13697032033253603,0.14008302692810093,0.1369689947845345,C
2.15443897,1.32553366711e-4,2023-02-22T18:05:30Z,142.70078182221667,46,100.00019836,0.13697032033253603,0.14008302692810093,0.1369689947845345,C
2.51189137,1.43344136561e-9,2023-02-22T18:05:30Z,142.70078182221667,46,100.00019836,0.13697032033253603,0.14008302692810093,0.1369689947845345,C
2.92865038,1.05770169673e-19,2023-02-22T18:05:30Z,142.70078182221667,46,100.00019836,0.13697032033253603,0.14008302692810093,0.1369689947845345,C
3.41455555,0,2023-02-22T18:05:30Z,142.70078182221667,46,100.00019836,0.13697032033253603,0.14008302692810093,0.1369689947845345,C
3.98107958,0,2023-02-22T18:05:30Z,142.70078182221667,46,100.00019836,0.13697032033253603,0.14008302692810093,0.1369689947845345,C
4.64159775,0,2023-02-22T18:05:30Z,142.70078182221667,46,100.00019836,0.13697032033253603,0.14008302692810093,0.1369689947845345,C
5.41170597,0,2023-02-22T18:05:30Z,142.70078182221667,46,100.00019836,0.13697032033253603,0.14008302692810093,0.1369689947845345,C
6.30958605,0.00332397758029,2023-02-22T18:05:30Z,142.70078182221667,46,100.00019836,0.13697032033253603,0.14008302692810093,0.1369689947845345,C
7.35643721,0.0501081943512,2023-02-22T18:05:30Z,142.70078182221667,46,100.00019836,0.13697032033253603,0.14008302692810093,0.1369689947845345,C
8.57697582,0.257838487625,2023-02-22T18:05:30Z,142.70078182221667,46,100.00019836,0.13697032033253603,0.14008302692810093,0.1369689947845345,C
10.00002003,0.85672211647,2023-02-22T18:05:30Z,142.70078182221667,46,100.00019836,0.13697032033253603,0.14008302692810093,0.1369689947845345,C
11.65916729,2.13030147552,2023-02-22T18:05:30Z,142.70078182221667,46,100.00019836,0.13697032033253603,0.14008302692810093,0.1369689947845345,C
13.59359074,4.1328125,2023-02-22T18:05:30Z,142.70078182221667,46,100.00019836,0.13697032033253603,0.14008302692810093,0.1369689947845345,C
15.84896278,6.20391368866,2023-02-22T18:05:30Z,142.70078182221667,46,100.00019836,0.13697032033253603,0.14008302692810093,0.1369689947845345,C
18.47853470,6.8124256134,2023-02-22T18:05:30Z,142.70078182221667,46,100.00019836,0.13697032033253603,0.14008302692810093,0.1369689947845345,C
21.54438972,4.66954898834,2023-02-22T18:05:30Z,142.70078182221667,46,100.00019836,0.13697032033253603,0.14008302692810093,0.1369689947845345,C
25.11891365,1.09050071239,2023-02-22T18:05:30Z,142.70078182221667,46,100.00019836,0.13697032033253603,0.14008302692810093,0.1369689947845345,C
29.28650284,0,2023-02-22T18:05:30Z,142.70078182221667,46,100.00019836,0.13697032033253603,0.14008302692810093,0.1369689947845345,C
34.14555740,0,2023-02-22T18:05:30Z,142.70078182221667,46,100.00019836,0.13697032033253603,0.14008302692810093,0.1369689947845345,C
39.81079483,0,2023-02-22T18:05:30Z,142.70078182221667,46,100.00019836,0.13697032033253603,0.14008302692810093,0.1369689947845345,C
46.41598129,0,2023-02-22T18:05:30Z,142.70078182221667,46,100.00019836,0.13697032033253603,0.14008302692810093,0.1369689947845345,C
54.11705780,0,2023-02-22T18:05:30Z,142.70078182221667,46,100.00019836,0.13697032033253603,0.14008302692810093,0.1369689947845345,C
63.09585953,0,2023-02-22T18:05:30Z,142.70078182221667,46,100.00019836,0.13697032033253603,0.14008302692810093,0.1369689947845345,C
73.56436920,0,2023-02-22T18:05:30Z,142.70078182221667,46,100.00019836,0.13697032033253603,0.14008302692810093,0.1369689947845345,C
85.76976013,0,2023-02-22T18:05:30Z,142.70078182221667,46,100.00019836,0.13697032033253603,0.14008302692810093,0.1369689947845345,C
100.00019836,60.0954704285,2023-02-22T18:05:30Z,142.70078182221667,46,100.00019836,0.13697032033253603,0.14008302692810093,0.1369689947845345,C
116.59166718,0,2023-02-22T18:05:30Z,142.70078182221667,46,100.00019836,0.13697032033253603,0.14008302692810093,0.1369689947845345,C
135.93591309,0,2023-02-22T18:05:30Z,142.70078182221667,46,100.00019836,0.13697032033253603,0.14008302692810093,0.1369689947845345,C
158.48962402,0,2023-02-22T18:05:30Z,142.70078182221667,46,100.00019836,0.13697032033253603,0.14008302692810093,0.1369689947845345,C
184.78533936,0,2023-02-22T18:05:30Z,142.70078182221667,46,100.00019836,0.13697032033253603,0.14008302692810093,0.1369689947845345,C
215.44389343,0,2023-02-22T18:05:30Z,142.70078182221667,46,100.00019836,0.13697032033253603,0.14008302692810093,0.1369689947845345,C
251.18913269,0,2023-02-22T18:05:30Z,142.70078182221667,46,100.00019836,0.13697032033253603,0.14008302692810093,0.1369689947845345,C
292.86502075,0,2023-02-22T18:05:30Z,142.70078182221667,46,100.00019836,0.13697032033253603,0.14008302692810093,0.1369689947845345,C
341.45556641,0,2023-02-22T18:05:30Z,142.70078182221667,46,100.00019836,0.13697032033253603,0.14008302692810093,0.1369689947845345,C
398.10794067,0,2023-02-22T18:05:30Z,142.70078182221667,46,100.00019836,0.13697032033253603,0.14008302692810093,0.1369689947845345,C
464.15979004,0,2023-02-22T18:05:30Z,142.70078182221667,46,100.00019836,0.13697032033253603,0.14008302692810093,0.1369689947845345,C
541.17059326,0,2023-02-22T18:05:30Z,142.70078182221667,46,100.00019836,0.13697032033253603,0.14008302692810093,0.1369689947845345,C
630.95855713,0,2023-02-22T18:05:30Z,142.70078182221667,46,100.00019836,0.13697032033253603,0.14008302692810093,0.1369689947845345,C
735.64367676,0,2023-02-22T18:05:30Z,142.70078182221667,46,100.00019836,0.13697032033253603,0.14008302692810093,0.1369689947845345,C
857.69757080,0,2023-02-22T18:05:30Z,142.70078182221667,46,100.00019836,0.13697032033253603,0.14008302692810093,0.1369689947845345,C
1000.00195313,0,2023-02-22T18:05:30Z,142.70078182221667,46,100.00019836,0.13697032033253603,0.14008302692810093,0.1369689947845345,C
0.10000020,0,2023-02-22T18:05:31Z,168.94490157246943,46,100.00019836,0.09818859740860338,0.14053443426041037,0.09818859740860338,B
0.11659167,0,2023-02-22T18:05:31Z,168.94490157246943,46,100.00019836,0.09818859740860338,0.14053443426041037,0.09818859740860338,B
0.13593590,0,2023-02-22T18:05:31Z,168.94490157246943,46,100.00019836,0.09818859740860338,0.14053443426041037,0.09818859740860338,B
0.15848963,0,2023-02-22T18:05:31Z,168.94490157246943,46,100.00019836,0.09818859740860338,0.14053443426041037,0.09818859740860338,B
0.18478534,0,2023-02-22T18:05:31Z,168.94490157246943,46,100.00019836,0.09818859740860338,0.14053443426041037,0.09818859740860338,B
0.21544389,0,2023-02-22T18:05:31Z,168.94490157246943,46,100.00019836,0.09818859740860338,0.14053443426041037,0.09818859740860338,B
0.25118914,0,2023-02-22T18:05:31Z,168.94490157246943,46,100.00019836,0.09818859740860338,0.14053443426041037,0.09818859740860338,B
0.29286504,0,2023-02-22T18:05:31Z,168.94490157246943,46,100.00019836,0.09818859740860338,0.14053443426041037,0.09818859740860338,B
0.34145555,0,2023-02-22T18:05:31Z,168.94490157246943,46,100.00019836,0.09818859740860338,0.14053443426041037,0.09818859740860338,B
0.39810795,0,2023-02-22T18:05:31Z,168.94490157246943,46,100.00019836,0.09818859740860338,0.14053443426041037,0.09818859740860338,B
0.46415979,0,2023-02-22T18:05:31Z,168.94490157246943,46,100.00019836,0.09818859740860338,0.14053443426041037,0.09818859740860338,B
0.54117060,0,2023-02-22T18:05:31Z,168.94490157246943,46,100.00019836,0.09818859740860338,0.14053443426041037,0.09818859740860338,B
0.63095856,0,2023-02-22T18:05:31Z,168.94490157246943,46,100.00019836,0.09818859740860338,0.14053443426041037,0.09818859740860338,B
0.73564368,0,2023-02-22T18:05:31Z,168.94490157246943,46,100.00019836,0.09818859740860338,0.14053443426041037,0.09818859740860338,B
0.85769761,0,2023-02-22T18:05:31Z,168.94490157246943,46,100.00019836,0.09818859740860338,0.14053443426041037,0.09818859740860338,B
1.00000191,3.68236499071e-8,2023-02-22T18:05:31Z,168.94490157246943,46,100.00019836,0.09818859740860338,0.14053443426041037,0.09818859740860338,B
1.16591668,1.9857916832,2023-02-22T18:05:31Z,168.94490157246943,46,100.00019836,0.09818859740860338,0.14053443426041037,0.09818859740860338,B
1.35935903,7.83042097092,2023-02-22T18:05:31Z,168.94490157246943,46,100.00019836,0.09818859740860338,0.14053443426041037,0.09818859740860338,B
1.58489633,0.00264704949223,2023-02-22T18:05:31Z,168.94490157246943,46,100.00019836,0.09818859740860338,0.14053443426041037,0.09818859740860338,B
1.84785342,4.24459134507e-10,2023-02-22T18:05:31Z,168.94490157246943,46,100.00019836,0.09818859740860338,0.14053443426041037,0.09818859740860338,B
2.15443897,2.18543702776e-20,2023-02-22T18:05:31Z,168.94490157246943,46,100.00019836,0.09818859740860338,0.14053443426041037,0.09818859740860338,B
2.51189137,9.39485950513e-36,2023-02-22T18:05:31Z,168.94490157246943,46,100.00019836,0.09818859740860338,0.14053443426041037,0.09818859740860338,B
2.92865038,0,2023-02-22T18:05:31Z,168.94490157246943,46,100.00019836,0.09818859740860338,0.14053443426041037,0.09818859740860338,B
3.41455555,0,2023-02-22T18:05:31Z,168.94490157246943,46,100.00019836,0.09818859740860338,0.14053443426041037,0.09818859740860338,B
3.98107958,0,2023-02-22T18:05:31Z,168.94490157246943,46,100.00019836,0.09818859740860338,0.14053443426041037,0.09818859740860338,B
4.64159775,0,2023-02-22T18:05:31Z,168.94490157246943,46,100.00019836,0.09818859740860338,0.14053443426041037,0.09818859740860338,B
5.41170597,0.0289771649987,2023-02-22T18:05:31Z,168.94490157246943,46,100.00019836,0.09818859740860338,0.14053443426041037,0.09818859740860338,B
6.30958605,0.520422756672,2023-02-22T18:05:31Z,168.94490157246943,46,100.00019836,0.09818859740860338,0.14053443426041037,0.09818859740860338,B
7.35643721,1.32560157776,2023-02-22T18:05:31Z,168.94490157246943,46,100.00019836,0.09818859740860338,0.14053443426041037,0.09818859740860338,B
8.57697582,2.35958218575,2023-02-22T18:05:31Z,168.94490157246943,46,100.00019836,0.09818859740860338,0.14053443426041037,0.09818859740860338,B
10.00002003,3.41308069229,2023-02-22T18:05:31Z,168.94490157246943,46,100.00019836,0.09818859740860338,0.14053443426041037,0.09818859740860338,B
11.65916729,4.18848752975,2023-02-22T18:05:31Z,168.94490157246943,46,100.00019836,0.09818859740860338,0.14053443426041037,0.09818859740860338,B
13.59359074,4.38166904449,2023-02-22T18:05:31Z,168.94490157246943,46,100.00019836,0.09818859740860338,0.14053443426041037,0.09818859740860338,B
15.84896278,3.81361722946,2023-02-22T18:05:31Z,168.94490157246943,46,100.00019836,0.09818859740860338,0.14053443426041037,0.09818859740860338,B
18.47853470,2.55136704445,2023-02-22T18:05:31Z,168.94490157246943,46,100.00019836,0.09818859740860338,0.14053443426041037,0.09818859740860338,B
21.54438972,0.933792710304,2023-02-22T18:05:31Z,168.94490157246943,46,100.00019836,0.09818859740860338,0.14053443426041037,0.09818859740860338,B
25.11891365,0,2023-02-22T18:05:31Z,168.94490157246943,46,100.00019836,0.09818859740860338,0.14053443426041037,0.09818859740860338,B
29.28650284,0,2023-02-22T18:05:31Z,168.94490157246943,46,100.00019836,0.09818859740860338,0.14053443426041037,0.09818859740860338,B
34.14555740,0,2023-02-22T18:05:31Z,168.94490157246943,46,100.00019836,0.09818859740860338,0.14053443426041037,0.09818859740860338,B
39.81079483,0,2023-02-22T18:05:31Z,168.94490157246943,46,100.00019836,0.09818859740860338,0.14053443426041037,0.09818859740860338,B
46.41598129,0,2023-02-22T18:05:31Z,168.94490157246943,46,100.00019836,0.09818859740860338,0.14053443426041037,0.09818859740860338,B
54.11705780,0,2023-02-22T18:05:31Z,168.94490157246943,46,100.00019836,0.09818859740860338,0.14053443426041037,0.09818859740860338,B
63.09585953,0,2023-02-22T18:05:31Z,168.94490157246943,46,100.00019836,0.09818859740860338,0.14053443426041037,0.09818859740860338,B
73.56436920,0,2023-02-22T18:05:31Z,168.94490157246943,46,100.00019836,0.09818859740860338,0.14053443426041037,0.09818859740860338,B
85.76976013,0,2023-02-22T18:05:31Z,168.94490157246943,46,100.00019836,0.09818859740860338,0.14053443426041037,0.09818859740860338,B
100.00019836,66.6645431519,2023-02-22T18:05:31Z,168.94490157246943,46,100.00019836,0.09818859740860338,0.14053443426041037,0.09818859740860338,B
116.59166718,0,2023-02-22T18:05:31Z,168.94490157246943,46,100.00019836,0.09818859740860338,0.14053443426041037,0.09818859740860338,B
135.93591309,0,2023-02-22T18:05:31Z,168.94490157246943,46,100.00019836,0.09818859740860338,0.14053443426041037,0.09818859740860338,B
158.48962402,0,2023-02-22T18:05:31Z,168.94490157246943,46,100.00019836,0.09818859740860338,0.14053443426041037,0.09818859740860338,B
184.78533936,0,2023-02-22T18:05:31Z,168.94490157246943,46,100.00019836,0.09818859740860338,0.14053443426041037,0.09818859740860338,B
215.44389343,0,2023-02-22T18:05:31Z,168.94490157246943,46,100.00019836,0.09818859740860338,0.14053443426041037,0.09818859740860338,B
251.18913269,0,2023-02-22T18:05:31Z,168.94490157246943,46,100.00019836,0.09818859740860338,0.14053443426041037,0.09818859740860338,B
292.86502075,0,2023-02-22T18:05:31Z,168.94490157246943,46,100.00019836,0.09818859740860338,0.14053443426041037,0.09818859740860338,B
341.45556641,0,2023-02-22T18:05:31Z,168.94490157246943,46,100.00019836,0.09818859740860338,0.14053443426041037,0.09818859740860338,B
398.10794067,0,2023-02-22T18:05:31Z,168.94490157246943,46,100.00019836,0.09818859740860338,0.14053443426041037,0.09818859740860338,B
464.15979004,0,2023-02-22T18:05:31Z,168.94490157246943,46,100.00019836,0.09818859740860338,0.14053443426041037,0.09818859740860338,B
541.17059326,0,2023-02-22T18:05:31Z,168.94490157246943,46,100.00019836,0.09818859740860338,0.14053443426041037,0.09818859740860338,B
630.95855713,0,2023-02-22T18:05:31Z,168.94490157246943,46,100.00019836,0.09818859740860338,0.14053443426041037,0.09818859740860338,B
735.64367676,0,2023-02-22T18:05:31Z,168.94490157246943,46,100.00019836,0.09818859740860338,0.14053443426041037,0.09818859740860338,B
857.69757080,0,2023-02-22T18:05:31Z,168.94490157246943,46,100.00019836,0.09818859740860338,0.14053443426041037,0.09818859740860338,B
1000.00195313,0,2023-02-22T18:05:31Z,168.94490157246943,46,100.00019836,0.09818859740860338,0.14053443426041037,0.09818859740860338,B
0.10000020,0,2023-02-22T18:05:32Z,194.38710286884165,46,100.00019836,0.10682244300803143,0.11038950797131744,0.10682244300803143,B
0.11659167,0,2023-02-22T18:05:32Z,194.38710286884165,46,100.00019836,0.10682244300803143,0.11038950797131744,0.10682244300803143,B
0.13593590,0,2023-02-22T18:05:32Z,194.38710286884165,46,100.00019836,0.10682244300803143,0.11038950797131744,0.10682244300803143,B
0.15848963,0,2023-02-22T18:05:32Z,194.38710286884165,46,100.00019836,0.10682244300803143,0.11038950797131744,0.10682244300803143,B
0.18478534,0,2023-02-22T18:05:32Z,194.38710286884165,46,100.00019836,0.10682244300803143,0.11038950797131744,0.10682244300803143,B
0.21544389,0,2023-02-22T18:05:32Z,194.38710286884165,46,100.00019836,0.10682244300803143,0.11038950797131744,0.10682244300803143,B
0.25118914,0,2023-02-22T18:05:32Z,194.38710286884165,46,100.00019836,0.10682244300803143,0.11038950797131744,0.10682244300803143,B
0.29286504,0,2023-02-22T18:05:32Z,194.38710286884165,46,100.00019836,0.10682244300803143,0.11038950797131744,0.10682244300803143,B
0.34145555,0,2023-02-22T18:05:32Z,194.38710286884165,46,100.00019836,0.10682244300803143,0.11038950797131744,0.10682244300803143,B
0.39810795,0,2023-02-22T18:05:32Z,194.38710286884165,46,100.00019836,0.10682244300803143,0.11038950797131744,0.10682244300803143,B
0.46415979,0,2023-02-22T18:05:32Z,194.38710286884165,46,100.00019836,0.10682244300803143,0.11038950797131744,0.10682244300803143,B
0.54117060,0,2023-02-22T18:05:32Z,194.38710286884165,46,100.00019836,0.10682244300803143,0.11038950797131744,0.10682244300803143,B
0.63095856,0,2023-02-22T18:05:32Z,194.38710286884165,46,100.00019836,0.10682244300803143,0.11038950797131744,0.10682244300803143,B
0.73564368,0,2023-02-22T18:05:32Z,194.38710286884165,46,100.00019836,0.10682244300803143,0.11038950797131744,0.10682244300803143,B
0.85769761,0,2023-02-22T18:05:32Z,194.38710286884165,46,100.00019836,0.10682244300803143,0.11038950797131744,0.10682244300803143,B
1.00000191,0,2023-02-22T18:05:32Z,194.38710286884165,46,100.00019836,0.10682244300803143,0.11038950797131744,0.10682244300803143,B
1.16591668,0,2023-02-22T18:05:32Z,194.38710286884165,46,100.00019836,0.10682244300803143,0.11038950797131744,0.10682244300803143,B
1.35935903,10.6822443008,2023-02-22T18:05:32Z,194.38710286884165,46,100.00019836,0.10682244300803143,0.11038950797131744,0.10682244300803143,B
1.58489633,3.14215992635e-12,2023-02-22T18:05:32Z,194.38710286884165,46,100.00019836,0.10682244300803143,0.11038950797131744,0.10682244300803143,B
1.84785342,0,2023-02-22T18:05:32Z,194.38710286884165,46,100.00019836,0.10682244300803143,0.11038950797131744,0.10682244300803143,B
2.15443897,0,2023-02-22T18:05:32Z,194.38710286884165,46,100.00019836,0.10682244300803143,0.11038950797131744,0.10682244300803143,B
2.51189137,0,2023-02-22T18:05:32Z,194.38710286884165,46,100.00019836,0.10682244300803143,0.11038950797131744,0.10682244300803143,B
2.92865038,0,2023-02-22T18:05:32Z,194.38710286884165,46,100.00019836,0.10682244300803143,0.11038950797131744,0.10682244300803143,B
3.41455555,0,2023-02-22T18:05:32Z,194.38710286884165,46,100.00019836,0.10682244300803143,0.11038950797131744,0.10682244300803143,B
3.98107958,0,2023-02-22T18:05:32Z,194.38710286884165,46,100.00019836,0.10682244300803143,0.11038950797131744,0.10682244300803143,B
4.64159775,0,2023-02-22T18:05:32Z,194.38710286884165,46,100.00019836,0.10682244300803143,0.11038950797131744,0.10682244300803143,B
5.41170597,0,2023-02-22T18:05:32Z,194.38710286884165,46,100.00019836,0.10682244300803143,0.11038950797131744,0.10682244300803143,B
6.30958605,0,2023-02-22T18:05:32Z,194.38710286884165,46,100.00019836,0.10682244300803143,0.11038950797131744,0.10682244300803143,B
7.35643721,0.0472546480596,2023-02-22T18:05:32Z,194.38710286884165,46,100.00019836,0.10682244300803143,0.11038950797131744,0.10682244300803143,B
8.57697582,0.309451848269,2023-02-22T18:05:32Z,194.38710286884165,46,100.00019836,0.10682244300803143,0.11038950797131744,0.10682244300803143,B
10.00002003,1.05866551399,2023-02-22T18:05:32Z,194.38710286884165,46,100.00019836,0.10682244300803143,0.11038950797131744,0.10682244300803143,B
11.65916729,2.48308134079,2023-02-22T18:05:32Z,194.38710286884165,46,100.00019836,0.10682244300803143,0.11038950797131744,0.10682244300803143,B
13.59359074,4.25170278549,2023-02-22T18:05:32Z,194.38710286884165,46,100.00019836,0.10682244300803143,0.11038950797131744,0.10682244300803143,B
15.84896278,5.29066085815,2023-02-22T18:05:32Z,194.38710286884165,46,100.00019836,0.10682244300803143,0.11038950797131744,0.10682244300803143,B
18.47853470,4.45816230774,2023-02-22T18:05:32Z,194.38710286884165,46,100.00019836,0.10682244300803143,0.11038950797131744,0.10682244300803143,B
21.54438972,1.92727649212,2023-02-22T18:05:32Z,194.38710286884165,46,100.00019836,0.10682244300803143,0.11038950797131744,0.10682244300803143,B
25.11891365,0,2023-02-22T18:05:32Z,194.38710286884165,46,100.00019836,0.10682244300803143,0.11038950797131744,0.10682244300803143,B
29.28650284,0,2023-02-22T18:05:32Z,194.38710286884165,46,100.00019836,0.10682244300803143,0.11038950797131744,0.10682244300803143,B
34.14555740,0,2023-02-22T18:05:32Z,194.38710286884165,46,100.00019836,0.10682244300803143,0.11038950797131744,0.10682244300803143,B
39.81079483,0,2023-02-22T18:05:32Z,194.38710286884165,46,100.00019836,0.10682244300803143,0.11038950797131744,0.10682244300803143,B
46.41598129,0,2023-02-22T18:05:32Z,194.38710286884165,46,100.00019836,0.10682244300803143,0.11038950797131744,0.10682244300803143,B
54.11705780,0,2023-02-22T18:05:32Z,194.38710286884165,46,100.00019836,0.10682244300803143,0.11038950797131744,0.10682244300803143,B
63.09585953,0,2023-02-22T18:05:32Z,194.38710286884165,46,100.00019836,0.10682244300803143,0.11038950797131744,0.10682244300803143,B
73.56436920,0,2023-02-22T18:05:32Z,194.38710286884165,46,100.00019836,0.10682244300803143,0.11038950797131744,0.10682244300803143,B
85.76976013,0,2023-02-22T18:05:32Z,194.38710286884165,46,100.00019836,0.10682244300803143,0.11038950797131744,0.10682244300803143,B
100.00019836,69.4915008545,2023-02-22T18:05:32Z,194.38710286884165,46,100.00019836,0.10682244300803143,0.11038950797131744,0.10682244300803143,B
116.59166718,0,2023-02-22T18:05:32Z,194.38710286884165,46,100.00019836,0.10682244300803143,0.11038950797131744,0.10682244300803143,B
135.93591309,0,2023-02-22T18:05:32Z,194.38710286884165,46,100.00019836,0.10682244300803143,0.11038950797131744,0.10682244300803143,B
158.48962402,0,2023-02-22T18:05:32Z,194.38710286884165,46,100.00019836,0.10682244300803143,0.11038950797131744,0.10682244300803143,B
184.78533936,0,2023-02-22T18:05:32Z,194.38710286884165,46,100.00019836,0.10682244300803143,0.11038950797131744,0.10682244300803143,B
215.44389343,0,2023-02-22T18:05:32Z,194.38710286884165,46,100.00019836,0.10682244300803143,0.11038950797131744,0.10682244300803143,B
251.18913269,0,2023-02-22T18:05:32Z,194.38710286884165,46,100.00019836,0.10682244300803143,0.11038950797131744,0.10682244300803143,B
292.86502075,0,2023-02-22T18:05:32Z,194.38710286884165,46,100.00019836,0.10682244300803143,0.11038950797131744,0.10682244300803143,B
341.45556641,0,2023-02-22T18:05:32Z,194.38710286884165,46,100.00019836,0.10682244300803143,0.11038950797131744,0.10682244300803143,B
398.10794067,0,2023-02-22T18:05:32Z,194.38710286884165,46,100.00019836,0.10682244300803143,0.11038950797131744,0.10682244300803143,B
464.15979004,0,2023-02-22T18:05:32Z,194.38710286884165,46,100.00019836,0.10682244300803143,0.11038950797131744,0.10682244300803143,B
541.17059326,0,2023-02-22T18:05:32Z,194.38710286884165,46,100.00019836,0.10682244300803143,0.11038950797131744,0.10682244300803143,B
630.95855713,0,2023-02-22T18:05:32Z,194.38710286884165,46,100.00019836,0.10682244300803143,0.11038950797131744,0.10682244300803143,B
735.64367676,0,2023-02-22T18:05:32Z,194.38710286884165,46,100.00019836,0.10682244300803143,0.11038950797131744,0.10682244300803143,B
857.69757080,0,2023-02-22T18:05:32Z,194.38710286884165,46,100.00019836,0.10682244300803143,0.11038950797131744,0.10682244300803143,B
1000.00195313,0,2023-02-22T18:05:32Z,194.38710286884165,46,100.00019836,0.10682244300803143,0.11038950797131744,0.10682244300803143,B
0.10000020,0,2023-02-22T18:05:33Z,181.1251110502,46,100.00019836,0.10696870803802255,0.10882496930627956,0.10696870803802255,B
0.11659167,0,2023-02-22T18:05:33Z,181.1251110502,46,100.00019836,0.10696870803802255,0.10882496930627956,0.10696870803802255,B
0.13593590,0,2023-02-22T18:05:33Z,181.1251110502,46,100.00019836,0.10696870803802255,0.10882496930627956,0.10696870803802255,B
0.15848963,0,2023-02-22T18:05:33Z,181.1251110502,46,100.00019836,0.10696870803802255,0.10882496930627956,0.10696870803802255,B
0.18478534,0,2023-02-22T18:05:33Z,181.1251110502,46,100.00019836,0.10696870803802255,0.10882496930627956,0.10696870803802255,B
0.21544389,0,2023-02-22T18:05:33Z,181.1251110502,46,100.00019836,0.10696870803802255,0.10882496930627956,0.10696870803802255,B
0.25118914,0,2023-02-22T18:05:33Z,181.1251110502,46,100.00019836,0.10696870803802255,0.10882496930627956,0.10696870803802255,B
0.29286504,0,2023-02-22T18:05:33Z,181.1251110502,46,100.00019836,0.10696870803802255,0.10882496930627956,0.10696870803802255,B
0.34145555,0,2023-02-22T18:05:33Z,181.1251110502,46,100.00019836,0.10696870803802255,0.10882496930627956,0.10696870803802255,B
0.39810795,0,2023-02-22T18:05:33Z,181.1251110502,46,100.00019836,0.10696870803802255,0.10882496930627956,0.10696870803802255,B
0.46415979,0,2023-02-22T18:05:33Z,181.1251110502,46,100.00019836,0.10696870803802255,0.10882496930627956,0.10696870803802255,B
0.54117060,0,2023-02-22T18:05:33Z,181.1251110502,46,100.00019836,0.10696870803802255,0.10882496930627956,0.10696870803802255,B
0.63095856,0,2023-02-22T18:05:33Z,181.1251110502,46,100.00019836,0.10696870803802255,0.10882496930627956,0.10696870803802255,B
0.73564368,0,2023-02-22T18:05:33Z,181.1251110502,46,100.00019836,0.10696870803802255,0.10882496930627956,0.10696870803802255,B
0.85769761,0,2023-02-22T18:05:33Z,181.1251110502,46,100.00019836,0.10696870803802255,0.10882496930627956,0.10696870803802255,B
1.00000191,0,2023-02-22T18:05:33Z,181.1251110502,46,100.00019836,0.10696870803802255,0.10882496930627956,0.10696870803802255,B
1.16591668,2.80259692865e-43,2023-02-22T18:05:33Z,181.1251110502,46,100.00019836,0.10696870803802255,0.10882496930627956,0.10696870803802255,B
1.35935903,10.6968708038,2023-02-22T18:05:33Z,181.1251110502,46,100.00019836,0.10696870803802255,0.10882496930627956,0.10696870803802255,B
1.58489633,2.25664972819e-12,2023-02-22T18:05:33Z,181.1251110502,46,100.00019836,0.10696870803802255,0.10882496930627956,0.10696870803802255,B
1.84785342,0,2023-02-22T18:05:33Z,181.1251110502,46,100.00019836,0.10696870803802255,0.10882496930627956,0.10696870803802255,B
2.15443897,0,2023-02-22T18:05:33Z,181.1251110502,46,100.00019836,0.10696870803802255,0.10882496930627956,0.10696870803802255,B
2.51189137,0,2023-02-22T18:05:33Z,181.1251110502,46,100.00019836,0.10696870803802255,0.10882496930627956,0.10696870803802255,B
2.92865038,0,2023-02-22T18:05:33Z,181.1251110502,46,100.00019836,0.10696870803802255,0.10882496930627956,0.10696870803802255,B
3.41455555,0,2023-02-22T18:05:33Z,181.1251110502,46,100.00019836,0.10696870803802255,0.10882496930627956,0.10696870803802255,B
3.98107958,0,2023-02-22T18:05:33Z,181.1251110502,46,100.00019836,0.10696870803802255,0.10882496930627956,0.10696870803802255,B
4.64159775,0,2023-02-22T18:05:33Z,181.1251110502,46,100.00019836,0.10696870803802255,0.10882496930627956,0.10696870803802255,B
5.41170597,0,2023-02-22T18:05:33Z,181.1251110502,46,100.00019836,0.10696870803802255,0.10882496930627956,0.10696870803802255,B
6.30958605,0,2023-02-22T18:05:33Z,181.1251110502,46,100.00019836,0.10696870803802255,0.10882496930627956,0.10696870803802255,B
7.35643721,0.0163507834077,2023-02-22T18:05:33Z,181.1251110502,46,100.00019836,0.10696870803802255,0.10882496930627956,0.10696870803802255,B
8.57697582,0.169275343418,2023-02-22T18:05:33Z,181.1251110502,46,100.00019836,0.10696870803802255,0.10882496930627956,0.10696870803802255,B
10.00002003,0.729052722454,2023-02-22T18:05:33Z,181.1251110502,46,100.00019836,0.10696870803802255,0.10882496930627956,0.10696870803802255,B
11.65916729,2.01914858818,2023-02-22T18:05:33Z,181.1251110502,46,100.00019836,0.10696870803802255,0.10882496930627956,0.10696870803802255,B
13.59359074,3.9366736412,2023-02-22T18:05:33Z,181.1251110502,46,100.00019836,0.10696870803802255,0.10882496930627956,0.10696870803802255,B
15.84896278,5.42416238785,2023-02-22T18:05:33Z,181.1251110502,46,100.00019836,0.10696870803802255,0.10882496930627956,0.10696870803802255,B
18.47853470,4.93115282059,2023-02-22T18:05:33Z,181.1251110502,46,100.00019836,0.10696870803802255,0.10882496930627956,0.10696870803802255,B
21.54438972,2.23418307304,2023-02-22T18:05:33Z,181.1251110502,46,100.00019836,0.10696870803802255,0.10882496930627956,0.10696870803802255,B
25.11891365,0,2023-02-22T18:05:33Z,181.1251110502,46,100.00019836,0.10696870803802255,0.10882496930627956,0.10696870803802255,B
29.28650284,0,2023-02-22T18:05:33Z,181.1251110502,46,100.00019836,0.10696870803802255,0.10882496930627956,0.10696870803802255,B
34.14555740,0,2023-02-22T18:05:33Z,181.1251110502,46,100.00019836,0.10696870803802255,0.10882496930627956,0.10696870803802255,B
39.81079483,0,2023-02-22T18:05:33Z,181.1251110502,46,100.00019836,0.10696870803802255,0.10882496930627956,0.10696870803802255,B
46.41598129,0,2023-02-22T18:05:33Z,181.1251110502,46,100.00019836,0.10696870803802255,0.10882496930627956,0.10696870803802255,B
54.11705780,0,2023-02-22T18:05:33Z,181.1251110502,46,100.00019836,0.10696870803802255,0.10882496930627956,0.10696870803802255,B
63.09585953,0,2023-02-22T18:05:33Z,181.1251110502,46,100.00019836,0.10696870803802255,0.10882496930627956,0.10696870803802255,B
73.56436920,0,2023-02-22T18:05:33Z,181.1251110502,46,100.00019836,0.10696870803802255,0.10882496930627956,0.10696870803802255,B
85.76976013,0,2023-02-22T18:05:33Z,181.1251110502,46,100.00019836,0.10696870803802255,0.10882496930627956,0.10696870803802255,B
100.00019836,69.843132019,2023-02-22T18:05:33Z,181.1251110502,46,100.00019836,0.10696870803802255,0.10882496930627956,0.10696870803802255,B
116.59166718,0,2023-02-22T18:05:33Z,181.1251110502,46,100.00019836,0.10696870803802255,0.10882496930627956,0.10696870803802255,B
135.93591309,0,2023-02-22T18:05:33Z,181.1251110502,46,100.00019836,0.10696870803802255,0.10882496930627956,0.10696870803802255,B
158.48962402,0,2023-02-22T18:05:33Z,181.1251110502,46,100.00019836,0.10696870803802255,0.10882496930627956,0.10696870803802255,B
184.78533936,0,2023-02-22T18:05:33Z,181.1251110502,46,100.00019836,0.10696870803802255,0.10882496930627956,0.10696870803802255,B
215.44389343,0,2023-02-22T18:05:33Z,181.1251110502,46,100.00019836,0.10696870803802255,0.10882496930627956,0.10696870803802255,B
251.18913269,0,2023-02-22T18:05:33Z,181.1251110502,46,100.00019836,0.10696870803802255,0.10882496930627956,0.10696870803802255,B
292.86502075,0,2023-02-22T18:05:33Z,181.1251110502,46,100.00019836,0.10696870803802255,0.10882496930627956,0.10696870803802255,B
341.45556641,0,2023-02-22T18:05:33Z,181.1251110502,46,100.00019836,0.10696870803802255,0.10882496930627956,0.10696870803802255,B
398.10794067,0,2023-02-22T18:05:33Z,181.1251110502,46,100.00019836,0.10696870803802255,0.10882496930627956,0.10696870803802255,B
464.15979004,0,2023-02-22T18:05:33Z,181.1251110502,46,100.00019836,0.10696870803802255,0.10882496930627956,0.10696870803802255,B
541.17059326,0,2023-02-22T18:05:33Z,181.1251110502,46,100.00019836,0.10696870803802255,0.10882496930627956,0.10696870803802255,B
630.95855713,0,2023-02-22T18:05:33Z,181.1251110502,46,100.00019836,0.10696870803802255,0.10882496930627956,0.10696870803802255,B
735.64367676,0,2023-02-22T18:05:33Z,181.1251110502,46,100.00019836,0.10696870803802255,0.10882496930627956,0.10696870803802255,B
857.69757080,0,2023-02-22T18:05:33Z,181.1251110502,46,100.00019836,0.10696870803802255,0.10882496930627956,0.10696870803802255,B
1000.00195313,0,2023-02-22T18:05:33Z,181.1251110502,46,100.00019836,0.10696870803802255,0.10882496930627956,0.10696870803802255,B
0.10000020,0,2023-02-22T18:05:34Z,187.39820999580277,46,100.00019836,0.10603888511699999,0.116999267489142,0.10603888511699999,B
0.11659167,0,2023-02-22T18:05:34Z,187.39820999580277,46,100.00019836,0.10603888511699999,0.116999267489142,0.10603888511699999,B
0.13593590,0,2023-02-22T18:05:34Z,187.39820999580277,46,100.00019836,0.10603888511699999,0.116999267489142,0.10603888511699999,B
0.15848963,0,2023-02-22T18:05:34Z,187.39820999580277,46,100.00019836,0.10603888511699999,0.116999267489142,0.10603888511699999,B
0.18478534,0,2023-02-22T18:05:34Z,187.39820999580277,46,100.00019836,0.10603888511699999,0.116999267489142,0.10603888511699999,B
0.21544389,0,2023-02-22T18:05:34Z,187.39820999580277,46,100.00019836,0.10603888511699999,0.116999267489142,0.10603888511699999,B
0.25118914,0,2023-02-22T18:05:34Z,187.39820999580277,46,100.00019836,0.10603888511699999,0.116999267489142,0.10603888511699999,B
0.29286504,0,2023-02-22T18:05:34Z,187.39820999580277,46,100.00019836,0.10603888511699999,0.116999267489142,0.10603888511699999,B
0.34145555,0,2023-02-22T18:05:34Z,187.39820999580277,46,100.00019836,0.10603888511699999,0.116999267489142,0.10603888511699999,B
0.39810795,0,2023-02-22T18:05:34Z,187.39820999580277,46,100.00019836,0.10603888511699999,0.116999267489142,0.10603888511699999,B
0.46415979,0,2023-02-22T18:05:34Z,187.39820999580277,46,100.00019836,0.10603888511699999,0.116999267489142,0.10603888511699999,B
0.54117060,0,2023-02-22T18:05:34Z,187.39820999580277,46,100.00019836,0.10603888511699999,0.116999267489142,0.10603888511699999,B
0.63095856,0,2023-02-22T18:05:34Z,187.39820999580277,46,100.00019836,0.10603888511699999,0.116999267489142,0.10603888511699999,B
0.73564368,0,2023-02-22T18:05:34Z,187.39820999580277,46,100.00019836,0.10603888511699999,0.116999267489142,0.10603888511699999,B
0.85769761,0,2023-02-22T18:05:34Z,187.39820999580277,46,100.00019836,0.10603888511699999,0.116999267489142,0.10603888511699999,B
1.00000191,0,2023-02-22T18:05:34Z,187.39820999580277,46,100.00019836,0.10603888511699999,0.116999267489142,0.10603888511699999,B
1.16591668,0,2023-02-22T18:05:34Z,187.39820999580277,46,100.00019836,0.10603888511699999,0.116999267489142,0.10603888511699999,B
1.35935903,10.6038885117,2023-02-22T18:05:34Z,187.39820999580277,46,100.00019836,0.10603888511699999,0.116999267489142,0.10603888511699999,B
1.58489633,0,2023-02-22T18:05:34Z,187.39820999580277,46,100.00019836,0.10603888511699999,0.116999267489142,0.10603888511699999,B
1.84785342,0,2023-02-22T18:05:34Z,187.39820999580277,46,100.00019836,0.10603888511699999,0.116999267489142,0.10603888511699999,B
2.15443897,0,2023-02-22T18:05:34Z,187.39820999580277,46,100.00019836,0.10603888511699999,0.116999267489142,0.10603888511699999,B
2.51189137,0,2023-02-22T18:05:34Z,187.39820999580277,46,100.00019836,0.10603888511699999,0.116999267489142,0.10603888511699999,B
2.92865038,0,2023-02-22T18:05:34Z,187.39820999580277,46,100.00019836,0.10603888511699999,0.116999267489142,0.10603888511699999,B
3.41455555,0,2023-02-22T18:05:34Z,187.39820999580277,46,100.00019836,0.10603888511699999,0.116999267489142,0.10603888511699999,B
3.98107958,0,2023-02-22T18:05:34Z,187.39820999580277,46,100.00019836,0.10603888511699999,0.116999267489142,0.10603888511699999,B
4.64159775,0,2023-02-22T18:05:34Z,187.39820999580277,46,100.00019836,0.10603888511699999,0.116999267489142,0.10603888511699999,B
5.41170597,0,2023-02-22T18:05:34Z,187.39820999580277,46,100.00019836,0.10603888511699999,0.116999267489142,0.10603888511699999,B
6.30958605,0.0220342427492,2023-02-22T18:05:34Z,187.39820999580277,46,100.00019836,0.10603888511699999,0.116999267489142,0.10603888511699999,B
7.35643721,0.265843153,2023-02-22T18:05:34Z,187.39820999580277,46,100.00019836,0.10603888511699999,0.116999267489142,0.10603888511699999,B
8.57697582,0.808160841465,2023-02-22T18:05:34Z,187.39820999580277,46,100.00019836,0.10603888511699999,0.116999267489142,0.10603888511699999,B
10.00002003,1.72441828251,2023-02-22T18:05:34Z,187.39820999580277,46,100.00019836,0.10603888511699999,0.116999267489142,0.10603888511699999,B
11.65916729,2.96010375023,2023-02-22T18:05:34Z,187.39820999580277,46,100.00019836,0.10603888511699999,0.116999267489142,0.10603888511699999,B
13.59359074,4.23013830185,2023-02-22T18:05:34Z,187.39820999580277,46,100.00019836,0.10603888511699999,0.116999267489142,0.10603888511699999,B
15.84896278,5.00226974487,2023-02-22T18:05:34Z,187.39820999580277,46,100.00019836,0.10603888511699999,0.116999267489142,0.10603888511699999,B
18.47853470,4.66707992554,2023-02-22T18:05:34Z,187.39820999580277,46,100.00019836,0.10603888511699999,0.116999267489142,0.10603888511699999,B
21.54438972,2.91156888008,2023-02-22T18:05:34Z,187.39820999580277,46,100.00019836,0.10603888511699999,0.116999267489142,0.10603888511699999,B
25.11891365,0.240576833487,2023-02-22T18:05:34Z,187.39820999580277,46,100.00019836,0.10603888511699999,0.116999267489142,0.10603888511699999,B
29.28650284,0,2023-02-22T18:05:34Z,187.39820999580277,46,100.00019836,0.10603888511699999,0.116999267489142,0.10603888511699999,B
34.14555740,0,2023-02-22T18:05:34Z,187.39820999580277,46,100.00019836,0.10603888511699999,0.116999267489142,0.10603888511699999,B
39.81079483,0,2023-02-22T18:05:34Z,187.39820999580277,46,100.00019836,0.10603888511699999,0.116999267489142,0.10603888511699999,B
46.41598129,0,2023-02-22T18:05:34Z,187.39820999580277,46,100.00019836,0.10603888511699999,0.116999267489142,0.10603888511699999,B
54.11705780,0,2023-02-22T18:05:34Z,187.39820999580277,46,100.00019836,0.10603888511699999,0.116999267489142,0.10603888511699999,B
63.09585953,0,2023-02-22T18:05:34Z,187.39820999580277,46,100.00019836,0.10603888511699999,0.116999267489142,0.10603888511699999,B
73.56436920,0,2023-02-22T18:05:34Z,187.39820999580277,46,100.00019836,0.10603888511699999,0.116999267489142,0.10603888511699999,B
85.76976013,0,2023-02-22T18:05:34Z,187.39820999580277,46,100.00019836,0.10603888511699999,0.116999267489142,0.10603888511699999,B
100.00019836,66.5639190674,2023-02-22T18:05:34Z,187.39820999580277,46,100.00019836,0.10603888511699999,0.116999267489142,0.10603888511699999,B
116.59166718,0,2023-02-22T18:05:34Z,187.39820999580277,46,100.00019836,0.10603888511699999,0.116999267489142,0.10603888511699999,B
135.93591309,0,2023-02-22T18:05:34Z,187.39820999580277,46,100.00019836,0.10603888511699999,0.116999267489142,0.10603888511699999,B
158.48962402,0,2023-02-22T18:05:34Z,187.39820999580277,46,100.00019836,0.10603888511699999,0.116999267489142,0.10603888511699999,B
184.78533936,0,2023-02-22T18:05:34Z,187.39820999580277,46,100.00019836,0.10603888511699999,0.116999267489142,0.10603888511699999,B
215.44389343,0,2023-02-22T18:05:34Z,187.39820999580277,46,100.00019836,0.10603888511699999,0.116999267489142,0.10603888511699999,B
251.18913269,0,2023-02-22T18:05:34Z,187.39820999580277,46,100.00019836,0.10603888511699999,0.116999267489142,0.10603888511699999,B
292.86502075,0,2023-02-22T18:05:34Z,187.39820999580277,46,100.00019836,0.10603888511699999,0.116999267489142,0.10603888511699999,B
341.45556641,0,2023-02-22T18:05:34Z,187.39820999580277,46,100.00019836,0.10603888511699999,0.116999267489142,0.10603888511699999,B
398.10794067,0,2023-02-22T18:05:34Z,187.39820999580277,46,100.00019836,0.10603888511699999,0.116999267489142,0.10603888511699999,B
464.15979004,0,2023-02-22T18:05:34Z,187.39820999580277,46,100.00019836,0.10603888511699999,0.116999267489142,0.10603888511699999,B
541.17059326,0,2023-02-22T18:05:34Z,187.39820999580277,46,100.00019836,0.10603888511699999,0.116999267489142,0.10603888511699999,B
630.95855713,0,2023-02-22T18:05:34Z,187.39820999580277,46,100.00019836,0.10603888511699999,0.116999267489142,0.10603888511699999,B
735.64367676,0,2023-02-22T18:05:34Z,187.39820999580277,46,100.00019836,0.10603888511699999,0.116999267489142,0.10603888511699999,B
857.69757080,0,2023-02-22T18:05:34Z,187.39820999580277,46,100.00019836,0.10603888511699999,0.116999267489142,0.10603888511699999,B
1000.00195313,0,2023-02-22T18:05:34Z,187.39820999580277,46,100.00019836,0.10603888511699999,0.116999267489142,0.10603888511699999,B
0.10000020,0,2023-02-22T18:05:35Z,206.08972782575555,46,100.00019836,0.11078240299360481,0.1458689633919548,0.11078237475400124,B
0.11659167,0,2023-02-22T18:05:35Z,206.08972782575555,46,100.00019836,0.11078240299360481,0.1458689633919548,0.11078237475400124,B
0.13593590,0,2023-02-22T18:05:35Z,206.08972782575555,46,100.00019836,0.11078240299360481,0.1458689633919548,0.11078237475400124,B
0.15848963,0,2023-02-22T18:05:35Z,206.08972782575555,46,100.00019836,0.11078240299360481,0.1458689633919548,0.11078237475400124,B
0.18478534,0,2023-02-22T18:05:35Z,206.08972782575555,46,100.00019836,0.11078240299360481,0.1458689633919548,0.11078237475400124,B
0.21544389,0,2023-02-22T18:05:35Z,206.08972782575555,46,100.00019836,0.11078240299360481,0.1458689633919548,0.11078237475400124,B
0.25118914,0,2023-02-22T18:05:35Z,206.08972782575555,46,100.00019836,0.11078240299360481,0.1458689633919548,0.11078237475400124,B
0.29286504,0,2023-02-22T18:05:35Z,206.08972782575555,46,100.00019836,0.11078240299360481,0.1458689633919548,0.11078237475400124,B
0.34145555,0,2023-02-22T18:05:35Z,206.08972782575555,46,100.00019836,0.11078240299360481,0.1458689633919548,0.11078237475400124,B
0.39810795,0,2023-02-22T18:05:35Z,206.08972782575555,46,100.00019836,0.11078240299360481,0.1458689633919548,0.11078237475400124,B
0.46415979,0,2023-02-22T18:05:35Z,206.08972782575555,46,100.00019836,0.11078240299360481,0.1458689633919548,0.11078237475400124,B
0.54117060,0,2023-02-22T18:05:35Z,206.08972782575555,46,100.00019836,0.11078240299360481,0.1458689633919548,0.11078237475400124,B
0.63095856,0,2023-02-22T18:05:35Z,206.08972782575555,46,100.00019836,0.11078240299360481,0.1458689633919548,0.11078237475400124,B
0.73564368,0,2023-02-22T18:05:35Z,206.08972782575555,46,100.00019836,0.11078240299360481,0.1458689633919548,0.11078237475400124,B
0.85769761,0,2023-02-22T18:05:35Z,206.08972782575555,46,100.00019836,0.11078240299360481,0.1458689633919548,0.11078237475400124,B
1.00000191,3.92695892515e-6,2023-02-22T18:05:35Z,206.08972782575555,46,100.00019836,0.11078240299360481,0.1458689633919548,0.11078237475400124,B
1.16591668,0.321256518364,2023-02-22T18:05:35Z,206.08972782575555,46,100.00019836,0.11078240299360481,0.1458689633919548,0.11078237475400124,B
1.35935903,8.46643257141,2023-02-22T18:05:35Z,206.08972782575555,46,100.00019836,0.11078240299360481,0.1458689633919548,0.11078237475400124,B
1.58489633,2.27492117882,2023-02-22T18:05:35Z,206.08972782575555,46,100.00019836,0.11078240299360481,0.1458689633919548,0.11078237475400124,B
1.84785342,0.0156232798472,2023-02-22T18:05:35Z,206.08972782575555,46,100.00019836,0.11078240299360481,0.1458689633919548,0.11078237475400124,B
2.15443897,2.82395558315e-6,2023-02-22T18:05:35Z,206.08972782575555,46,100.00019836,0.11078240299360481,0.1458689633919548,0.11078237475400124,B
2.51189137,4.77256428821e-12,2023-02-22T18:05:35Z,206.08972782575555,46,100.00019836,0.11078240299360481,0.1458689633919548,0.11078237475400124,B
2.92865038,1.03327015801e-21,2023-02-22T18:05:35Z,206.08972782575555,46,100.00019836,0.11078240299360481,0.1458689633919548,0.11078237475400124,B
3.41455555,0,2023-02-22T18:05:35Z,206.08972782575555,46,100.00019836,0.11078240299360481,0.1458689633919548,0.11078237475400124,B
3.98107958,0,2023-02-22T18:05:35Z,206.08972782575555,46,100.00019836,0.11078240299360481,0.1458689633919548,0.11078237475400124,B
4.64159775,0,2023-02-22T18:05:35Z,206.08972782575555,46,100.00019836,0.11078240299360481,0.1458689633919548,0.11078237475400124,B
5.41170597,0.131646618247,2023-02-22T18:05:35Z,206.08972782575555,46,100.00019836,0.11078240299360481,0.1458689633919548,0.11078237475400124,B
6.30958605,0.462106138468,2023-02-22T18:05:35Z,206.08972782575555,46,100.00019836,0.11078240299360481,0.1458689633919548,0.11078237475400124,B
7.35643721,1.03576886654,2023-02-22T18:05:35Z,206.08972782575555,46,100.00019836,0.11078240299360481,0.1458689633919548,0.11078237475400124,B
8.57697582,1.87913441658,2023-02-22T18:05:35Z,206.08972782575555,46,100.00019836,0.11078240299360481,0.1458689633919548,0.11078237475400124,B
10.00002003,2.9556145668,2023-02-22T18:05:35Z,206.08972782575555,46,100.00019836,0.11078240299360481,0.1458689633919548,0.11078237475400124,B
11.65916729,4.13271760941,2023-02-22T18:05:35Z,206.08972782575555,46,100.00019836,0.11078240299360481,0.1458689633919548,0.11078237475400124,B
13.59359074,5.15746641159,2023-02-22T18:05:35Z,206.08972782575555,46,100.00019836,0.11078240299360481,0.1458689633919548,0.11078237475400124,B
15.84896278,5.67446041107,2023-02-22T18:05:35Z,206.08972782575555,46,100.00019836,0.11078240299360481,0.1458689633919548,0.11078237475400124,B
18.47853470,5.31582021713,2023-02-22T18:05:35Z,206.08972782575555,46,100.00019836,0.11078240299360481,0.1458689633919548,0.11078237475400124,B
21.54438972,3.86133480072,2023-02-22T18:05:35Z,206.08972782575555,46,100.00019836,0.11078240299360481,0.1458689633919548,0.11078237475400124,B
25.11891365,1.45316636562,2023-02-22T18:05:35Z,206.08972782575555,46,100.00019836,0.11078240299360481,0.1458689633919548,0.11078237475400124,B
29.28650284,0,2023-02-22T18:05:35Z,206.08972782575555,46,100.00019836,0.11078240299360481,0.1458689633919548,0.11078237475400124,B
34.14555740,0,2023-02-22T18:05:35Z,206.08972782575555,46,100.00019836,0.11078240299360481,0.1458689633919548,0.11078237475400124,B
39.81079483,0,2023-02-22T18:05:35Z,206.08972782575555,46,100.00019836,0.11078240299360481,0.1458689633919548,0.11078237475400124,B
46.41598129,0,2023-02-22T18:05:35Z,206.08972782575555,46,100.00019836,0.11078240299360481,0.1458689633919548,0.11078237475400124,B
54.11705780,0,2023-02-22T18:05:35Z,206.08972782575555,46,100.00019836,0.11078240299360481,0.1458689633919548,0.11078237475400124,B
63.09585953,0,2023-02-22T18:05:35Z,206.08972782575555,46,100.00019836,0.11078240299360481,0.1458689633919548,0.11078237475400124,B
73.56436920,0,2023-02-22T18:05:35Z,206.08972782575555,46,100.00019836,0.11078240299360481,0.1458689633919548,0.11078237475400124,B
85.76976013,0,2023-02-22T18:05:35Z,206.08972782575555,46,100.00019836,0.11078240299360481,0.1458689633919548,0.11078237475400124,B
100.00019836,56.8625221252,2023-02-22T18:05:35Z,206.08972782575555,46,100.00019836,0.11078240299360481,0.1458689633919548,0.11078237475400124,B
116.59166718,0,2023-02-22T18:05:35Z,206.08972782575555,46,100.00019836,0.11078240299360481,0.1458689633919548,0.11078237475400124,B
135.93591309,0,2023-02-22T18:05:35Z,206.08972782575555,46,100.00019836,0.11078240299360481,0.1458689633919548,0.11078237475400124,B
158.48962402,0,2023-02-22T18:05:35Z,206.08972782575555,46,100.00019836,0.11078240299360481,0.1458689633919548,0.11078237475400124,B
184.78533936,0,2023-02-22T18:05:35Z,206.08972782575555,46,100.00019836,0.11078240299360481,0.1458689633919548,0.11078237475400124,B
215.44389343,0,2023-02-22T18:05:35Z,206.08972782575555,46,100.00019836,0.11078240299360481,0.1458689633919548,0.11078237475400124,B
251.18913269,0,2023-02-22T18:05:35Z,206.08972782575555,46,100.00019836,0.11078240299360481,0.1458689633919548,0.11078237475400124,B
292.86502075,0,2023-02-22T18:05:35Z,206.08972782575555,46,100.00019836,0.11078240299360481,0.1458689633919548,0.11078237475400124,B
341.45556641,0,2023-02-22T18:05:35Z,206.08972782575555,46,100.00019836,0.11078240299360481,0.1458689633919548,0.11078237475400124,B
398.10794067,0,2023-02-22T18:05:35Z,206.08972782575555,46,100.00019836,0.11078240299360481,0.1458689633919548,0.11078237475400124,B
464.15979004,0,2023-02-22T18:05:35Z,206.08972782575555,46,100.00019836,0.11078240299360481,0.1458689633919548,0.11078237475400124,B
541.17059326,0,2023-02-22T18:05:35Z,206.08972782575555,46,100.00019836,0.11078240299360481,0.1458689633919548,0.11078237475400124,B
630.95855713,0,2023-02-22T18:05:35Z,206.08972782575555,46,100.00019836,0.11078240299360481,0.1458689633919548,0.11078237475400124,B
735.64367676,0,2023-02-22T18:05:35Z,206.08972782575555,46,100.00019836,0.11078240299360481,0.1458689633919548,0.11078237475400124,B
857.69757080,0,2023-02-22T18:05:35Z,206.08972782575555,46,100.00019836,0.11078240299360481,0.1458689633919548,0.11078237475400124,B
1000.00195313,0,2023-02-22T18:05:35Z,206.08972782575555,46,100.00019836,0.11078240299360481,0.1458689633919548,0.11078237475400124,B
0.10000020,0,2023-02-22T18:05:36Z,131.76538870071667,46,100.00019836,0.10865558624300001,0.12465190254185,0.10865558624300001,C
0.11659167,0,2023-02-22T18:05:36Z,131.76538870071667,46,100.00019836,0.10865558624300001,0.12465190254185,0.10865558624300001,C
0.13593590,0,2023-02-22T18:05:36Z,131.76538870071667,46,100.00019836,0.10865558624300001,0.12465190254185,0.10865558624300001,C
0.15848963,0,2023-02-22T18:05:36Z,131.76538870071667,46,100.00019836,0.10865558624300001,0.12465190254185,0.10865558624300001,C
0.18478534,0,2023-02-22T18:05:36Z,131.76538870071667,46,100.00019836,0.10865558624300001,0.12465190254185,0.10865558624300001,C
0.21544389,0,2023-02-22T18:05:36Z,131.76538870071667,46,100.00019836,0.10865558624300001,0.12465190254185,0.10865558624300001,C
0.25118914,0,2023-02-22T18:05:36Z,131.76538870071667,46,100.00019836,0.10865558624300001,0.12465190254185,0.10865558624300001,C
0.29286504,0,2023-02-22T18:05:36Z,131.76538870071667,46,100.00019836,0.10865558624300001,0.12465190254185,0.10865558624300001,C
0.34145555,0,2023-02-22T18:05:36Z,131.76538870071667,46,100.00019836,0.10865558624300001,0.12465190254185,0.10865558624300001,C
0.39810795,0,2023-02-22T18:05:36Z,131.76538870071667,46,100.00019836,0.10865558624300001,0.12465190254185,0.10865558624300001,C
0.46415979,0,2023-02-22T18:05:36Z,131.76538870071667,46,100.00019836,0.10865558624300001,0.12465190254185,0.10865558624300001,C
0.54117060,0,2023-02-22T18:05:36Z,131.76538870071667,46,100.00019836,0.10865558624300001,0.12465190254185,0.10865558624300001,C
0.63095856,0,2023-02-22T18:05:36Z,131.76538870071667,46,100.00019836,0.10865558624300001,0.12465190254185,0.10865558624300001,C
0.73564368,0,2023-02-22T18:05:36Z,131.76538870071667,46,100.00019836,0.10865558624300001,0.12465190254185,0.10865558624300001,C
0.85769761,0,2023-02-22T18:05:36Z,131.76538870071667,46,100.00019836,0.10865558624300001,0.12465190254185,0.10865558624300001,C
1.00000191,0,2023-02-22T18:05:36Z,131.76538870071667,46,100.00019836,0.10865558624300001,0.12465190254185,0.10865558624300001,C
1.16591668,0,2023-02-22T18:05:36Z,131.76538870071667,46,100.00019836,0.10865558624300001,0.12465190254185,0.10865558624300001,C
1.35935903,10.8655586243,2023-02-22T18:05:36Z,131.76538870071667,46,100.00019836,0.10865558624300001,0.12465190254185,0.10865558624300001,C
1.58489633,0,2023-02-22T18:05:36Z,131.76538870071667,46,100.00019836,0.10865558624300001,0.12465190254185,0.10865558624300001,C
1.84785342,0,2023-02-22T18:05:36Z,131.76538870071667,46,100.00019836,0.10865558624300001,0.12465190254185,0.10865558624300001,C
2.15443897,0,2023-02-22T18:05:36Z,131.76538870071667,46,100.00019836,0.10865558624300001,0.12465190254185,0.10865558624300001,C
2.51189137,0,2023-02-22T18:05:36Z,131.76538870071667,46,100.00019836,0.10865558624300001,0.12465190254185,0.10865558624300001,C
2.92865038,0,2023-02-22T18:05:36Z,131.76538870071667,46,100.00019836,0.10865558624300001,0.12465190254185,0.10865558624300001,C
3.41455555,0,2023-02-22T18:05:36Z,131.76538870071667,46,100.00019836,0.10865558624300001,0.12465190254185,0.10865558624300001,C
3.98107958,0,2023-02-22T18:05:36Z,131.76538870071667,46,100.00019836,0.10865558624300001,0.12465190254185,0.10865558624300001,C
4.64159775,0,2023-02-22T18:05:36Z,131.76538870071667,46,100.00019836,0.10865558624300001,0.12465190254185,0.10865558624300001,C
5.41170597,0,2023-02-22T18:05:36Z,131.76538870071667,46,100.00019836,0.10865558624300001,0.12465190254185,0.10865558624300001,C
6.30958605,0.101767919958,2023-02-22T18:05:36Z,131.76538870071667,46,100.00019836,0.10865558624300001,0.12465190254185,0.10865558624300001,C
7.35643721,0.423228800297,2023-02-22T18:05:36Z,131.76538870071667,46,100.00019836,0.10865558624300001,0.12465190254185,0.10865558624300001,C
8.57697582,1.07463490963,2023-02-22T18:05:36Z,131.76538870071667,46,100.00019836,0.10865558624300001,0.12465190254185,0.10865558624300001,C
10.00002003,2.11248207092,2023-02-22T18:05:36Z,131.76538870071667,46,100.00019836,0.10865558624300001,0.12465190254185,0.10865558624300001,C
11.65916729,3.42760157585,2023-02-22T18:05:36Z,131.76538870071667,46,100.00019836,0.10865558624300001,0.12465190254185,0.10865558624300001,C
13.59359074,4.65321302414,2023-02-22T18:05:36Z,131.76538870071667,46,100.00019836,0.10865558624300001,0.12465190254185,0.10865558624300001,C
15.84896278,5.19212865829,2023-02-22T18:05:36Z,131.76538870071667,46,100.00019836,0.10865558624300001,0.12465190254185,0.10865558624300001,C
18.47853470,4.46673870087,2023-02-22T18:05:36Z,131.76538870071667,46,100.00019836,0.10865558624300001,0.12465190254185,0.10865558624300001,C
21.54438972,2.36859035492,2023-02-22T18:05:36Z,131.76538870071667,46,100.00019836,0.10865558624300001,0.12465190254185,0.10865558624300001,C
25.11891365,0,2023-02-22T18:05:36Z,131.76538870071667,46,100.00019836,0.10865558624300001,0.12465190254185,0.10865558624300001,C
29.28650284,0,2023-02-22T18:05:36Z,131.76538870071667,46,100.00019836,0.10865558624300001,0.12465190254185,0.10865558624300001,C
34.14555740,0,2023-02-22T18:05:36Z,131.76538870071667,46,100.00019836,0.10865558624300001,0.12465190254185,0.10865558624300001,C
39.81079483,0,2023-02-22T18:05:36Z,131.76538870071667,46,100.00019836,0.10865558624300001,0.12465190254185,0.10865558624300001,C
46.41598129,0,2023-02-22T18:05:36Z,131.76538870071667,46,100.00019836,0.10865558624300001,0.12465190254185,0.10865558624300001,C
54.11705780,0,2023-02-22T18:05:36Z,131.76538870071667,46,100.00019836,0.10865558624300001,0.12465190254185,0.10865558624300001,C
63.09585953,0,2023-02-22T18:05:36Z,131.76538870071667,46,100.00019836,0.10865558624300001,0.12465190254185,0.10865558624300001,C
73.56436920,0,2023-02-22T18:05:36Z,131.76538870071667,46,100.00019836,0.10865558624300001,0.12465190254185,0.10865558624300001,C
85.76976013,0,2023-02-22T18:05:36Z,131.76538870071667,46,100.00019836,0.10865558624300001,0.12465190254185,0.10865558624300001,C
100.00019836,65.3140563965,2023-02-22T18:05:36Z,131.76538870071667,46,100.00019836,0.10865558624300001,0.12465190254185,0.10865558624300001,C
116.59166718,0,2023-02-22T18:05:36Z,131.76538870071667,46,100.00019836,0.10865558624300001,0.12465190254185,0.10865558624300001,C
135.93591309,0,2023-02-22T18:05:36Z,131.76538870071667,46,100.00019836,0.10865558624300001,0.12465190254185,0.10865558624300001,C
158.48962402,0,2023-02-22T18:05:36Z,131.76538870071667,46,100.00019836,0.10865558624300001,0.12465190254185,0.10865558624300001,C
184.78533936,0,2023-02-22T18:05:36Z,131.76538870071667,46,100.00019836,0.10865558624300001,0.12465190254185,0.10865558624300001,C
215.44389343,0,2023-02-22T18:05:36Z,131.76538870071667,46,100.00019836,0.10865558624300001,0.12465190254185,0.10865558624300001,C
251.18913269,0,2023-02-22T18:05:36Z,131.76538870071667,46,100.00019836,0.10865558624300001,0.12465190254185,0.10865558624300001,C
292.86502075,0,2023-02-22T18:05:36Z,131.76538870071667,46,100.00019836,0.10865558624300001,0.12465190254185,0.10865558624300001,C
341.45556641,0,2023-02-22T18:05:36Z,131.76538870071667,46,100.00019836,0.10865558624300001,0.12465190254185,0.10865558624300001,C
398.10794067,0,2023-02-22T18:05:36Z,131.76538870071667,46,100.00019836,0.10865558624300001,0.12465190254185,0.10865558624300001,C
464.15979004,0,2023-02-22T18:05:36Z,131.76538870071667,46,100.00019836,0.10865558624300001,0.12465190254185,0.10865558624300001,C
541.17059326,0,2023-02-22T18:05:36Z,131.76538870071667,46,100.00019836,0.10865558624300001,0.12465190254185,0.10865558624300001,C
630.95855713,0,2023-02-22T18:05:36Z,131.76538870071667,46,100.00019836,0.10865558624300001,0.12465190254185,0.10865558624300001,C
735.64367676,0,2023-02-22T18:05:36Z,131.76538870071667,46,100.00019836,0.10865558624300001,0.12465190254185,0.10865558624300001,C
857.69757080,0,2023-02-22T18:05:36Z,131.76538870071667,46,100.00019836,0.10865558624300001,0.12465190254185,0.10865558624300001,C
1000.00195313,0,2023-02-22T18:05:36Z,131.76538870071667,46,100.00019836,0.10865558624300001,0.12465190254185,0.10865558624300001,C
0.10000020,0,2023-02-22T18:05:37Z,154.03589693704444,46,100.00019836,0.13154518218434638,0.13734550410692767,0.13154518218430622,B
0.11659167,0,2023-02-22T18:05:37Z,154.03589693704444,46,100.00019836,0.13154518218434638,0.13734550410692767,0.13154518218430622,B
0.13593590,0,2023-02-22T18:05:37Z,154.03589693704444,46,100.00019836,0.13154518218434638,0.13734550410692767,0.13154518218430622,B
0.15848963,0,2023-02-22T18:05:37Z,154.03589693704444,46,100.00019836,0.13154518218434638,0.13734550410692767,0.13154518218430622,B
0.18478534,0,2023-02-22T18:05:37Z,154.03589693704444,46,100.00019836,0.13154518218434638,0.13734550410692767,0.13154518218430622,B
0.21544389,0,2023-02-22T18:05:37Z,154.03589693704444,46,100.00019836,0.13154518218434638,0.13734550410692767,0.13154518218430622,B
0.25118914,0,2023-02-22T18:05:37Z,154.03589693704444,46,100.00019836,0.13154518218434638,0.13734550410692767,0.13154518218430622,B
0.29286504,0,2023-02-22T18:05:37Z,154.03589693704444,46,100.00019836,0.13154518218434638,0.13734550410692767,0.13154518218430622,B
0.34145555,0,2023-02-22T18:05:37Z,154.03589693704444,46,100.00019836,0.13154518218434638,0.13734550410692767,0.13154518218430622,B
0.39810795,0,2023-02-22T18:05:37Z,154.03589693704444,46,100.00019836,0.13154518218434638,0.13734550410692767,0.13154518218430622,B
0.46415979,0,2023-02-22T18:05:37Z,154.03589693704444,46,100.00019836,0.13154518218434638,0.13734550410692767,0.13154518218430622,B
0.54117060,0,2023-02-22T18:05:37Z,154.03589693704444,46,100.00019836,0.13154518218434638,0.13734550410692767,0.13154518218430622,B
0.63095856,0,2023-02-22T18:05:37Z,154.03589693704444,46,100.00019836,0.13154518218434638,0.13734550410692767,0.13154518218430622,B
0.73564368,0,2023-02-22T18:05:37Z,154.03589693704444,46,100.00019836,0.13154518218434638,0.13734550410692767,0.13154518218430622,B
0.85769761,0,2023-02-22T18:05:37Z,154.03589693704444,46,100.00019836,0.13154518218434638,0.13734550410692767,0.13154518218430622,B
1.00000191,3.79936301496e-20,2023-02-22T18:05:37Z,154.03589693704444,46,100.00019836,0.13154518218434638,0.13734550410692767,0.13154518218430622,B
1.16591668,3.24541579175e-5,2023-02-22T18:05:37Z,154.03589693704444,46,100.00019836,0.13154518218434638,0.13734550410692767,0.13154518218430622,B
1.35935903,6.34960365295,2023-02-22T18:05:37Z,154.03589693704444,46,100.00019836,0.13154518218434638,0.13734550410692767,0.13154518218430622,B
1.58489633,6.80430221558,2023-02-22T18:05:37Z,154.03589693704444,46,100.00019836,0.13154518218434638,0.13734550410692767,0.13154518218430622,B
1.84785342,5.79895742703e-4,2023-02-22T18:05:37Z,154.03589693704444,46,100.00019836,0.13154518218434638,0.13734550410692767,0.13154518218430622,B
2.15443897,4.01665549779e-12,2023-02-22T18:05:37Z,154.03589693704444,46,100.00019836,0.13154518218434638,0.13734550410692767,0.13154518218430622,B
2.51189137,6.95982456022e-26,2023-02-22T18:05:37Z,154.03589693704444,46,100.00019836,0.13154518218434638,0.13734550410692767,0.13154518218430622,B
2.92865038,0,2023-02-22T18:05:37Z,154.03589693704444,46,100.00019836,0.13154518218434638,0.13734550410692767,0.13154518218430622,B
3.41455555,0,2023-02-22T18:05:37Z,154.03589693704444,46,100.00019836,0.13154518218434638,0.13734550410692767,0.13154518218430622,B
3.98107958,0,2023-02-22T18:05:37Z,154.03589693704444,46,100.00019836,0.13154518218434638,0.13734550410692767,0.13154518218430622,B
4.64159775,0,2023-02-22T18:05:37Z,154.03589693704444,46,100.00019836,0.13154518218434638,0.13734550410692767,0.13154518218430622,B
5.41170597,2.73048965028e-4,2023-02-22T18:05:37Z,154.03589693704444,46,100.00019836,0.13154518218434638,0.13734550410692767,0.13154518218430622,B
6.30958605,0.0185173973441,2023-02-22T18:05:37Z,154.03589693704444,46,100.00019836,0.13154518218434638,0.13734550410692767,0.13154518218430622,B
7.35643721,0.120262593031,2023-02-22T18:05:37Z,154.03589693704444,46,100.00019836,0.13154518218434638,0.13734550410692767,0.13154518218430622,B
8.57697582,0.440979152918,2023-02-22T18:05:37Z,154.03589693704444,46,100.00019836,0.13154518218434638,0.13734550410692767,0.13154518218430622,B
10.00002003,1.18540430069,2023-02-22T18:05:37Z,154.03589693704444,46,100.00019836,0.13154518218434638,0.13734550410692767,0.13154518218430622,B
11.65916729,2.54238939285,2023-02-22T18:05:37Z,154.03589693704444,46,100.00019836,0.13154518218434638,0.13734550410692767,0.13154518218430622,B
13.59359074,4.4661192894,2023-02-22T18:05:37Z,154.03589693704444,46,100.00019836,0.13154518218434638,0.13734550410692767,0.13154518218430622,B
15.84896278,6.38628387451,2023-02-22T18:05:37Z,154.03589693704444,46,100.00019836,0.13154518218434638,0.13734550410692767,0.13154518218430622,B
18.47853470,7.17603111267,2023-02-22T18:05:37Z,154.03589693704444,46,100.00019836,0.13154518218434638,0.13734550410692767,0.13154518218430622,B
21.54438972,5.83342027664,2023-02-22T18:05:37Z,154.03589693704444,46,100.00019836,0.13154518218434638,0.13734550410692767,0.13154518218430622,B
25.11891365,2.81784677505,2023-02-22T18:05:37Z,154.03589693704444,46,100.00019836,0.13154518218434638,0.13734550410692767,0.13154518218430622,B
29.28650284,0.410467296839,2023-02-22T18:05:37Z,154.03589693704444,46,100.00019836,0.13154518218434638,0.13734550410692767,0.13154518218430622,B
34.14555740,0,2023-02-22T18:05:37Z,154.03589693704444,46,100.00019836,0.13154518218434638,0.13734550410692767,0.13154518218430622,B
39.81079483,0,2023-02-22T18:05:37Z,154.03589693704444,46,100.00019836,0.13154518218434638,0.13734550410692767,0.13154518218430622,B
46.41598129,0,2023-02-22T18:05:37Z,154.03589693704444,46,100.00019836,0.13154518218434638,0.13734550410692767,0.13154518218430622,B
54.11705780,0,2023-02-22T18:05:37Z,154.03589693704444,46,100.00019836,0.13154518218434638,0.13734550410692767,0.13154518218430622,B
63.09585953,0,2023-02-22T18:05:37Z,154.03589693704444,46,100.00019836,0.13154518218434638,0.13734550410692767,0.13154518218430622,B
73.56436920,0,2023-02-22T18:05:37Z,154.03589693704444,46,100.00019836,0.13154518218434638,0.13734550410692767,0.13154518218430622,B
85.76976013,0,2023-02-22T18:05:37Z,154.03589693704444,46,100.00019836,0.13154518218434638,0.13734550410692767,0.13154518218430622,B
100.00019836,55.4474906921,2023-02-22T18:05:37Z,154.03589693704444,46,100.00019836,0.13154518218434638,0.13734550410692767,0.13154518218430622,B
116.59166718,0,2023-02-22T18:05:37Z,154.03589693704444,46,100.00019836,0.13154518218434638,0.13734550410692767,0.13154518218430622,B
135.93591309,0,2023-02-22T18:05:37Z,154.03589693704444,46,100.00019836,0.13154518218434638,0.13734550410692767,0.13154518218430622,B
158.48962402,0,2023-02-22T18:05:37Z,154.03589693704444,46,100.00019836,0.13154518218434638,0.13734550410692767,0.13154518218430622,B
184.78533936,0,2023-02-22T18:05:37Z,154.03589693704444,46,100.00019836,0.13154518218434638,0.13734550410692767,0.13154518218430622,B
215.44389343,0,2023-02-22T18:05:37Z,154.03589693704444,46,100.00019836,0.13154518218434638,0.13734550410692767,0.13154518218430622,B
251.18913269,0,2023-02-22T18:05:37Z,154.03589693704444,46,100.00019836,0.13154518218434638,0.13734550410692767,0.13154518218430622,B
292.86502075,0,2023-02-22T18:05:37Z,154.03589693704444,46,100.00019836,0.13154518218434638,0.13734550410692767,0.13154518218430622,B
341.45556641,0,2023-02-22T18:05:37Z,154.03589693704444,46,100.00019836,0.13154518218434638,0.13734550410692767,0.13154518218430622,B
398.10794067,0,2023-02-22T18:05:37Z,154.03589693704444,46,100.00019836,0.13154518218434638,0.13734550410692767,0.13154518218430622,B
464.15979004,0,2023-02-22T18:05:37Z,154.03589693704444,46,100.00019836,0.13154518218434638,0.13734550410692767,0.13154518218430622,B
541.17059326,0,2023-02-22T18:05:37Z,154.03589693704444,46,100.00019836,0.13154518218434638,0.13734550410692767,0.13154518218430622,B
630.95855713,0,2023-02-22T18:05:37Z,154.03589693704444,46,100.00019836,0.13154518218434638,0.13734550410692767,0.13154518218430622,B
735.64367676,0,2023-02-22T18:05:37Z,154.03589693704444,46,100.00019836,0.13154518218434638,0.13734550410692767,0.13154518218430622,B
857.69757080,0,2023-02-22T18:05:37Z,154.03589693704444,46,100.00019836,0.13154518218434638,0.13734550410692767,0.13154518218430622,B
1000.00195313,0,2023-02-22T18:05:37Z,154.03589693704444,46,100.00019836,0.13154518218434638,0.13734550410692767,0.13154518218430622,B
0.10000020,0,2023-02-22T18:05:38Z,124.46768792468612,46,100.00019836,0.12614952458934686,0.13140237216772285,0.12614952456937448,C
0.11659167,0,2023-02-22T18:05:38Z,124.46768792468612,46,100.00019836,0.12614952458934686,0.13140237216772285,0.12614952456937448,C
0.13593590,0,2023-02-22T18:05:38Z,124.46768792468612,46,100.00019836,0.12614952458934686,0.13140237216772285,0.12614952456937448,C
0.15848963,0,2023-02-22T18:05:38Z,124.46768792468612,46,100.00019836,0.12614952458934686,0.13140237216772285,0.12614952456937448,C
0.18478534,0,2023-02-22T18:05:38Z,124.46768792468612,46,100.00019836,0.12614952458934686,0.13140237216772285,0.12614952456937448,C
0.21544389,0,2023-02-22T18:05:38Z,124.46768792468612,46,100.00019836,0.12614952458934686,0.13140237216772285,0.12614952456937448,C
0.25118914,0,2023-02-22T18:05:38Z,124.46768792468612,46,100.00019836,0.12614952458934686,0.13140237216772285,0.12614952456937448,C
0.29286504,0,2023-02-22T18:05:38Z,124.46768792468612,46,100.00019836,0.12614952458934686,0.13140237216772285,0.12614952456937448,C
0.34145555,0,2023-02-22T18:05:38Z,124.46768792468612,46,100.00019836,0.12614952458934686,0.13140237216772285,0.12614952456937448,C
0.39810795,0,2023-02-22T18:05:38Z,124.46768792468612,46,100.00019836,0.12614952458934686,0.13140237216772285,0.12614952456937448,C
0.46415979,0,2023-02-22T18:05:38Z,124.46768792468612,46,100.00019836,0.12614952458934686,0.13140237216772285,0.12614952456937448,C
0.54117060,0,2023-02-22T18:05:38Z,124.46768792468612,46,100.00019836,0.12614952458934686,0.13140237216772285,0.12614952456937448,C
0.63095856,0,2023-02-22T18:05:38Z,124.46768792468612,46,100.00019836,0.12614952458934686,0.13140237216772285,0.12614952456937448,C
0.73564368,0,2023-02-22T18:05:38Z,124.46768792468612,46,100.00019836,0.12614952458934686,0.13140237216772285,0.12614952456937448,C
0.85769761,0,2023-02-22T18:05:38Z,124.46768792468612,46,100.00019836,0.12614952458934686,0.13140237216772285,0.12614952456937448,C
1.00000191,3.35181743472e-11,2023-02-22T18:05:38Z,124.46768792468612,46,100.00019836,0.12614952458934686,0.13140237216772285,0.12614952456937448,C
1.16591668,0.0135532198474,2023-02-22T18:05:38Z,124.46768792468612,46,100.00019836,0.12614952458934686,0.13140237216772285,0.12614952456937448,C
1.35935903,9.48085403442,2023-02-22T18:05:38Z,124.46768792468612,46,100.00019836,0.12614952458934686,0.13140237216772285,0.12614952456937448,C
1.58489633,3.11855387688,2023-02-22T18:05:38Z,124.46768792468612,46,100.00019836,0.12614952458934686,0.13140237216772285,0.12614952456937448,C
1.84785342,0.00199132575653,2023-02-22T18:05:38Z,124.46768792468612,46,100.00019836,0.12614952458934686,0.13140237216772285,0.12614952456937448,C
2.15443897,1.99723748651e-9,2023-02-22T18:05:38Z,124.46768792468612,46,100.00019836,0.12614952458934686,0.13140237216772285,0.12614952456937448,C
2.51189137,2.00041598253e-19,2023-02-22T18:05:38Z,124.46768792468612,46,100.00019836,0.12614952458934686,0.13140237216772285,0.12614952456937448,C
2.92865038,2.75635407933e-40,2023-02-22T18:05:38Z,124.46768792468612,46,100.00019836,0.12614952458934686,0.13140237216772285,0.12614952456937448,C
3.41455555,0,2023-02-22T18:05:38Z,124.46768792468612,46,100.00019836,0.12614952458934686,0.13140237216772285,0.12614952456937448,C
3.98107958,0,2023-02-22T18:05:38Z,124.46768792468612,46,100.00019836,0.12614952458934686,0.13140237216772285,0.12614952456937448,C
4.64159775,0,2023-02-22T18:05:38Z,124.46768792468612,46,100.00019836,0.12614952458934686,0.13140237216772285,0.12614952456937448,C
5.41170597,0,2023-02-22T18:05:38Z,124.46768792468612,46,100.00019836,0.12614952458934686,0.13140237216772285,0.12614952456937448,C
6.30958605,0.0116251241416,2023-02-22T18:05:38Z,124.46768792468612,46,100.00019836,0.12614952458934686,0.13140237216772285,0.12614952456937448,C
7.35643721,0.103676892817,2023-02-22T18:05:38Z,124.46768792468612,46,100.00019836,0.12614952458934686,0.13140237216772285,0.12614952456937448,C
8.57697582,0.409982740879,2023-02-22T18:05:38Z,124.46768792468612,46,100.00019836,0.12614952458934686,0.13140237216772285,0.12614952456937448,C
10.00002003,1.13332486153,2023-02-22T18:05:38Z,124.46768792468612,46,100.00019836,0.12614952458934686,0.13140237216772285,0.12614952456937448,C
11.65916729,2.44823408127,2023-02-22T18:05:38Z,124.46768792468612,46,100.00019836,0.12614952458934686,0.13140237216772285,0.12614952456937448,C
13.59359074,4.25878715515,2023-02-22T18:05:38Z,124.46768792468612,46,100.00019836,0.12614952458934686,0.13140237216772285,0.12614952456937448,C
15.84896278,5.89799880981,2023-02-22T18:05:38Z,124.46768792468612,46,100.00019836,0.12614952458934686,0.13140237216772285,0.12614952456937448,C
18.47853470,6.14502048492,2023-02-22T18:05:38Z,124.46768792468612,46,100.00019836,0.12614952458934686,0.13140237216772285,0.12614952456937448,C
21.54438972,4.0712761879,2023-02-22T18:05:38Z,124.46768792468612,46,100.00019836,0.12614952458934686,0.13140237216772285,0.12614952456937448,C
25.11891365,0.756220161915,2023-02-22T18:05:38Z,124.46768792468612,46,100.00019836,0.12614952458934686,0.13140237216772285,0.12614952456937448,C
29.28650284,0,2023-02-22T18:05:38Z,124.46768792468612,46,100.00019836,0.12614952458934686,0.13140237216772285,0.12614952456937448,C
34.14555740,0,2023-02-22T18:05:38Z,124.46768792468612,46,100.00019836,0.12614952458934686,0.13140237216772285,0.12614952456937448,C
39.81079483,0,2023-02-22T18:05:38Z,124.46768792468612,46,100.00019836,0.12614952458934686,0.13140237216772285,0.12614952456937448,C
46.41598129,0,2023-02-22T18:05:38Z,124.46768792468612,46,100.00019836,0.12614952458934686,0.13140237216772285,0.12614952456937448,C
54.11705780,0,2023-02-22T18:05:38Z,124.46768792468612,46,100.00019836,0.12614952458934686,0.13140237216772285,0.12614952456937448,C
63.09585953,0,2023-02-22T18:05:38Z,124.46768792468612,46,100.00019836,0.12614952458934686,0.13140237216772285,0.12614952456937448,C
73.56436920,0,2023-02-22T18:05:38Z,124.46768792468612,46,100.00019836,0.12614952458934686,0.13140237216772285,0.12614952456937448,C
85.76976013,0,2023-02-22T18:05:38Z,124.46768792468612,46,100.00019836,0.12614952458934686,0.13140237216772285,0.12614952456937448,C
100.00019836,62.1488990784,2023-02-22T18:05:38Z,124.46768792468612,46,100.00019836,0.12614952458934686,0.13140237216772285,0.12614952456937448,C
116.59166718,0,2023-02-22T18:05:38Z,124.46768792468612,46,100.00019836,0.12614952458934686,0.13140237216772285,0.12614952456937448,C
135.93591309,0,2023-02-22T18:05:38Z,124.46768792468612,46,100.00019836,0.12614952458934686,0.13140237216772285,0.12614952456937448,C
158.48962402,0,2023-02-22T18:05:38Z,124.46768792468612,46,100.00019836,0.12614952458934686,0.13140237216772285,0.12614952456937448,C
184.78533936,0,2023-02-22T18:05:38Z,124.46768792468612,46,100.00019836,0.12614952458934686,0.13140237216772285,0.12614952456937448,C
215.44389343,0,2023-02-22T18:05:38Z,124.46768792468612,46,100.00019836,0.12614952458934686,0.13140237216772285,0.12614952456937448,C
251.18913269,0,2023-02-22T18:05:38Z,124.46768792468612,46,100.00019836,0.12614952458934686,0.13140237216772285,0.12614952456937448,C
292.86502075,0,2023-02-22T18:05:38Z,124.46768792468612,46,100.00019836,0.12614952458934686,0.13140237216772285,0.12614952456937448,C
341.45556641,0,2023-02-22T18:05:38Z,124.46768792468612,46,100.00019836,0.12614952458934686,0.13140237216772285,0.12614952456937448,C
398.10794067,0,2023-02-22T18:05:38Z,124.46768792468612,46,100.00019836,0.12614952458934686,0.13140237216772285,0.12614952456937448,C
464.15979004,0,2023-02-22T18:05:38Z,124.46768792468612,46,100.00019836,0.12614952458934686,0.13140237216772285,0.12614952456937448,C
541.17059326,0,2023-02-22T18:05:38Z,124.46768792468612,46,100.00019836,0.12614952458934686,0.13140237216772285,0.12614952456937448,C
630.95855713,0,2023-02-22T18:05:38Z,124.46768792468612,46,100.00019836,0.12614952458934686,0.13140237216772285,0.12614952456937448,C
735.64367676,0,2023-02-22T18:05:38Z,124.46768792468612,46,100.00019836,0.12614952458934686,0.13140237216772285,0.12614952456937448,C
857.69757080,0,2023-02-22T18:05:38Z,124.46768792468612,46,100.00019836,0.12614952458934686,0.13140237216772285,0.12614952456937448,C
1000.00195313,0,2023-02-22T18:05:38Z,124.46768792468612,46,100.00019836,0.12614952458934686,0.13140237216772285,0.12614952456937448,C
0.10000020,0,2023-02-22T18:05:39Z,166.8242032793,46,100.00019836,0.12435368872180944,0.14550179080036443,0.12435140680935605,B
0.11659167,0,2023-02-22T18:05:39Z,166.8242032793,46,100.00019836,0.12435368872180944,0.14550179080036443,0.12435140680935605,B
0.13593590,0,2023-02-22T18:05:39Z,166.8242032793,46,100.00019836,0.12435368872180944,0.14550179080036443,0.12435140680935605,B
0.15848963,0,2023-02-22T18:05:39Z,166.8242032793,46,100.00019836,0.12435368872180944,0.14550179080036443,0.12435140680935605,B
0.18478534,0,2023-02-22T18:05:39Z,166.8242032793,46,100.00019836,0.12435368872180944,0.14550179080036443,0.12435140680935605,B
0.21544389,0,2023-02-22T18:05:39Z,166.8242032793,46,100.00019836,0.12435368872180944,0.14550179080036443,0.12435140680935605,B
0.25118914,0,2023-02-22T18:05:39Z,166.8242032793,46,100.00019836,0.12435368872180944,0.14550179080036443,0.12435140680935605,B
0.29286504,0,2023-02-22T18:05:39Z,166.8242032793,46,100.00019836,0.12435368872180944,0.14550179080036443,0.12435140680935605,B
0.34145555,0,2023-02-22T18:05:39Z,166.8242032793,46,100.00019836,0.12435368872180944,0.14550179080036443,0.12435140680935605,B
0.39810795,0,2023-02-22T18:05:39Z,166.8242032793,46,100.00019836,0.12435368872180944,0.14550179080036443,0.12435140680935605,B
0.46415979,0,2023-02-22T18:05:39Z,166.8242032793,46,100.00019836,0.12435368872180944,0.14550179080036443,0.12435140680935605,B
0.54117060,0,2023-02-22T18:05:39Z,166.8242032793,46,100.00019836,0.12435368872180944,0.14550179080036443,0.12435140680935605,B
0.63095856,0,2023-02-22T18:05:39Z,166.8242032793,46,100.00019836,0.12435368872180944,0.14550179080036443,0.12435140680935605,B
0.73564368,0,2023-02-22T18:05:39Z,166.8242032793,46,100.00019836,0.12435368872180944,0.14550179080036443,0.12435140680935605,B
0.85769761,0,2023-02-22T18:05:39Z,166.8242032793,46,100.00019836,0.12435368872180944,0.14550179080036443,0.12435140680935605,B
1.00000191,2.90390526061e-5,2023-02-22T18:05:39Z,166.8242032793,46,100.00019836,0.12435368872180944,0.14550179080036443,0.12435140680935605,B
1.16591668,0.35213047266,2023-02-22T18:05:39Z,166.8242032793,46,100.00019836,0.12435368872180944,0.14550179080036443,0.12435140680935605,B
1.35935903,7.59089136124,2023-02-22T18:05:39Z,166.8242032793,46,100.00019836,0.12435368872180944,0.14550179080036443,0.12435140680935605,B
1.58489633,4.35638427734,2023-02-22T18:05:39Z,166.8242032793,46,100.00019836,0.12435368872180944,0.14550179080036443,0.12435140680935605,B
1.84785342,0.135705530643,2023-02-22T18:05:39Z,166.8242032793,46,100.00019836,0.12435368872180944,0.14550179080036443,0.12435140680935605,B
2.15443897,2.28183052968e-4,2023-02-22T18:05:39Z,166.8242032793,46,100.00019836,0.12435368872180944,0.14550179080036443,0.12435140680935605,B
2.51189137,8.19236944949e-9,2023-02-22T18:05:39Z,166.8242032793,46,100.00019836,0.12435368872180944,0.14550179080036443,0.12435140680935605,B
2.92865038,9.50830548368e-17,2023-02-22T18:05:39Z,166.8242032793,46,100.00019836,0.12435368872180944,0.14550179080036443,0.12435140680935605,B
3.41455555,0,2023-02-22T18:05:39Z,166.8242032793,46,100.00019836,0.12435368872180944,0.14550179080036443,0.12435140680935605,B
3.98107958,0,2023-02-22T18:05:39Z,166.8242032793,46,100.00019836,0.12435368872180944,0.14550179080036443,0.12435140680935605,B
4.64159775,0,2023-02-22T18:05:39Z,166.8242032793,46,100.00019836,0.12435368872180944,0.14550179080036443,0.12435140680935605,B
5.41170597,0.0227184239775,2023-02-22T18:05:39Z,166.8242032793,46,100.00019836,0.12435368872180944,0.14550179080036443,0.12435140680935605,B
6.30958605,0.199389085174,2023-02-22T18:05:39Z,166.8242032793,46,100.00019836,0.12435368872180944,0.14550179080036443,0.12435140680935605,B
7.35643721,0.597173929214,2023-02-22T18:05:39Z,166.8242032793,46,100.00019836,0.12435368872180944,0.14550179080036443,0.12435140680935605,B
8.57697582,1.29552876949,2023-02-22T18:05:39Z,166.8242032793,46,100.00019836,0.12435368872180944,0.14550179080036443,0.12435140680935605,B
10.00002003,2.32639098167,2023-02-22T18:05:39Z,166.8242032793,46,100.00019836,0.12435368872180944,0.14550179080036443,0.12435140680935605,B
11.65916729,3.61456465721,2023-02-22T18:05:39Z,166.8242032793,46,100.00019836,0.12435368872180944,0.14550179080036443,0.12435140680935605,B
13.59359074,4.91427278519,2023-02-22T18:05:39Z,166.8242032793,46,100.00019836,0.12435368872180944,0.14550179080036443,0.12435140680935605,B
15.84896278,5.79096889496,2023-02-22T18:05:39Z,166.8242032793,46,100.00019836,0.12435368872180944,0.14550179080036443,0.12435140680935605,B
18.47853470,5.71705389023,2023-02-22T18:05:39Z,166.8242032793,46,100.00019836,0.12435368872180944,0.14550179080036443,0.12435140680935605,B
21.54438972,4.32133817673,2023-02-22T18:05:39Z,166.8242032793,46,100.00019836,0.12435368872180944,0.14550179080036443,0.12435140680935605,B
25.11891365,1.79677796364,2023-02-22T18:05:39Z,166.8242032793,46,100.00019836,0.12435368872180944,0.14550179080036443,0.12435140680935605,B
29.28650284,0,2023-02-22T18:05:39Z,166.8242032793,46,100.00019836,0.12435368872180944,0.14550179080036443,0.12435140680935605,B
34.14555740,0,2023-02-22T18:05:39Z,166.8242032793,46,100.00019836,0.12435368872180944,0.14550179080036443,0.12435140680935605,B
39.81079483,0,2023-02-22T18:05:39Z,166.8242032793,46,100.00019836,0.12435368872180944,0.14550179080036443,0.12435140680935605,B
46.41598129,0,2023-02-22T18:05:39Z,166.8242032793,46,100.00019836,0.12435368872180944,0.14550179080036443,0.12435140680935605,B
54.11705780,0,2023-02-22T18:05:39Z,166.8242032793,46,100.00019836,0.12435368872180944,0.14550179080036443,0.12435140680935605,B
63.09585953,0,2023-02-22T18:05:39Z,166.8242032793,46,100.00019836,0.12435368872180944,0.14550179080036443,0.12435140680935605,B
73.56436920,0,2023-02-22T18:05:39Z,166.8242032793,46,100.00019836,0.12435368872180944,0.14550179080036443,0.12435140680935605,B
85.76976013,0,2023-02-22T18:05:39Z,166.8242032793,46,100.00019836,0.12435368872180944,0.14550179080036443,0.12435140680935605,B
100.00019836,56.9684524536,2023-02-22T18:05:39Z,166.8242032793,46,100.00019836,0.12435368872180944,0.14550179080036443,0.12435140680935605,B
116.59166718,0,2023-02-22T18:05:39Z,166.8242032793,46,100.00019836,0.12435368872180944,0.14550179080036443,0.12435140680935605,B
135.93591309,0,2023-02-22T18:05:39Z,166.8242032793,46,100.00019836,0.12435368872180944,0.14550179080036443,0.12435140680935605,B
158.48962402,0,2023-02-22T18:05:39Z,166.8242032793,46,100.00019836,0.12435368872180944,0.14550179080036443,0.12435140680935605,B
184.78533936,0,2023-02-22T18:05:39Z,166.8242032793,46,100.00019836,0.12435368872180944,0.14550179080036443,0.12435140680935605,B
215.44389343,0,2023-02-22T18:05:39Z,166.8242032793,46,100.00019836,0.12435368872180944,0.14550179080036443,0.12435140680935605,B
251.18913269,0,2023-02-22T18:05:39Z,166.8242032793,46,100.00019836,0.12435368872180944,0.14550179080036443,0.12435140680935605,B
292.86502075,0,2023-02-22T18:05:39Z,166.8242032793,46,100.00019836,0.12435368872180944,0.14550179080036443,0.12435140680935605,B
341.45556641,0,2023-02-22T18:05:39Z,166.8242032793,46,100.00019836,0.12435368872180944,0.14550179080036443,0.12435140680935605,B
398.10794067,0,2023-02-22T18:05:39Z,166.8242032793,46,100.00019836,0.12435368872180944,0.14550179080036443,0.12435140680935605,B
464.15979004,0,2023-02-22T18:05:39Z,166.8242032793,46,100.00019836,0.12435368872180944,0.14550179080036443,0.12435140680935605,B
541.17059326,0,2023-02-22T18:05:39Z,166.8242032793,46,100.00019836,0.12435368872180944,0.14550179080036443,0.12435140680935605,B
630.95855713,0,2023-02-22T18:05:39Z,166.8242032793,46,100.00019836,0.12435368872180944,0.14550179080036443,0.12435140680935605,B
735.64367676,0,2023-02-22T18:05:39Z,166.8242032793,46,100.00019836,0.12435368872180944,0.14550179080036443,0.12435140680935605,B
857.69757080,0,2023-02-22T18:05:39Z,166.8242032793,46,100.00019836,0.12435368872180944,0.14550179080036443,0.12435140680935605,B
1000.00195313,0,2023-02-22T18:05:39Z,166.8242032793,46,100.00019836,0.12435368872180944,0.14550179080036443,0.12435140680935605,B
0.10000020,0,2023-02-22T18:05:40Z,169.06096670355277,46,100.00019836,0.12872901654609298,0.1345906254271194,0.1287290165460766,B
0.11659167,0,2023-02-22T18:05:40Z,169.06096670355277,46,100.00019836,0.12872901654609298,0.1345906254271194,0.1287290165460766,B
0.13593590,0,2023-02-22T18:05:40Z,169.06096670355277,46,100.00019836,0.12872901654609298,0.1345906254271194,0.1287290165460766,B
0.15848963,0,2023-02-22T18:05:40Z,169.06096670355277,46,100.00019836,0.12872901654609298,0.1345906254271194,0.1287290165460766,B
0.18478534,0,2023-02-22T18:05:40Z,169.06096670355277,46,100.00019836,0.12872901654609298,0.1345906254271194,0.1287290165460766,B
0.21544389,0,2023-02-22T18:05:40Z,169.06096670355277,46,100.00019836,0.12872901654609298,0.1345906254271194,0.1287290165460766,B
0.25118914,0,2023-02-22T18:05:40Z,169.06096670355277,46,100.00019836,0.12872901654609298,0.1345906254271194,0.1287290165460766,B
0.29286504,0,2023-02-22T18:05:40Z,169.06096670355277,46,100.00019836,0.12872901654609298,0.1345906254271194,0.1287290165460766,B
0.34145555,0,2023-02-22T18:05:40Z,169.06096670355277,46,100.00019836,0.12872901654609298,0.1345906254271194,0.1287290165460766,B
0.39810795,0,2023-02-22T18:05:40Z,169.06096670355277,46,100.00019836,0.12872901654609298,0.1345906254271194,0.1287290165460766,B
0.46415979,0,2023-02-22T18:05:40Z,169.06096670355277,46,100.00019836,0.12872901654609298,0.1345906254271194,0.1287290165460766,B
0.54117060,0,2023-02-22T18:05:40Z,169.06096670355277,46,100.00019836,0.12872901654609298,0.1345906254271194,0.1287290165460766,B
0.63095856,0,2023-02-22T18:05:40Z,169.06096670355277,46,100.00019836,0.12872901654609298,0.1345906254271194,0.1287290165460766,B
0.73564368,0,2023-02-22T18:05:40Z,169.06096670355277,46,100.00019836,0.12872901654609298,0.1345906254271194,0.1287290165460766,B
0.85769761,0,2023-02-22T18:05:40Z,169.06096670355277,46,100.00019836,0.12872901654609298,0.1345906254271194,0.1287290165460766,B
1.00000191,1.13309785247e-20,2023-02-22T18:05:40Z,169.06096670355277,46,100.00019836,0.12872901654609298,0.1345906254271194,0.1287290165460766,B
1.16591668,2.86518570647e-5,2023-02-22T18:05:40Z,169.06096670355277,46,100.00019836,0.12872901654609298,0.1345906254271194,0.1287290165460766,B
1.35935903,6.78802728653,2023-02-22T18:05:40Z,169.06096670355277,46,100.00019836,0.12872901654609298,0.1345906254271194,0.1287290165460766,B
1.58489633,6.08448600769,2023-02-22T18:05:40Z,169.06096670355277,46,100.00019836,0.12872901654609298,0.1345906254271194,0.1287290165460766,B
1.84785342,3.59708530596e-4,2023-02-22T18:05:40Z,169.06096670355277,46,100.00019836,0.12872901654609298,0.1345906254271194,0.1287290165460766,B
2.15443897,1.63767079325e-12,2023-02-22T18:05:40Z,169.06096670355277,46,100.00019836,0.12872901654609298,0.1345906254271194,0.1287290165460766,B
2.51189137,2.45144858755e-26,2023-02-22T18:05:40Z,169.06096670355277,46,100.00019836,0.12872901654609298,0.1345906254271194,0.1287290165460766,B
2.92865038,0,2023-02-22T18:05:40Z,169.06096670355277,46,100.00019836,0.12872901654609298,0.1345906254271194,0.1287290165460766,B
3.41455555,0,2023-02-22T18:05:40Z,169.06096670355277,46,100.00019836,0.12872901654609298,0.1345906254271194,0.1287290165460766,B
3.98107958,0,2023-02-22T18:05:40Z,169.06096670355277,46,100.00019836,0.12872901654609298,0.1345906254271194,0.1287290165460766,B
4.64159775,0,2023-02-22T18:05:40Z,169.06096670355277,46,100.00019836,0.12872901654609298,0.1345906254271194,0.1287290165460766,B
5.41170597,8.81172236404e-5,2023-02-22T18:05:40Z,169.06096670355277,46,100.00019836,0.12872901654609298,0.1345906254271194,0.1287290165460766,B
6.30958605,0.017232073471,2023-02-22T18:05:40Z,169.06096670355277,46,100.00019836,0.12872901654609298,0.1345906254271194,0.1287290165460766,B
7.35643721,0.119488313794,2023-02-22T18:05:40Z,169.06096670355277,46,100.00019836,0.12872901654609298,0.1345906254271194,0.1287290165460766,B
8.57697582,0.449352383614,2023-02-22T18:05:40Z,169.06096670355277,46,100.00019836,0.12872901654609298,0.1345906254271194,0.1287290165460766,B
10.00002003,1.2217476368,2023-02-22T18:05:40Z,169.06096670355277,46,100.00019836,0.12872901654609298,0.1345906254271194,0.1287290165460766,B
11.65916729,2.62492632866,2023-02-22T18:05:40Z,169.06096670355277,46,100.00019836,0.12872901654609298,0.1345906254271194,0.1287290165460766,B
13.59359074,4.57295799255,2023-02-22T18:05:40Z,169.06096670355277,46,100.00019836,0.12872901654609298,0.1345906254271194,0.1287290165460766,B
15.84896278,6.4008603096,2023-02-22T18:05:40Z,169.06096670355277,46,100.00019836,0.12872901654609298,0.1345906254271194,0.1287290165460766,B
18.47853470,6.88872432709,2023-02-22T18:05:40Z,169.06096670355277,46,100.00019836,0.12872901654609298,0.1345906254271194,0.1287290165460766,B
21.54438972,5.09751081467,2023-02-22T18:05:40Z,169.06096670355277,46,100.00019836,0.12872901654609298,0.1345906254271194,0.1287290165460766,B
25.11891365,1.85573005676,2023-02-22T18:05:40Z,169.06096670355277,46,100.00019836,0.12872901654609298,0.1345906254271194,0.1287290165460766,B
29.28650284,0.00618774956092,2023-02-22T18:05:40Z,169.06096670355277,46,100.00019836,0.12872901654609298,0.1345906254271194,0.1287290165460766,B
34.14555740,0,2023-02-22T18:05:40Z,169.06096670355277,46,100.00019836,0.12872901654609298,0.1345906254271194,0.1287290165460766,B
39.81079483,0,2023-02-22T18:05:40Z,169.06096670355277,46,100.00019836,0.12872901654609298,0.1345906254271194,0.1287290165460766,B
46.41598129,0,2023-02-22T18:05:40Z,169.06096670355277,46,100.00019836,0.12872901654609298,0.1345906254271194,0.1287290165460766,B
54.11705780,0,2023-02-22T18:05:40Z,169.06096670355277,46,100.00019836,0.12872901654609298,0.1345906254271194,0.1287290165460766,B
63.09585953,0,2023-02-22T18:05:40Z,169.06096670355277,46,100.00019836,0.12872901654609298,0.1345906254271194,0.1287290165460766,B
73.56436920,0,2023-02-22T18:05:40Z,169.06096670355277,46,100.00019836,0.12872901654609298,0.1345906254271194,0.1287290165460766,B
85.76976013,0,2023-02-22T18:05:40Z,169.06096670355277,46,100.00019836,0.12872901654609298,0.1345906254271194,0.1287290165460766,B
100.00019836,57.872303009,2023-02-22T18:05:40Z,169.06096670355277,46,100.00019836,0.12872901654609298,0.1345906254271194,0.1287290165460766,B
116.59166718,0,2023-02-22T18:05:40Z,169.06096670355277,46,100.00019836,0.12872901654609298,0.1345906254271194,0.1287290165460766,B
135.93591309,0,2023-02-22T18:05:40Z,169.06096670355277,46,100.00019836,0.12872901654609298,0.1345906254271194,0.1287290165460766,B
158.48962402,0,2023-02-22T18:05:40Z,169.06096670355277,46,100.00019836,0.12872901654609298,0.1345906254271194,0.1287290165460766,B
184.78533936,0,2023-02-22T18:05:40Z,169.06096670355277,46,100.00019836,0.12872901654609298,0.1345906254271194,0.1287290165460766,B
215.44389343,0,2023-02-22T18:05:40Z,169.06096670355277,46,100.00019836,0.12872901654609298,0.1345906254271194,0.1287290165460766,B
251.18913269,0,2023-02-22T18:05:40Z,169.06096670355277,46,100.00019836,0.12872901654609298,0.1345906254271194,0.1287290165460766,B
292.86502075,0,2023-02-22T18:05:40Z,169.06096670355277,46,100.00019836,0.12872901654609298,0.1345906254271194,0.1287290165460766,B
341.45556641,0,2023-02-22T18:05:40Z,169.06096670355277,46,100.00019836,0.12872901654609298,0.1345906254271194,0.1287290165460766,B
398.10794067,0,2023-02-22T18:05:40Z,169.06096670355277,46,100.00019836,0.12872901654609298,0.1345906254271194,0.1287290165460766,B
464.15979004,0,2023-02-22T18:05:40Z,169.06096670355277,46,100.00019836,0.12872901654609298,0.1345906254271194,0.1287290165460766,B
541.17059326,0,2023-02-22T18:05:40Z,169.06096670355277,46,100.00019836,0.12872901654609298,0.1345906254271194,0.1287290165460766,B
630.95855713,0,2023-02-22T18:05:40Z,169.06096670355277,46,100.00019836,0.12872901654609298,0.1345906254271194,0.1287290165460766,B
735.64367676,0,2023-02-22T18:05:40Z,169.06096670355277,46,100.00019836,0.12872901654609298,0.1345906254271194,0.1287290165460766,B
857.69757080,0,2023-02-22T18:05:40Z,169.06096670355277,46,100.00019836,0.12872901654609298,0.1345906254271194,0.1287290165460766,B
1000.00195313,0,2023-02-22T18:05:40Z,169.06096670355277,46,100.00019836,0.12872901654609298,0.1345906254271194,0.1287290165460766,B
0.10000020,0,2023-02-22T18:05:41Z,144.8782075246111,46,100.00019836,0.14683355688475236,0.16720721417466936,0.1461950776818394,C
0.11659167,0,2023-02-22T18:05:41Z,144.8782075246111,46,100.00019836,0.14683355688475236,0.16720721417466936,0.1461950776818394,C
0.13593590,0,2023-02-22T18:05:41Z,144.8782075246111,46,100.00019836,0.14683355688475236,0.16720721417466936,0.1461950776818394,C
0.15848963,0,2023-02-22T18:05:41Z,144.8782075246111,46,100.00019836,0.14683355688475236,0.16720721417466936,0.1461950776818394,C
0.18478534,0,2023-02-22T18:05:41Z,144.8782075246111,46,100.00019836,0.14683355688475236,0.16720721417466936,0.1461950776818394,C
0.21544389,0,2023-02-22T18:05:41Z,144.8782075246111,46,100.00019836,0.14683355688475236,0.16720721417466936,0.1461950776818394,C
0.25118914,0,2023-02-22T18:05:41Z,144.8782075246111,46,100.00019836,0.14683355688475236,0.16720721417466936,0.1461950776818394,C
0.29286504,0,2023-02-22T18:05:41Z,144.8782075246111,46,100.00019836,0.14683355688475236,0.16720721417466936,0.1461950776818394,C
0.34145555,0,2023-02-22T18:05:41Z,144.8782075246111,46,100.00019836,0.14683355688475236,0.16720721417466936,0.1461950776818394,C
0.39810795,0,2023-02-22T18:05:41Z,144.8782075246111,46,100.00019836,0.14683355688475236,0.16720721417466936,0.1461950776818394,C
0.46415979,0,2023-02-22T18:05:41Z,144.8782075246111,46,100.00019836,0.14683355688475236,0.16720721417466936,0.1461950776818394,C
0.54117060,0,2023-02-22T18:05:41Z,144.8782075246111,46,100.00019836,0.14683355688475236,0.16720721417466936,0.1461950776818394,C
0.63095856,0,2023-02-22T18:05:41Z,144.8782075246111,46,100.00019836,0.14683355688475236,0.16720721417466936,0.1461950776818394,C
0.73564368,0,2023-02-22T18:05:41Z,144.8782075246111,46,100.00019836,0.14683355688475236,0.16720721417466936,0.1461950776818394,C
0.85769761,0,2023-02-22T18:05:41Z,144.8782075246111,46,100.00019836,0.14683355688475236,0.16720721417466936,0.1461950776818394,C
1.00000191,0.00211731437594,2023-02-22T18:05:41Z,144.8782075246111,46,100.00019836,0.14683355688475236,0.16720721417466936,0.1461950776818394,C
1.16591668,0.720375478268,2023-02-22T18:05:41Z,144.8782075246111,46,100.00019836,0.14683355688475236,0.16720721417466936,0.1461950776818394,C
1.35935903,6.01133918762,2023-02-22T18:05:41Z,144.8782075246111,46,100.00019836,0.14683355688475236,0.16720721417466936,0.1461950776818394,C
1.58489633,6.47716617584,2023-02-22T18:05:41Z,144.8782075246111,46,100.00019836,0.14683355688475236,0.16720721417466936,0.1461950776818394,C
1.84785342,1.40850961208,2023-02-22T18:05:41Z,144.8782075246111,46,100.00019836,0.14683355688475236,0.16720721417466936,0.1461950776818394,C
2.15443897,0.0634794905782,2023-02-22T18:05:41Z,144.8782075246111,46,100.00019836,0.14683355688475236,0.16720721417466936,0.1461950776818394,C
2.51189137,3.68392618839e-4,2023-02-22T18:05:41Z,144.8782075246111,46,100.00019836,0.14683355688475236,0.16720721417466936,0.1461950776818394,C
2.92865038,3.70942565553e-8,2023-02-22T18:05:41Z,144.8782075246111,46,100.00019836,0.14683355688475236,0.16720721417466936,0.1461950776818394,C
3.41455555,0,2023-02-22T18:05:41Z,144.8782075246111,46,100.00019836,0.14683355688475236,0.16720721417466936,0.1461950776818394,C
3.98107958,0,2023-02-22T18:05:41Z,144.8782075246111,46,100.00019836,0.14683355688475236,0.16720721417466936,0.1461950776818394,C
4.64159775,0,2023-02-22T18:05:41Z,144.8782075246111,46,100.00019836,0.14683355688475236,0.16720721417466936,0.1461950776818394,C
5.41170597,0.0312174204737,2023-02-22T18:05:41Z,144.8782075246111,46,100.00019836,0.14683355688475236,0.16720721417466936,0.1461950776818394,C
6.30958605,0.183581024408,2023-02-22T18:05:41Z,144.8782075246111,46,100.00019836,0.14683355688475236,0.16720721417466936,0.1461950776818394,C
7.35643721,0.55861312151,2023-02-22T18:05:41Z,144.8782075246111,46,100.00019836,0.14683355688475236,0.16720721417466936,0.1461950776818394,C
8.57697582,1.2639541626,2023-02-22T18:05:41Z,144.8782075246111,46,100.00019836,0.14683355688475236,0.16720721417466936,0.1461950776818394,C
10.00002003,2.36498713493,2023-02-22T18:05:41Z,144.8782075246111,46,100.00019836,0.14683355688475236,0.16720721417466936,0.1461950776818394,C
11.65916729,3.81066513062,2023-02-22T18:05:41Z,144.8782075246111,46,100.00019836,0.14683355688475236,0.16720721417466936,0.1461950776818394,C
13.59359074,5.34713745117,2023-02-22T18:05:41Z,144.8782075246111,46,100.00019836,0.14683355688475236,0.16720721417466936,0.1461950776818394,C
15.84896278,6.47526884079,2023-02-22T18:05:41Z,144.8782075246111,46,100.00019836,0.14683355688475236,0.16720721417466936,0.1461950776818394,C
18.47853470,6.55922079086,2023-02-22T18:05:41Z,144.8782075246111,46,100.00019836,0.14683355688475236,0.16720721417466936,0.1461950776818394,C
21.54438972,5.16684865952,2023-02-22T18:05:41Z,144.8782075246111,46,100.00019836,0.14683355688475236,0.16720721417466936,0.1461950776818394,C
25.11891365,2.61229920387,2023-02-22T18:05:41Z,144.8782075246111,46,100.00019836,0.14683355688475236,0.16720721417466936,0.1461950776818394,C
29.28650284,0.312677383423,2023-02-22T18:05:41Z,144.8782075246111,46,100.00019836,0.14683355688475236,0.16720721417466936,0.1461950776818394,C
34.14555740,0,2023-02-22T18:05:41Z,144.8782075246111,46,100.00019836,0.14683355688475236,0.16720721417466936,0.1461950776818394,C
39.81079483,0,2023-02-22T18:05:41Z,144.8782075246111,46,100.00019836,0.14683355688475236,0.16720721417466936,0.1461950776818394,C
46.41598129,0,2023-02-22T18:05:41Z,144.8782075246111,46,100.00019836,0.14683355688475236,0.16720721417466936,0.1461950776818394,C
54.11705780,0,2023-02-22T18:05:41Z,144.8782075246111,46,100.00019836,0.14683355688475236,0.16720721417466936,0.1461950776818394,C
63.09585953,0,2023-02-22T18:05:41Z,144.8782075246111,46,100.00019836,0.14683355688475236,0.16720721417466936,0.1461950776818394,C
73.56436920,0,2023-02-22T18:05:41Z,144.8782075246111,46,100.00019836,0.14683355688475236,0.16720721417466936,0.1461950776818394,C
85.76976013,0,2023-02-22T18:05:41Z,144.8782075246111,46,100.00019836,0.14683355688475236,0.16720721417466936,0.1461950776818394,C
100.00019836,50.6301765442,2023-02-22T18:05:41Z,144.8782075246111,46,100.00019836,0.14683355688475236,0.16720721417466936,0.1461950776818394,C
116.59166718,0,2023-02-22T18:05:41Z,144.8782075246111,46,100.00019836,0.14683355688475236,0.16720721417466936,0.1461950776818394,C
135.93591309,0,2023-02-22T18:05:41Z,144.8782075246111,46,100.00019836,0.14683355688475236,0.16720721417466936,0.1461950776818394,C
158.48962402,0,2023-02-22T18:05:41Z,144.8782075246111,46,100.00019836,0.14683355688475236,0.16720721417466936,0.1461950776818394,C
184.78533936,0,2023-02-22T18:05:41Z,144.8782075246111,46,100.00019836,0.14683355688475236,0.16720721417466936,0.1461950776818394,C
215.44389343,0,2023-02-22T18:05:41Z,144.8782075246111,46,100.00019836,0.14683355688475236,0.16720721417466936,0.1461950776818394,C
251.18913269,0,2023-02-22T18:05:41Z,144.8782075246111,46,100.00019836,0.14683355688475236,0.16720721417466936,0.1461950776818394,C
292.86502075,0,2023-02-22T18:05:41Z,144.8782075246111,46,100.00019836,0.14683355688475236,0.16720721417466936,0.1461950776818394,C
341.45556641,0,2023-02-22T18:05:41Z,144.8782075246111,46,100.00019836,0.14683355688475236,0.16720721417466936,0.1461950776818394,C
398.10794067,0,2023-02-22T18:05:41Z,144.8782075246111,46,100.00019836,0.14683355688475236,0.16720721417466936,0.1461950776818394,C
464.15979004,0,2023-02-22T18:05:41Z,144.8782075246111,46,100.00019836,0.14683355688475236,0.16720721417466936,0.1461950776818394,C
541.17059326,0,2023-02-22T18:05:41Z,144.8782075246111,46,100.00019836,0.14683355688475236,0.16720721417466936,0.1461950776818394,C
630.95855713,0,2023-02-22T18:05:41Z,144.8782075246111,46,100.00019836,0.14683355688475236,0.16720721417466936,0.1461950776818394,C
735.64367676,0,2023-02-22T18:05:41Z,144.8782075246111,46,100.00019836,0.14683355688475236,0.16720721417466936,0.1461950776818394,C
857.69757080,0,2023-02-22T18:05:41Z,144.8782075246111,46,100.00019836,0.14683355688475236,0.16720721417466936,0.1461950776818394,C
1000.00195313,0,2023-02-22T18:05:41Z,144.8782075246111,46,100.00019836,0.14683355688475236,0.16720721417466936,0.1461950776818394,C
0.10000020,0,2023-02-22T18:05:42Z,167.58267487419445,46,100.00019836,0.154359209692438,0.16648579066745628,0.152594263926117,B
0.11659167,0,2023-02-22T18:05:42Z,167.58267487419445,46,100.00019836,0.154359209692438,0.16648579066745628,0.152594263926117,B
0.13593590,0,2023-02-22T18:05:42Z,167.58267487419445,46,100.00019836,0.154359209692438,0.16648579066745628,0.152594263926117,B
0.15848963,0,2023-02-22T18:05:42Z,167.58267487419445,46,100.00019836,0.154359209692438,0.16648579066745628,0.152594263926117,B
0.18478534,0,2023-02-22T18:05:42Z,167.58267487419445,46,100.00019836,0.154359209692438,0.16648579066745628,0.152594263926117,B
0.21544389,0,2023-02-22T18:05:42Z,167.58267487419445,46,100.00019836,0.154359209692438,0.16648579066745628,0.152594263926117,B
0.25118914,0,2023-02-22T18:05:42Z,167.58267487419445,46,100.00019836,0.154359209692438,0.16648579066745628,0.152594263926117,B
0.29286504,0,2023-02-22T18:05:42Z,167.58267487419445,46,100.00019836,0.154359209692438,0.16648579066745628,0.152594263926117,B
0.34145555,0,2023-02-22T18:05:42Z,167.58267487419445,46,100.00019836,0.154359209692438,0.16648579066745628,0.152594263926117,B
0.39810795,0,2023-02-22T18:05:42Z,167.58267487419445,46,100.00019836,0.154359209692438,0.16648579066745628,0.152594263926117,B
0.46415979,0,2023-02-22T18:05:42Z,167.58267487419445,46,100.00019836,0.154359209692438,0.16648579066745628,0.152594263926117,B
0.54117060,0,2023-02-22T18:05:42Z,167.58267487419445,46,100.00019836,0.154359209692438,0.16648579066745628,0.152594263926117,B
0.63095856,0,2023-02-22T18:05:42Z,167.58267487419445,46,100.00019836,0.154359209692438,0.16648579066745628,0.152594263926117,B
0.73564368,0,2023-02-22T18:05:42Z,167.58267487419445,46,100.00019836,0.154359209692438,0.16648579066745628,0.152594263926117,B
0.85769761,0,2023-02-22T18:05:42Z,167.58267487419445,46,100.00019836,0.154359209692438,0.16648579066745628,0.152594263926117,B
1.00000191,0.0128801241517,2023-02-22T18:05:42Z,167.58267487419445,46,100.00019836,0.154359209692438,0.16648579066745628,0.152594263926117,B
1.16591668,1.13598906994,2023-02-22T18:05:42Z,167.58267487419445,46,100.00019836,0.154359209692438,0.16648579066745628,0.152594263926117,B
1.35935903,5.90560150146,2023-02-22T18:05:42Z,167.58267487419445,46,100.00019836,0.154359209692438,0.16648579066745628,0.152594263926117,B
1.58489633,6.28390073776,2023-02-22T18:05:42Z,167.58267487419445,46,100.00019836,0.154359209692438,0.16648579066745628,0.152594263926117,B
1.84785342,1.9210549593,2023-02-22T18:05:42Z,167.58267487419445,46,100.00019836,0.154359209692438,0.16648579066745628,0.152594263926117,B
2.15443897,0.173236131668,2023-02-22T18:05:42Z,167.58267487419445,46,100.00019836,0.154359209692438,0.16648579066745628,0.152594263926117,B
2.51189137,0.00325557007454,2023-02-22T18:05:42Z,167.58267487419445,46,100.00019836,0.154359209692438,0.16648579066745628,0.152594263926117,B
2.92865038,2.87488956019e-6,2023-02-22T18:05:42Z,167.58267487419445,46,100.00019836,0.154359209692438,0.16648579066745628,0.152594263926117,B
3.41455555,0,2023-02-22T18:05:42Z,167.58267487419445,46,100.00019836,0.154359209692438,0.16648579066745628,0.152594263926117,B
3.98107958,0,2023-02-22T18:05:42Z,167.58267487419445,46,100.00019836,0.154359209692438,0.16648579066745628,0.152594263926117,B
4.64159775,0,2023-02-22T18:05:42Z,167.58267487419445,46,100.00019836,0.154359209692438,0.16648579066745628,0.152594263926117,B
5.41170597,0.00530265038833,2023-02-22T18:05:42Z,167.58267487419445,46,100.00019836,0.154359209692438,0.16648579066745628,0.152594263926117,B
6.30958605,0.0748614147305,2023-02-22T18:05:42Z,167.58267487419445,46,100.00019836,0.154359209692438,0.16648579066745628,0.152594263926117,B
7.35643721,0.305291652679,2023-02-22T18:05:42Z,167.58267487419445,46,100.00019836,0.154359209692438,0.16648579066745628,0.152594263926117,B
8.57697582,0.827202379704,2023-02-22T18:05:42Z,167.58267487419445,46,100.00019836,0.154359209692438,0.16648579066745628,0.152594263926117,B
10.00002003,1.76990008354,2023-02-22T18:05:42Z,167.58267487419445,46,100.00019836,0.154359209692438,0.16648579066745628,0.152594263926117,B
11.65916729,3.17589521408,2023-02-22T18:05:42Z,167.58267487419445,46,100.00019836,0.154359209692438,0.16648579066745628,0.152594263926117,B
13.59359074,4.86992502213,2023-02-22T18:05:42Z,167.58267487419445,46,100.00019836,0.154359209692438,0.16648579066745628,0.152594263926117,B
15.84896278,6.34277105331,2023-02-22T18:05:42Z,167.58267487419445,46,100.00019836,0.154359209692438,0.16648579066745628,0.152594263926117,B
18.47853470,6.81221628189,2023-02-22T18:05:42Z,167.58267487419445,46,100.00019836,0.154359209692438,0.16648579066745628,0.152594263926117,B
21.54438972,5.63090753555,2023-02-22T18:05:42Z,167.58267487419445,46,100.00019836,0.154359209692438,0.16648579066745628,0.152594263926117,B
25.11891365,3.02978420258,2023-02-22T18:05:42Z,167.58267487419445,46,100.00019836,0.154359209692438,0.16648579066745628,0.152594263926117,B
29.28650284,0.565219342709,2023-02-22T18:05:42Z,167.58267487419445,46,100.00019836,0.154359209692438,0.16648579066745628,0.152594263926117,B
34.14555740,0,2023-02-22T18:05:42Z,167.58267487419445,46,100.00019836,0.154359209692438,0.16648579066745628,0.152594263926117,B
39.81079483,0,2023-02-22T18:05:42Z,167.58267487419445,46,100.00019836,0.154359209692438,0.16648579066745628,0.152594263926117,B
46.41598129,0,2023-02-22T18:05:42Z,167.58267487419445,46,100.00019836,0.154359209692438,0.16648579066745628,0.152594263926117,B
54.11705780,0,2023-02-22T18:05:42Z,167.58267487419445,46,100.00019836,0.154359209692438,0.16648579066745628,0.152594263926117,B
63.09585953,0,2023-02-22T18:05:42Z,167.58267487419445,46,100.00019836,0.154359209692438,0.16648579066745628,0.152594263926117,B
73.56436920,0,2023-02-22T18:05:42Z,167.58267487419445,46,100.00019836,0.154359209692438,0.16648579066745628,0.152594263926117,B
85.76976013,0,2023-02-22T18:05:42Z,167.58267487419445,46,100.00019836,0.154359209692438,0.16648579066745628,0.152594263926117,B
100.00019836,51.1548042297,2023-02-22T18:05:42Z,167.58267487419445,46,100.00019836,0.154359209692438,0.16648579066745628,0.152594263926117,B
116.59166718,0,2023-02-22T18:05:42Z,167.58267487419445,46,100.00019836,0.154359209692438,0.16648579066745628,0.152594263926117,B
135.93591309,0,2023-02-22T18:05:42Z,167.58267487419445,46,100.00019836,0.154359209692438,0.16648579066745628,0.152594263926117,B
158.48962402,0,2023-02-22T18:05:42Z,167.58267487419445,46,100.00019836,0.154359209692438,0.16648579066745628,0.152594263926117,B
184.78533936,0,2023-02-22T18:05:42Z,167.58267487419445,46,100.00019836,0.154359209692438,0.16648579066745628,0.152594263926117,B
215.44389343,0,2023-02-22T18:05:42Z,167.58267487419445,46,100.00019836,0.154359209692438,0.16648579066745628,0.152594263926117,B
251.18913269,0,2023-02-22T18:05:42Z,167.58267487419445,46,100.00019836,0.154359209692438,0.16648579066745628,0.152594263926117,B
292.86502075,0,2023-02-22T18:05:42Z,167.58267487419445,46,100.00019836,0.154359209692438,0.16648579066745628,0.152594263926117,B
341.45556641,0,2023-02-22T18:05:42Z,167.58267487419445,46,100.00019836,0.154359209692438,0.16648579066745628,0.152594263926117,B
398.10794067,0,2023-02-22T18:05:42Z,167.58267487419445,46,100.00019836,0.154359209692438,0.16648579066745628,0.152594263926117,B
464.15979004,0,2023-02-22T18:05:42Z,167.58267487419445,46,100.00019836,0.154359209692438,0.16648579066745628,0.152594263926117,B
541.17059326,0,2023-02-22T18:05:42Z,167.58267487419445,46,100.00019836,0.154359209692438,0.16648579066745628,0.152594263926117,B
630.95855713,0,2023-02-22T18:05:42Z,167.58267487419445,46,100.00019836,0.154359209692438,0.16648579066745628,0.152594263926117,B
735.64367676,0,2023-02-22T18:05:42Z,167.58267487419445,46,100.00019836,0.154359209692438,0.16648579066745628,0.152594263926117,B
857.69757080,0,2023-02-22T18:05:42Z,167.58267487419445,46,100.00019836,0.154359209692438,0.16648579066745628,0.152594263926117,B
1000.00195313,0,2023-02-22T18:05:42Z,167.58267487419445,46,100.00019836,0.154359209692438,0.16648579066745628,0.152594263926117,B
0.10000020,0,2023-02-22T18:05:43Z,172.8315601348889,37,25.11891365,0.16971924913752623,0.19154149831906522,0.16371643751856002,B
0.11659167,0,2023-02-22T18:05:43Z,172.8315601348889,37,25.11891365,0.16971924913752623,0.19154149831906522,0.16371643751856002,B
0.13593590,0,2023-02-22T18:05:43Z,172.8315601348889,37,25.11891365,0.16971924913752623,0.19154149831906522,0.16371643751856002,B
0.15848963,0,2023-02-22T18:05:43Z,172.8315601348889,37,25.11891365,0.16971924913752623,0.19154149831906522,0.16371643751856002,B
0.18478534,0,2023-02-22T18:05:43Z,172.8315601348889,37,25.11891365,0.16971924913752623,0.19154149831906522,0.16371643751856002,B
0.21544389,0,2023-02-22T18:05:43Z,172.8315601348889,37,25.11891365,0.16971924913752623,0.19154149831906522,0.16371643751856002,B
0.25118914,0,2023-02-22T18:05:43Z,172.8315601348889,37,25.11891365,0.16971924913752623,0.19154149831906522,0.16371643751856002,B
0.29286504,0,2023-02-22T18:05:43Z,172.8315601348889,37,25.11891365,0.16971924913752623,0.19154149831906522,0.16371643751856002,B
0.34145555,0,2023-02-22T18:05:43Z,172.8315601348889,37,25.11891365,0.16971924913752623,0.19154149831906522,0.16371643751856002,B
0.39810795,0,2023-02-22T18:05:43Z,172.8315601348889,37,25.11891365,0.16971924913752623,0.19154149831906522,0.16371643751856002,B
0.46415979,0,2023-02-22T18:05:43Z,172.8315601348889,37,25.11891365,0.16971924913752623,0.19154149831906522,0.16371643751856002,B
0.54117060,0,2023-02-22T18:05:43Z,172.8315601348889,37,25.11891365,0.16971924913752623,0.19154149831906522,0.16371643751856002,B
0.63095856,0,2023-02-22T18:05:43Z,172.8315601348889,37,25.11891365,0.16971924913752623,0.19154149831906522,0.16371643751856002,B
0.73564368,0,2023-02-22T18:05:43Z,172.8315601348889,37,25.11891365,0.16971924913752623,0.19154149831906522,0.16371643751856002,B
0.85769761,0,2023-02-22T18:05:43Z,172.8315601348889,37,25.11891365,0.16971924913752623,0.19154149831906522,0.16371643751856002,B
1.00000191,0.139584988356,2023-02-22T18:05:43Z,172.8315601348889,37,25.11891365,0.16971924913752623,0.19154149831906522,0.16371643751856002,B
1.16591668,2.15242624283,2023-02-22T18:05:43Z,172.8315601348889,37,25.11891365,0.16971924913752623,0.19154149831906522,0.16371643751856002,B
1.35935903,5.75272274017,2023-02-22T18:05:43Z,172.8315601348889,37,25.11891365,0.16971924913752623,0.19154149831906522,0.16371643751856002,B
1.58489633,5.72022294998,2023-02-22T18:05:43Z,172.8315601348889,37,25.11891365,0.16971924913752623,0.19154149831906522,0.16371643751856002,B
1.84785342,2.60668683052,2023-02-22T18:05:43Z,172.8315601348889,37,25.11891365,0.16971924913752623,0.19154149831906522,0.16371643751856002,B
2.15443897,0.554678440094,2023-02-22T18:05:43Z,172.8315601348889,37,25.11891365,0.16971924913752623,0.19154149831906522,0.16371643751856002,B
2.51189137,0.0450027100742,2023-02-22T18:05:43Z,172.8315601348889,37,25.11891365,0.16971924913752623,0.19154149831906522,0.16371643751856002,B
2.92865038,6.00011728238e-4,2023-02-22T18:05:43Z,172.8315601348889,37,25.11891365,0.16971924913752623,0.19154149831906522,0.16371643751856002,B
3.41455555,1.85662141043e-13,2023-02-22T18:05:43Z,172.8315601348889,37,25.11891365,0.16971924913752623,0.19154149831906522,0.16371643751856002,B
3.98107958,0,2023-02-22T18:05:43Z,172.8315601348889,37,25.11891365,0.16971924913752623,0.19154149831906522,0.16371643751856002,B
4.64159775,0,2023-02-22T18:05:43Z,172.8315601348889,37,25.11891365,0.16971924913752623,0.19154149831906522,0.16371643751856002,B
5.41170597,0.0416878350079,2023-02-22T18:05:43Z,172.8315601348889,37,25.11891365,0.16971924913752623,0.19154149831906522,0.16371643751856002,B
6.30958605,0.21860909462,2023-02-22T18:05:43Z,172.8315601348889,37,25.11891365,0.16971924913752623,0.19154149831906522,0.16371643751856002,B
7.35643721,0.613542854786,2023-02-22T18:05:43Z,172.8315601348889,37,25.11891365,0.16971924913752623,0.19154149831906522,0.16371643751856002,B
8.57697582,1.30838513374,2023-02-22T18:05:43Z,172.8315601348889,37,25.11891365,0.16971924913752623,0.19154149831906522,0.16371643751856002,B
10.00002003,2.34669733047,2023-02-22T18:05:43Z,172.8315601348889,37,25.11891365,0.16971924913752623,0.19154149831906522,0.16371643751856002,B
11.65916729,3.68099927902,2023-02-22T18:05:43Z,172.8315601348889,37,25.11891365,0.16971924913752623,0.19154149831906522,0.16371643751856002,B
13.59359074,5.11265039444,2023-02-22T18:05:43Z,172.8315601348889,37,25.11891365,0.16971924913752623,0.19154149831906522,0.16371643751856002,B
15.84896278,6.25406932831,2023-02-22T18:05:43Z,172.8315601348889,37,25.11891365,0.16971924913752623,0.19154149831906522,0.16371643751856002,B
18.47853470,6.58456754684,2023-02-22T18:05:43Z,172.8315601348889,37,25.11891365,0.16971924913752623,0.19154149831906522,0.16371643751856002,B
21.54438972,5.66368913651,2023-02-22T18:05:43Z,172.8315601348889,37,25.11891365,0.16971924913752623,0.19154149831906522,0.16371643751856002,B
25.11891365,3.52786326408,2023-02-22T18:05:43Z,172.8315601348889,37,25.11891365,0.16971924913752623,0.19154149831906522,0.16371643751856002,B
29.28650284,1.07249474525,2023-02-22T18:05:43Z,172.8315601348889,37,25.11891365,0.16971924913752623,0.19154149831906522,0.16371643751856002,B
34.14555740,0,2023-02-22T18:05:43Z,172.8315601348889,37,25.11891365,0.16971924913752623,0.19154149831906522,0.16371643751856002,B
39.81079483,0,2023-02-22T18:05:43Z,172.8315601348889,37,25.11891365,0.16971924913752623,0.19154149831906522,0.16371643751856002,B
46.41598129,0,2023-02-22T18:05:43Z,172.8315601348889,37,25.11891365,0.16971924913752623,0.19154149831906522,0.16371643751856002,B
54.11705780,0,2023-02-22T18:05:43Z,172.8315601348889,37,25.11891365,0.16971924913752623,0.19154149831906522,0.16371643751856002,B
63.09585953,0,2023-02-22T18:05:43Z,172.8315601348889,37,25.11891365,0.16971924913752623,0.19154149831906522,0.16371643751856002,B
73.56436920,0,2023-02-22T18:05:43Z,172.8315601348889,37,25.11891365,0.16971924913752623,0.19154149831906522,0.16371643751856002,B
85.76976013,0,2023-02-22T18:05:43Z,172.8315601348889,37,25.11891365,0.16971924913752623,0.19154149831906522,0.16371643751856002,B
100.00019836,46.6028175354,2023-02-22T18:05:43Z,172.8315601348889,37,25.11891365,0.16971924913752623,0.19154149831906522,0.16371643751856002,B
116.59166718,0,2023-02-22T18:05:43Z,172.8315601348889,37,25.11891365,0.16971924913752623,0.19154149831906522,0.16371643751856002,B
135.93591309,0,2023-02-22T18:05:43Z,172.8315601348889,37,25.11891365,0.16971924913752623,0.19154149831906522,0.16371643751856002,B
158.48962402,0,2023-02-22T18:05:43Z,172.8315601348889,37,25.11891365,0.16971924913752623,0.19154149831906522,0.16371643751856002,B
184.78533936,0,2023-02-22T18:05:43Z,172.8315601348889,37,25.11891365,0.16971924913752623,0.19154149831906522,0.16371643751856002,B
215.44389343,0,2023-02-22T18:05:43Z,172.8315601348889,37,25.11891365,0.16971924913752623,0.19154149831906522,0.16371643751856002,B
251.18913269,0,2023-02-22T18:05:43Z,172.8315601348889,37,25.11891365,0.16971924913752623,0.19154149831906522,0.16371643751856002,B
292.86502075,0,2023-02-22T18:05:43Z,172.8315601348889,37,25.11891365,0.16971924913752623,0.19154149831906522,0.16371643751856002,B
341.45556641,0,2023-02-22T18:05:43Z,172.8315601348889,37,25.11891365,0.16971924913752623,0.19154149831906522,0.16371643751856002,B
398.10794067,0,2023-02-22T18:05:43Z,172.8315601348889,37,25.11891365,0.16971924913752623,0.19154149831906522,0.16371643751856002,B
464.15979004,0,2023-02-22T18:05:43Z,172.8315601348889,37,25.11891365,0.16971924913752623,0.19154149831906522,0.16371643751856002,B
541.17059326,0,2023-02-22T18:05:43Z,172.8315601348889,37,25.11891365,0.16971924913752623,0.19154149831906522,0.16371643751856002,B
630.95855713,0,2023-02-22T18:05:43Z,172.8315601348889,37,25.11891365,0.16971924913752623,0.19154149831906522,0.16371643751856002,B
735.64367676,0,2023-02-22T18:05:43Z,172.8315601348889,37,25.11891365,0.16971924913752623,0.19154149831906522,0.16371643751856002,B
857.69757080,0,2023-02-22T18:05:43Z,172.8315601348889,37,25.11891365,0.16971924913752623,0.19154149831906522,0.16371643751856002,B
1000.00195313,0,2023-02-22T18:05:43Z,172.8315601348889,37,25.11891365,0.16971924913752623,0.19154149831906522,0.16371643751856002,B
0.10000020,0,2023-02-22T18:05:44Z,137.02474265630835,46,100.00019836,0.14556085768955979,0.15393576368558778,0.1454218377685364,C
0.11659167,0,2023-02-22T18:05:44Z,137.02474265630835,46,100.00019836,0.14556085768955979,0.15393576368558778,0.1454218377685364,C
0.13593590,0,2023-02-22T18:05:44Z,137.02474265630835,46,100.00019836,0.14556085768955979,0.15393576368558778,0.1454218377685364,C
0.15848963,0,2023-02-22T18:05:44Z,137.02474265630835,46,100.00019836,0.14556085768955979,0.15393576368558778,0.1454218377685364,C
0.18478534,0,2023-02-22T18:05:44Z,137.02474265630835,46,100.00019836,0.14556085768955979,0.15393576368558778,0.1454218377685364,C
0.21544389,0,2023-02-22T18:05:44Z,137.02474265630835,46,100.00019836,0.14556085768955979,0.15393576368558778,0.1454218377685364,C
0.25118914,0,2023-02-22T18:05:44Z,137.02474265630835,46,100.00019836,0.14556085768955979,0.15393576368558778,0.1454218377685364,C
0.29286504,0,2023-02-22T18:05:44Z,137.02474265630835,46,100.00019836,0.14556085768955979,0.15393576368558778,0.1454218377685364,C
0.34145555,0,2023-02-22T18:05:44Z,137.02474265630835,46,100.00019836,0.14556085768955979,0.15393576368558778,0.1454218377685364,C
0.39810795,0,2023-02-22T18:05:44Z,137.02474265630835,46,100.00019836,0.14556085768955979,0.15393576368558778,0.1454218377685364,C
0.46415979,0,2023-02-22T18:05:44Z,137.02474265630835,46,100.00019836,0.14556085768955979,0.15393576368558778,0.1454218377685364,C
0.54117060,0,2023-02-22T18:05:44Z,137.02474265630835,46,100.00019836,0.14556085768955979,0.15393576368558778,0.1454218377685364,C
0.63095856,0,2023-02-22T18:05:44Z,137.02474265630835,46,100.00019836,0.14556085768955979,0.15393576368558778,0.1454218377685364,C
0.73564368,0,2023-02-22T18:05:44Z,137.02474265630835,46,100.00019836,0.14556085768955979,0.15393576368558778,0.1454218377685364,C
0.85769761,0,2023-02-22T18:05:44Z,137.02474265630835,46,100.00019836,0.14556085768955979,0.15393576368558778,0.1454218377685364,C
1.00000191,0.0017020902596400001,2023-02-22T18:05:44Z,137.02474265630835,46,100.00019836,0.14556085768955979,0.15393576368558778,0.1454218377685364,C
1.16591668,0.927430272102,2023-02-22T18:05:44Z,137.02474265630835,46,100.00019836,0.14556085768955979,0.15393576368558778,0.1454218377685364,C
1.35935903,7.29345369339,2023-02-22T18:05:44Z,137.02474265630835,46,100.00019836,0.14556085768955979,0.15393576368558778,0.1454218377685364,C
1.58489633,5.61943626404,2023-02-22T18:05:44Z,137.02474265630835,46,100.00019836,0.14556085768955979,0.15393576368558778,0.1454218377685364,C
1.84785342,0.700161457062,2023-02-22T18:05:44Z,137.02474265630835,46,100.00019836,0.14556085768955979,0.15393576368558778,0.1454218377685364,C
2.15443897,0.013880959712,2023-02-22T18:05:44Z,137.02474265630835,46,100.00019836,0.14556085768955979,0.15393576368558778,0.1454218377685364,C
2.51189137,2.1032325094e-5,2023-02-22T18:05:44Z,137.02474265630835,46,100.00019836,0.14556085768955979,0.15393576368558778,0.1454218377685364,C
2.92865038,6.52431442205e-11,2023-02-22T18:05:44Z,137.02474265630835,46,100.00019836,0.14556085768955979,0.15393576368558778,0.1454218377685364,C
3.41455555,0,2023-02-22T18:05:44Z,137.02474265630835,46,100.00019836,0.14556085768955979,0.15393576368558778,0.1454218377685364,C
3.98107958,0,2023-02-22T18:05:44Z,137.02474265630835,46,100.00019836,0.14556085768955979,0.15393576368558778,0.1454218377685364,C
4.64159775,0,2023-02-22T18:05:44Z,137.02474265630835,46,100.00019836,0.14556085768955979,0.15393576368558778,0.1454218377685364,C
5.41170597,0,2023-02-22T18:05:44Z,137.02474265630835,46,100.00019836,0.14556085768955979,0.15393576368558778,0.1454218377685364,C
6.30958605,0.0334035418928,2023-02-22T18:05:44Z,137.02474265630835,46,100.00019836,0.14556085768955979,0.15393576368558778,0.1454218377685364,C
7.35643721,0.192094281316,2023-02-22T18:05:44Z,137.02474265630835,46,100.00019836,0.14556085768955979,0.15393576368558778,0.1454218377685364,C
8.57697582,0.611992776394,2023-02-22T18:05:44Z,137.02474265630835,46,100.00019836,0.14556085768955979,0.15393576368558778,0.1454218377685364,C
10.00002003,1.4538410902,2023-02-22T18:05:44Z,137.02474265630835,46,100.00019836,0.14556085768955979,0.15393576368558778,0.1454218377685364,C
11.65916729,2.80176401138,2023-02-22T18:05:44Z,137.02474265630835,46,100.00019836,0.14556085768955979,0.15393576368558778,0.1454218377685364,C
13.59359074,4.48382663727,2023-02-22T18:05:44Z,137.02474265630835,46,100.00019836,0.14556085768955979,0.15393576368558778,0.1454218377685364,C
15.84896278,5.89710378647,2023-02-22T18:05:44Z,137.02474265630835,46,100.00019836,0.14556085768955979,0.15393576368558778,0.1454218377685364,C
18.47853470,6.07940530777,2023-02-22T18:05:44Z,137.02474265630835,46,100.00019836,0.14556085768955979,0.15393576368558778,0.1454218377685364,C
21.54438972,4.30787372589,2023-02-22T18:05:44Z,137.02474265630835,46,100.00019836,0.14556085768955979,0.15393576368558778,0.1454218377685364,C
25.11891365,1.24673068523,2023-02-22T18:05:44Z,137.02474265630835,46,100.00019836,0.14556085768955979,0.15393576368558778,0.1454218377685364,C
29.28650284,0,2023-02-22T18:05:44Z,137.02474265630835,46,100.00019836,0.14556085768955979,0.15393576368558778,0.1454218377685364,C
34.14555740,0,2023-02-22T18:05:44Z,137.02474265630835,46,100.00019836,0.14556085768955979,0.15393576368558778,0.1454218377685364,C
39.81079483,0,2023-02-22T18:05:44Z,137.02474265630835,46,100.00019836,0.14556085768955979,0.15393576368558778,0.1454218377685364,C
46.41598129,0,2023-02-22T18:05:44Z,137.02474265630835,46,100.00019836,0.14556085768955979,0.15393576368558778,0.1454218377685364,C
54.11705780,0,2023-02-22T18:05:44Z,137.02474265630835,46,100.00019836,0.14556085768955979,0.15393576368558778,0.1454218377685364,C
63.09585953,0,2023-02-22T18:05:44Z,137.02474265630835,46,100.00019836,0.14556085768955979,0.15393576368558778,0.1454218377685364,C
73.56436920,0,2023-02-22T18:05:44Z,137.02474265630835,46,100.00019836,0.14556085768955979,0.15393576368558778,0.1454218377685364,C
85.76976013,0,2023-02-22T18:05:44Z,137.02474265630835,46,100.00019836,0.14556085768955979,0.15393576368558778,0.1454218377685364,C
100.00019836,58.3358764648,2023-02-22T18:05:44Z,137.02474265630835,46,100.00019836,0.14556085768955979,0.15393576368558778,0.1454218377685364,C
116.59166718,0,2023-02-22T18:05:44Z,137.02474265630835,46,100.00019836,0.14556085768955979,0.15393576368558778,0.1454218377685364,C
135.93591309,0,2023-02-22T18:05:44Z,137.02474265630835,46,100.00019836,0.14556085768955979,0.15393576368558778,0.1454218377685364,C
158.48962402,0,2023-02-22T18:05:44Z,137.02474265630835,46,100.00019836,0.14556085768955979,0.15393576368558778,0.1454218377685364,C
184.78533936,0,2023-02-22T18:05:44Z,137.02474265630835,46,100.00019836,0.14556085768955979,0.15393576368558778,0.1454218377685364,C
215.44389343,0,2023-02-22T18:05:44Z,137.02474265630835,46,100.00019836,0.14556085768955979,0.15393576368558778,0.1454218377685364,C
251.18913269,0,2023-02-22T18:05:44Z,137.02474265630835,46,100.00019836,0.14556085768955979,0.15393576368558778,0.1454218377685364,C
292.86502075,0,2023-02-22T18:05:44Z,137.02474265630835,46,100.00019836,0.14556085768955979,0.15393576368558778,0.1454218377685364,C
341.45556641,0,2023-02-22T18:05:44Z,137.02474265630835,46,100.00019836,0.14556085768955979,0.15393576368558778,0.1454218377685364,C
398.10794067,0,2023-02-22T18:05:44Z,137.02474265630835,46,100.00019836,0.14556085768955979,0.15393576368558778,0.1454218377685364,C
464.15979004,0,2023-02-22T18:05:44Z,137.02474265630835,46,100.00019836,0.14556085768955979,0.15393576368558778,0.1454218377685364,C
541.17059326,0,2023-02-22T18:05:44Z,137.02474265630835,46,100.00019836,0.14556085768955979,0.15393576368558778,0.1454218377685364,C
630.95855713,0,2023-02-22T18:05:44Z,137.02474265630835,46,100.00019836,0.14556085768955979,0.15393576368558778,0.1454218377685364,C
735.64367676,0,2023-02-22T18:05:44Z,137.02474265630835,46,100.00019836,0.14556085768955979,0.15393576368558778,0.1454218377685364,C
857.69757080,0,2023-02-22T18:05:44Z,137.02474265630835,46,100.00019836,0.14556085768955979,0.15393576368558778,0.1454218377685364,C
1000.00195313,0,2023-02-22T18:05:44Z,137.02474265630835,46,100.00019836,0.14556085768955979,0.15393576368558778,0.1454218377685364,C
0.10000020,0,2023-02-22T18:05:45Z,188.29823811851944,46,100.00019836,0.1261183622636569,0.1418411022954139,0.12611833259183367,B
0.11659167,0,2023-02-22T18:05:45Z,188.29823811851944,46,100.00019836,0.1261183622636569,0.1418411022954139,0.12611833259183367,B
0.13593590,0,2023-02-22T18:05:45Z,188.29823811851944,46,100.00019836,0.1261183622636569,0.1418411022954139,0.12611833259183367,B
0.15848963,0,2023-02-22T18:05:45Z,188.29823811851944,46,100.00019836,0.1261183622636569,0.1418411022954139,0.12611833259183367,B
0.18478534,0,2023-02-22T18:05:45Z,188.29823811851944,46,100.00019836,0.1261183622636569,0.1418411022954139,0.12611833259183367,B
0.21544389,0,2023-02-22T18:05:45Z,188.29823811851944,46,100.00019836,0.1261183622636569,0.1418411022954139,0.12611833259183367,B
0.25118914,0,2023-02-22T18:05:45Z,188.29823811851944,46,100.00019836,0.1261183622636569,0.1418411022954139,0.12611833259183367,B
0.29286504,0,2023-02-22T18:05:45Z,188.29823811851944,46,100.00019836,0.1261183622636569,0.1418411022954139,0.12611833259183367,B
0.34145555,0,2023-02-22T18:05:45Z,188.29823811851944,46,100.00019836,0.1261183622636569,0.1418411022954139,0.12611833259183367,B
0.39810795,0,2023-02-22T18:05:45Z,188.29823811851944,46,100.00019836,0.1261183622636569,0.1418411022954139,0.12611833259183367,B
0.46415979,0,2023-02-22T18:05:45Z,188.29823811851944,46,100.00019836,0.1261183622636569,0.1418411022954139,0.12611833259183367,B
0.54117060,0,2023-02-22T18:05:45Z,188.29823811851944,46,100.00019836,0.1261183622636569,0.1418411022954139,0.12611833259183367,B
0.63095856,0,2023-02-22T18:05:45Z,188.29823811851944,46,100.00019836,0.1261183622636569,0.1418411022954139,0.12611833259183367,B
0.73564368,0,2023-02-22T18:05:45Z,188.29823811851944,46,100.00019836,0.1261183622636569,0.1418411022954139,0.12611833259183367,B
0.85769761,0,2023-02-22T18:05:45Z,188.29823811851944,46,100.00019836,0.1261183622636569,0.1418411022954139,0.12611833259183367,B
1.00000191,4.81498680927e-8,2023-02-22T18:05:45Z,188.29823811851944,46,100.00019836,0.1261183622636569,0.1418411022954139,0.12611833259183367,B
1.16591668,0.0696203112602,2023-02-22T18:05:45Z,188.29823811851944,46,100.00019836,0.1261183622636569,0.1418411022954139,0.12611833259183367,B
1.35935903,8.1790189743,2023-02-22T18:05:45Z,188.29823811851944,46,100.00019836,0.1261183622636569,0.1418411022954139,0.12611833259183367,B
1.58489633,4.33268785477,2023-02-22T18:05:45Z,188.29823811851944,46,100.00019836,0.1261183622636569,0.1418411022954139,0.12611833259183367,B
1.84785342,0.0305060707033,2023-02-22T18:05:45Z,188.29823811851944,46,100.00019836,0.1261183622636569,0.1418411022954139,0.12611833259183367,B
2.15443897,2.96718121717e-6,2023-02-22T18:05:45Z,188.29823811851944,46,100.00019836,0.1261183622636569,0.1418411022954139,0.12611833259183367,B
2.51189137,1.10793796013e-12,2023-02-22T18:05:45Z,188.29823811851944,46,100.00019836,0.1261183622636569,0.1418411022954139,0.12611833259183367,B
2.92865038,5.4222220214e-24,2023-02-22T18:05:45Z,188.29823811851944,46,100.00019836,0.1261183622636569,0.1418411022954139,0.12611833259183367,B
3.41455555,0,2023-02-22T18:05:45Z,188.29823811851944,46,100.00019836,0.1261183622636569,0.1418411022954139,0.12611833259183367,B
3.98107958,0,2023-02-22T18:05:45Z,188.29823811851944,46,100.00019836,0.1261183622636569,0.1418411022954139,0.12611833259183367,B
4.64159775,0,2023-02-22T18:05:45Z,188.29823811851944,46,100.00019836,0.1261183622636569,0.1418411022954139,0.12611833259183367,B
5.41170597,0.0110109634697,2023-02-22T18:05:45Z,188.29823811851944,46,100.00019836,0.1261183622636569,0.1418411022954139,0.12611833259183367,B
6.30958605,0.118505224586,2023-02-22T18:05:45Z,188.29823811851944,46,100.00019836,0.1261183622636569,0.1418411022954139,0.12611833259183367,B
7.35643721,0.41789445281,2023-02-22T18:05:45Z,188.29823811851944,46,100.00019836,0.1261183622636569,0.1418411022954139,0.12611833259183367,B
8.57697582,1.02486336231,2023-02-22T18:05:45Z,188.29823811851944,46,100.00019836,0.1261183622636569,0.1418411022954139,0.12611833259183367,B
10.00002003,2.03006839752,2023-02-22T18:05:45Z,188.29823811851944,46,100.00019836,0.1261183622636569,0.1418411022954139,0.12611833259183367,B
11.65916729,3.41511702538,2023-02-22T18:05:45Z,188.29823811851944,46,100.00019836,0.1261183622636569,0.1418411022954139,0.12611833259183367,B
13.59359074,4.94259786606,2023-02-22T18:05:45Z,188.29823811851944,46,100.00019836,0.1261183622636569,0.1418411022954139,0.12611833259183367,B
15.84896278,6.08851671219,2023-02-22T18:05:45Z,188.29823811851944,46,100.00019836,0.1261183622636569,0.1418411022954139,0.12611833259183367,B
18.47853470,6.1520986557,2023-02-22T18:05:45Z,188.29823811851944,46,100.00019836,0.1261183622636569,0.1418411022954139,0.12611833259183367,B
21.54438972,4.64701557159,2023-02-22T18:05:45Z,188.29823811851944,46,100.00019836,0.1261183622636569,0.1418411022954139,0.12611833259183367,B
25.11891365,1.94650268555,2023-02-22T18:05:45Z,188.29823811851944,46,100.00019836,0.1261183622636569,0.1418411022954139,0.12611833259183367,B
29.28650284,0,2023-02-22T18:05:45Z,188.29823811851944,46,100.00019836,0.1261183622636569,0.1418411022954139,0.12611833259183367,B
34.14555740,0,2023-02-22T18:05:45Z,188.29823811851944,46,100.00019836,0.1261183622636569,0.1418411022954139,0.12611833259183367,B
39.81079483,0,2023-02-22T18:05:45Z,188.29823811851944,46,100.00019836,0.1261183622636569,0.1418411022954139,0.12611833259183367,B
46.41598129,0,2023-02-22T18:05:45Z,188.29823811851944,46,100.00019836,0.1261183622636569,0.1418411022954139,0.12611833259183367,B
54.11705780,0,2023-02-22T18:05:45Z,188.29823811851944,46,100.00019836,0.1261183622636569,0.1418411022954139,0.12611833259183367,B
63.09585953,0,2023-02-22T18:05:45Z,188.29823811851944,46,100.00019836,0.1261183622636569,0.1418411022954139,0.12611833259183367,B
73.56436920,0,2023-02-22T18:05:45Z,188.29823811851944,46,100.00019836,0.1261183622636569,0.1418411022954139,0.12611833259183367,B
85.76976013,0,2023-02-22T18:05:45Z,188.29823811851944,46,100.00019836,0.1261183622636569,0.1418411022954139,0.12611833259183367,B
100.00019836,56.5939712524,2023-02-22T18:05:45Z,188.29823811851944,46,100.00019836,0.1261183622636569,0.1418411022954139,0.12611833259183367,B
116.59166718,0,2023-02-22T18:05:45Z,188.29823811851944,46,100.00019836,0.1261183622636569,0.1418411022954139,0.12611833259183367,B
135.93591309,0,2023-02-22T18:05:45Z,188.29823811851944,46,100.00019836,0.1261183622636569,0.1418411022954139,0.12611833259183367,B
158.48962402,0,2023-02-22T18:05:45Z,188.29823811851944,46,100.00019836,0.1261183622636569,0.1418411022954139,0.12611833259183367,B
184.78533936,0,2023-02-22T18:05:45Z,188.29823811851944,46,100.00019836,0.1261183622636569,0.1418411022954139,0.12611833259183367,B
215.44389343,0,2023-02-22T18:05:45Z,188.29823811851944,46,100.00019836,0.1261183622636569,0.1418411022954139,0.12611833259183367,B
251.18913269,0,2023-02-22T18:05:45Z,188.29823811851944,46,100.00019836,0.1261183622636569,0.1418411022954139,0.12611833259183367,B
292.86502075,0,2023-02-22T18:05:45Z,188.29823811851944,46,100.00019836,0.1261183622636569,0.1418411022954139,0.12611833259183367,B
341.45556641,0,2023-02-22T18:05:45Z,188.29823811851944,46,100.00019836,0.1261183622636569,0.1418411022954139,0.12611833259183367,B
398.10794067,0,2023-02-22T18:05:45Z,188.29823811851944,46,100.00019836,0.1261183622636569,0.1418411022954139,0.12611833259183367,B
464.15979004,0,2023-02-22T18:05:45Z,188.29823811851944,46,100.00019836,0.1261183622636569,0.1418411022954139,0.12611833259183367,B
541.17059326,0,2023-02-22T18:05:45Z,188.29823811851944,46,100.00019836,0.1261183622636569,0.1418411022954139,0.12611833259183367,B
630.95855713,0,2023-02-22T18:05:45Z,188.29823811851944,46,100.00019836,0.1261183622636569,0.1418411022954139,0.12611833259183367,B
735.64367676,0,2023-02-22T18:05:45Z,188.29823811851944,46,100.00019836,0.1261183622636569,0.1418411022954139,0.12611833259183367,B
857.69757080,0,2023-02-22T18:05:45Z,188.29823811851944,46,100.00019836,0.1261183622636569,0.1418411022954139,0.12611833259183367,B
1000.00195313,0,2023-02-22T18:05:45Z,188.29823811851944,46,100.00019836,0.1261183622636569,0.1418411022954139,0.12611833259183367,B
0.10000020,0,2023-02-22T18:05:46Z,76.49174616074723,46,100.00019836,0.123450317383,0.19785829901715998,0.123450317383,C
0.11659167,0,2023-02-22T18:05:46Z,76.49174616074723,46,100.00019836,0.123450317383,0.19785829901715998,0.123450317383,C
0.13593590,0,2023-02-22T18:05:46Z,76.49174616074723,46,100.00019836,0.123450317383,0.19785829901715998,0.123450317383,C
0.15848963,0,2023-02-22T18:05:46Z,76.49174616074723,46,100.00019836,0.123450317383,0.19785829901715998,0.123450317383,C
0.18478534,0,2023-02-22T18:05:46Z,76.49174616074723,46,100.00019836,0.123450317383,0.19785829901715998,0.123450317383,C
0.21544389,0,2023-02-22T18:05:46Z,76.49174616074723,46,100.00019836,0.123450317383,0.19785829901715998,0.123450317383,C
0.25118914,0,2023-02-22T18:05:46Z,76.49174616074723,46,100.00019836,0.123450317383,0.19785829901715998,0.123450317383,C
0.29286504,0,2023-02-22T18:05:46Z,76.49174616074723,46,100.00019836,0.123450317383,0.19785829901715998,0.123450317383,C
0.34145555,0,2023-02-22T18:05:46Z,76.49174616074723,46,100.00019836,0.123450317383,0.19785829901715998,0.123450317383,C
0.39810795,0,2023-02-22T18:05:46Z,76.49174616074723,46,100.00019836,0.123450317383,0.19785829901715998,0.123450317383,C
0.46415979,0,2023-02-22T18:05:46Z,76.49174616074723,46,100.00019836,0.123450317383,0.19785829901715998,0.123450317383,C
0.54117060,0,2023-02-22T18:05:46Z,76.49174616074723,46,100.00019836,0.123450317383,0.19785829901715998,0.123450317383,C
0.63095856,0,2023-02-22T18:05:46Z,76.49174616074723,46,100.00019836,0.123450317383,0.19785829901715998,0.123450317383,C
0.73564368,0,2023-02-22T18:05:46Z,76.49174616074723,46,100.00019836,0.123450317383,0.19785829901715998,0.123450317383,C
0.85769761,0,2023-02-22T18:05:46Z,76.49174616074723,46,100.00019836,0.123450317383,0.19785829901715998,0.123450317383,C
1.00000191,0,2023-02-22T18:05:46Z,76.49174616074723,46,100.00019836,0.123450317383,0.19785829901715998,0.123450317383,C
1.16591668,12.3450317383,2023-02-22T18:05:46Z,76.49174616074723,46,100.00019836,0.123450317383,0.19785829901715998,0.123450317383,C
1.35935903,0,2023-02-22T18:05:46Z,76.49174616074723,46,100.00019836,0.123450317383,0.19785829901715998,0.123450317383,C
1.58489633,0,2023-02-22T18:05:46Z,76.49174616074723,46,100.00019836,0.123450317383,0.19785829901715998,0.123450317383,C
1.84785342,0,2023-02-22T18:05:46Z,76.49174616074723,46,100.00019836,0.123450317383,0.19785829901715998,0.123450317383,C
2.15443897,0,2023-02-22T18:05:46Z,76.49174616074723,46,100.00019836,0.123450317383,0.19785829901715998,0.123450317383,C
2.51189137,0,2023-02-22T18:05:46Z,76.49174616074723,46,100.00019836,0.123450317383,0.19785829901715998,0.123450317383,C
2.92865038,0,2023-02-22T18:05:46Z,76.49174616074723,46,100.00019836,0.123450317383,0.19785829901715998,0.123450317383,C
3.41455555,0,2023-02-22T18:05:46Z,76.49174616074723,46,100.00019836,0.123450317383,0.19785829901715998,0.123450317383,C
3.98107958,0,2023-02-22T18:05:46Z,76.49174616074723,46,100.00019836,0.123450317383,0.19785829901715998,0.123450317383,C
4.64159775,0,2023-02-22T18:05:46Z,76.49174616074723,46,100.00019836,0.123450317383,0.19785829901715998,0.123450317383,C
5.41170597,0.268328905106,2023-02-22T18:05:46Z,76.49174616074723,46,100.00019836,0.123450317383,0.19785829901715998,0.123450317383,C
6.30958605,1.22708523273,2023-02-22T18:05:46Z,76.49174616074723,46,100.00019836,0.123450317383,0.19785829901715998,0.123450317383,C
7.35643721,2.40329909325,2023-02-22T18:05:46Z,76.49174616074723,46,100.00019836,0.123450317383,0.19785829901715998,0.123450317383,C
8.57697582,3.54208493233,2023-02-22T18:05:46Z,76.49174616074723,46,100.00019836,0.123450317383,0.19785829901715998,0.123450317383,C
10.00002003,4.36605119705,2023-02-22T18:05:46Z,76.49174616074723,46,100.00019836,0.123450317383,0.19785829901715998,0.123450317383,C
11.65916729,4.65083360672,2023-02-22T18:05:46Z,76.49174616074723,46,100.00019836,0.123450317383,0.19785829901715998,0.123450317383,C
13.59359074,4.28854799271,2023-02-22T18:05:46Z,76.49174616074723,46,100.00019836,0.123450317383,0.19785829901715998,0.123450317383,C
15.84896278,3.34026551247,2023-02-22T18:05:46Z,76.49174616074723,46,100.00019836,0.123450317383,0.19785829901715998,0.123450317383,C
18.47853470,2.0385320186599998,2023-02-22T18:05:46Z,76.49174616074723,46,100.00019836,0.123450317383,0.19785829901715998,0.123450317383,C
21.54438972,0.717843949795,2023-02-22T18:05:46Z,76.49174616074723,46,100.00019836,0.123450317383,0.19785829901715998,0.123450317383,C
25.11891365,0,2023-02-22T18:05:46Z,76.49174616074723,46,100.00019836,0.123450317383,0.19785829901715998,0.123450317383,C
29.28650284,0,2023-02-22T18:05:46Z,76.49174616074723,46,100.00019836,0.123450317383,0.19785829901715998,0.123450317383,C
34.14555740,0,2023-02-22T18:05:46Z,76.49174616074723,46,100.00019836,0.123450317383,0.19785829901715998,0.123450317383,C
39.81079483,0,2023-02-22T18:05:46Z,76.49174616074723,46,100.00019836,0.123450317383,0.19785829901715998,0.123450317383,C
46.41598129,0,2023-02-22T18:05:46Z,76.49174616074723,46,100.00019836,0.123450317383,0.19785829901715998,0.123450317383,C
54.11705780,0,2023-02-22T18:05:46Z,76.49174616074723,46,100.00019836,0.123450317383,0.19785829901715998,0.123450317383,C
63.09585953,0,2023-02-22T18:05:46Z,76.49174616074723,46,100.00019836,0.123450317383,0.19785829901715998,0.123450317383,C
73.56436920,0,2023-02-22T18:05:46Z,76.49174616074723,46,100.00019836,0.123450317383,0.19785829901715998,0.123450317383,C
85.76976013,0,2023-02-22T18:05:46Z,76.49174616074723,46,100.00019836,0.123450317383,0.19785829901715998,0.123450317383,C
100.00019836,60.8120994568,2023-02-22T18:05:46Z,76.49174616074723,46,100.00019836,0.123450317383,0.19785829901715998,0.123450317383,C
116.59166718,0,2023-02-22T18:05:46Z,76.49174616074723,46,100.00019836,0.123450317383,0.19785829901715998,0.123450317383,C
135.93591309,0,2023-02-22T18:05:46Z,76.49174616074723,46,100.00019836,0.123450317383,0.19785829901715998,0.123450317383,C
158.48962402,0,2023-02-22T18:05:46Z,76.49174616074723,46,100.00019836,0.123450317383,0.19785829901715998,0.123450317383,C
184.78533936,0,2023-02-22T18:05:46Z,76.49174616074723,46,100.00019836,0.123450317383,0.19785829901715998,0.123450317383,C
215.44389343,0,2023-02-22T18:05:46Z,76.49174616074723,46,100.00019836,0.123450317383,0.19785829901715998,0.123450317383,C
251.18913269,0,2023-02-22T18:05:46Z,76.49174616074723,46,100.00019836,0.123450317383,0.19785829901715998,0.123450317383,C
292.86502075,0,2023-02-22T18:05:46Z,76.49174616074723,46,100.00019836,0.123450317383,0.19785829901715998,0.123450317383,C
341.45556641,0,2023-02-22T18:05:46Z,76.49174616074723,46,100.00019836,0.123450317383,0.19785829901715998,0.123450317383,C
398.10794067,0,2023-02-22T18:05:46Z,76.49174616074723,46,100.00019836,0.123450317383,0.19785829901715998,0.123450317383,C
464.15979004,0,2023-02-22T18:05:46Z,76.49174616074723,46,100.00019836,0.123450317383,0.19785829901715998,0.123450317383,C
541.17059326,0,2023-02-22T18:05:46Z,76.49174616074723,46,100.00019836,0.123450317383,0.19785829901715998,0.123450317383,C
630.95855713,0,2023-02-22T18:05:46Z,76.49174616074723,46,100.00019836,0.123450317383,0.19785829901715998,0.123450317383,C
735.64367676,0,2023-02-22T18:05:46Z,76.49174616074723,46,100.00019836,0.123450317383,0.19785829901715998,0.123450317383,C
857.69757080,0,2023-02-22T18:05:46Z,76.49174616074723,46,100.00019836,0.123450317383,0.19785829901715998,0.123450317383,C
1000.00195313,0,2023-02-22T18:05:46Z,76.49174616074723,46,100.00019836,0.123450317383,0.19785829901715998,0.123450317383,C
0.10000020,0,2023-02-22T18:05:47Z,109.18150032889723,46,100.00019836,0.128600234985,0.18126782894098,0.128600234985,C
0.11659167,0,2023-02-22T18:05:47Z,109.18150032889723,46,100.00019836,0.128600234985,0.18126782894098,0.128600234985,C
0.13593590,0,2023-02-22T18:05:47Z,109.18150032889723,46,100.00019836,0.128600234985,0.18126782894098,0.128600234985,C
0.15848963,0,2023-02-22T18:05:47Z,109.18150032889723,46,100.00019836,0.128600234985,0.18126782894098,0.128600234985,C
0.18478534,0,2023-02-22T18:05:47Z,109.18150032889723,46,100.00019836,0.128600234985,0.18126782894098,0.128600234985,C
0.21544389,0,2023-02-22T18:05:47Z,109.18150032889723,46,100.00019836,0.128600234985,0.18126782894098,0.128600234985,C
0.25118914,0,2023-02-22T18:05:47Z,109.18150032889723,46,100.00019836,0.128600234985,0.18126782894098,0.128600234985,C
0.29286504,0,2023-02-22T18:05:47Z,109.18150032889723,46,100.00019836,0.128600234985,0.18126782894098,0.128600234985,C
0.34145555,0,2023-02-22T18:05:47Z,109.18150032889723,46,100.00019836,0.128600234985,0.18126782894098,0.128600234985,C
0.39810795,0,2023-02-22T18:05:47Z,109.18150032889723,46,100.00019836,0.128600234985,0.18126782894098,0.128600234985,C
0.46415979,0,2023-02-22T18:05:47Z,109.18150032889723,46,100.00019836,0.128600234985,0.18126782894098,0.128600234985,C
0.54117060,0,2023-02-22T18:05:47Z,109.18150032889723,46,100.00019836,0.128600234985,0.18126782894098,0.128600234985,C
0.63095856,0,2023-02-22T18:05:47Z,109.18150032889723,46,100.00019836,0.128600234985,0.18126782894098,0.128600234985,C
0.73564368,0,2023-02-22T18:05:47Z,109.18150032889723,46,100.00019836,0.128600234985,0.18126782894098,0.128600234985,C
0.85769761,0,2023-02-22T18:05:47Z,109.18150032889723,46,100.00019836,0.128600234985,0.18126782894098,0.128600234985,C
1.00000191,0,2023-02-22T18:05:47Z,109.18150032889723,46,100.00019836,0.128600234985,0.18126782894098,0.128600234985,C
1.16591668,12.8600234985,2023-02-22T18:05:47Z,109.18150032889723,46,100.00019836,0.128600234985,0.18126782894098,0.128600234985,C
1.35935903,0,2023-02-22T18:05:47Z,109.18150032889723,46,100.00019836,0.128600234985,0.18126782894098,0.128600234985,C
1.58489633,0,2023-02-22T18:05:47Z,109.18150032889723,46,100.00019836,0.128600234985,0.18126782894098,0.128600234985,C
1.84785342,0,2023-02-22T18:05:47Z,109.18150032889723,46,100.00019836,0.128600234985,0.18126782894098,0.128600234985,C
2.15443897,0,2023-02-22T18:05:47Z,109.18150032889723,46,100.00019836,0.128600234985,0.18126782894098,0.128600234985,C
2.51189137,0,2023-02-22T18:05:47Z,109.18150032889723,46,100.00019836,0.128600234985,0.18126782894098,0.128600234985,C
2.92865038,0,2023-02-22T18:05:47Z,109.18150032889723,46,100.00019836,0.128600234985,0.18126782894098,0.128600234985,C
3.41455555,0,2023-02-22T18:05:47Z,109.18150032889723,46,100.00019836,0.128600234985,0.18126782894098,0.128600234985,C
3.98107958,0,2023-02-22T18:05:47Z,109.18150032889723,46,100.00019836,0.128600234985,0.18126782894098,0.128600234985,C
4.64159775,0,2023-02-22T18:05:47Z,109.18150032889723,46,100.00019836,0.128600234985,0.18126782894098,0.128600234985,C
5.41170597,0,2023-02-22T18:05:47Z,109.18150032889723,46,100.00019836,0.128600234985,0.18126782894098,0.128600234985,C
6.30958605,0.561785578728,2023-02-22T18:05:47Z,109.18150032889723,46,100.00019836,0.128600234985,0.18126782894098,0.128600234985,C
7.35643721,1.68400299549,2023-02-22T18:05:47Z,109.18150032889723,46,100.00019836,0.128600234985,0.18126782894098,0.128600234985,C
8.57697582,3.02097082138,2023-02-22T18:05:47Z,109.18150032889723,46,100.00019836,0.128600234985,0.18126782894098,0.128600234985,C
10.00002003,4.15105247498,2023-02-22T18:05:47Z,109.18150032889723,46,100.00019836,0.128600234985,0.18126782894098,0.128600234985,C
11.65916729,4.64310598373,2023-02-22T18:05:47Z,109.18150032889723,46,100.00019836,0.128600234985,0.18126782894098,0.128600234985,C
13.59359074,4.27189397812,2023-02-22T18:05:47Z,109.18150032889723,46,100.00019836,0.128600234985,0.18126782894098,0.128600234985,C
15.84896278,3.16198945045,2023-02-22T18:05:47Z,109.18150032889723,46,100.00019836,0.128600234985,0.18126782894098,0.128600234985,C
18.47853470,1.74334383011,2023-02-22T18:05:47Z,109.18150032889723,46,100.00019836,0.128600234985,0.18126782894098,0.128600234985,C
21.54438972,0.517881453037,2023-02-22T18:05:47Z,109.18150032889723,46,100.00019836,0.128600234985,0.18126782894098,0.128600234985,C
25.11891365,0,2023-02-22T18:05:47Z,109.18150032889723,46,100.00019836,0.128600234985,0.18126782894098,0.128600234985,C
29.28650284,0,2023-02-22T18:05:47Z,109.18150032889723,46,100.00019836,0.128600234985,0.18126782894098,0.128600234985,C
34.14555740,0,2023-02-22T18:05:47Z,109.18150032889723,46,100.00019836,0.128600234985,0.18126782894098,0.128600234985,C
39.81079483,0,2023-02-22T18:05:47Z,109.18150032889723,46,100.00019836,0.128600234985,0.18126782894098,0.128600234985,C
46.41598129,0,2023-02-22T18:05:47Z,109.18150032889723,46,100.00019836,0.128600234985,0.18126782894098,0.128600234985,C
54.11705780,0,2023-02-22T18:05:47Z,109.18150032889723,46,100.00019836,0.128600234985,0.18126782894098,0.128600234985,C
63.09585953,0,2023-02-22T18:05:47Z,109.18150032889723,46,100.00019836,0.128600234985,0.18126782894098,0.128600234985,C
73.56436920,0,2023-02-22T18:05:47Z,109.18150032889723,46,100.00019836,0.128600234985,0.18126782894098,0.128600234985,C
85.76976013,0,2023-02-22T18:05:47Z,109.18150032889723,46,100.00019836,0.128600234985,0.18126782894098,0.128600234985,C
100.00019836,63.3839492798,2023-02-22T18:05:47Z,109.18150032889723,46,100.00019836,0.128600234985,0.18126782894098,0.128600234985,C
116.59166718,0,2023-02-22T18:05:47Z,109.18150032889723,46,100.00019836,0.128600234985,0.18126782894098,0.128600234985,C
135.93591309,0,2023-02-22T18:05:47Z,109.18150032889723,46,100.00019836,0.128600234985,0.18126782894098,0.128600234985,C
158.48962402,0,2023-02-22T18:05:47Z,109.18150032889723,46,100.00019836,0.128600234985,0.18126782894098,0.128600234985,C
184.78533936,0,2023-02-22T18:05:47Z,109.18150032889723,46,100.00019836,0.128600234985,0.18126782894098,0.128600234985,C
215.44389343,0,2023-02-22T18:05:47Z,109.18150032889723,46,100.00019836,0.128600234985,0.18126782894098,0.128600234985,C
251.18913269,0,2023-02-22T18:05:47Z,109.18150032889723,46,100.00019836,0.128600234985,0.18126782894098,0.128600234985,C
292.86502075,0,2023-02-22T18:05:47Z,109.18150032889723,46,100.00019836,0.128600234985,0.18126782894098,0.128600234985,C
341.45556641,0,2023-02-22T18:05:47Z,109.18150032889723,46,100.00019836,0.128600234985,0.18126782894098,0.128600234985,C
398.10794067,0,2023-02-22T18:05:47Z,109.18150032889723,46,100.00019836,0.128600234985,0.18126782894098,0.128600234985,C
464.15979004,0,2023-02-22T18:05:47Z,109.18150032889723,46,100.00019836,0.128600234985,0.18126782894098,0.128600234985,C
541.17059326,0,2023-02-22T18:05:47Z,109.18150032889723,46,100.00019836,0.128600234985,0.18126782894098,0.128600234985,C
630.95855713,0,2023-02-22T18:05:47Z,109.18150032889723,46,100.00019836,0.128600234985,0.18126782894098,0.128600234985,C
735.64367676,0,2023-02-22T18:05:47Z,109.18150032889723,46,100.00019836,0.128600234985,0.18126782894098,0.128600234985,C
857.69757080,0,2023-02-22T18:05:47Z,109.18150032889723,46,100.00019836,0.128600234985,0.18126782894098,0.128600234985,C
1000.00195313,0,2023-02-22T18:05:47Z,109.18150032889723,46,100.00019836,0.128600234985,0.18126782894098,0.128600234985,C
0.10000020,0,2023-02-22T18:05:48Z,176.28975380800833,46,100.00019836,0.12037438957657327,0.1540817728516733,0.1203742958744784,B
0.11659167,0,2023-02-22T18:05:48Z,176.28975380800833,46,100.00019836,0.12037438957657327,0.1540817728516733,0.1203742958744784,B
0.13593590,0,2023-02-22T18:05:48Z,176.28975380800833,46,100.00019836,0.12037438957657327,0.1540817728516733,0.1203742958744784,B
0.15848963,0,2023-02-22T18:05:48Z,176.28975380800833,46,100.00019836,0.12037438957657327,0.1540817728516733,0.1203742958744784,B
0.18478534,0,2023-02-22T18:05:48Z,176.28975380800833,46,100.00019836,0.12037438957657327,0.1540817728516733,0.1203742958744784,B
0.21544389,0,2023-02-22T18:05:48Z,176.28975380800833,46,100.00019836,0.12037438957657327,0.1540817728516733,0.1203742958744784,B
0.25118914,0,2023-02-22T18:05:48Z,176.28975380800833,46,100.00019836,0.12037438957657327,0.1540817728516733,0.1203742958744784,B
0.29286504,0,2023-02-22T18:05:48Z,176.28975380800833,46,100.00019836,0.12037438957657327,0.1540817728516733,0.1203742958744784,B
0.34145555,0,2023-02-22T18:05:48Z,176.28975380800833,46,100.00019836,0.12037438957657327,0.1540817728516733,0.1203742958744784,B
0.39810795,0,2023-02-22T18:05:48Z,176.28975380800833,46,100.00019836,0.12037438957657327,0.1540817728516733,0.1203742958744784,B
0.46415979,0,2023-02-22T18:05:48Z,176.28975380800833,46,100.00019836,0.12037438957657327,0.1540817728516733,0.1203742958744784,B
0.54117060,0,2023-02-22T18:05:48Z,176.28975380800833,46,100.00019836,0.12037438957657327,0.1540817728516733,0.1203742958744784,B
0.63095856,0,2023-02-22T18:05:48Z,176.28975380800833,46,100.00019836,0.12037438957657327,0.1540817728516733,0.1203742958744784,B
0.73564368,0,2023-02-22T18:05:48Z,176.28975380800833,46,100.00019836,0.12037438957657327,0.1540817728516733,0.1203742958744784,B
0.85769761,0,2023-02-22T18:05:48Z,176.28975380800833,46,100.00019836,0.12037438957657327,0.1540817728516733,0.1203742958744784,B
1.00000191,0.0654260888696,2023-02-22T18:05:48Z,176.28975380800833,46,100.00019836,0.12037438957657327,0.1540817728516733,0.1203742958744784,B
1.16591668,5.55936527252,2023-02-22T18:05:48Z,176.28975380800833,46,100.00019836,0.12037438957657327,0.1540817728516733,0.1203742958744784,B
1.35935903,5.88636636734,2023-02-22T18:05:48Z,176.28975380800833,46,100.00019836,0.12037438957657327,0.1540817728516733,0.1203742958744784,B
1.58489633,0.520083963871,2023-02-22T18:05:48Z,176.28975380800833,46,100.00019836,0.12037438957657327,0.1540817728516733,0.1203742958744784,B
1.84785342,0.00618789484724,2023-02-22T18:05:48Z,176.28975380800833,46,100.00019836,0.12037438957657327,0.1540817728516733,0.1203742958744784,B
2.15443897,9.36941705731e-6,2023-02-22T18:05:48Z,176.28975380800833,46,100.00019836,0.12037438957657327,0.1540817728516733,0.1203742958744784,B
2.51189137,7.92430621122e-10,2023-02-22T18:05:48Z,176.28975380800833,46,100.00019836,0.12037438957657327,0.1540817728516733,0.1203742958744784,B
2.92865038,5.8619603329e-17,2023-02-22T18:05:48Z,176.28975380800833,46,100.00019836,0.12037438957657327,0.1540817728516733,0.1203742958744784,B
3.41455555,0,2023-02-22T18:05:48Z,176.28975380800833,46,100.00019836,0.12037438957657327,0.1540817728516733,0.1203742958744784,B
3.98107958,0,2023-02-22T18:05:48Z,176.28975380800833,46,100.00019836,0.12037438957657327,0.1540817728516733,0.1203742958744784,B
4.64159775,0,2023-02-22T18:05:48Z,176.28975380800833,46,100.00019836,0.12037438957657327,0.1540817728516733,0.1203742958744784,B
5.41170597,0,2023-02-22T18:05:48Z,176.28975380800833,46,100.00019836,0.12037438957657327,0.1540817728516733,0.1203742958744784,B
6.30958605,0.36526030302,2023-02-22T18:05:48Z,176.28975380800833,46,100.00019836,0.12037438957657327,0.1540817728516733,0.1203742958744784,B
7.35643721,1.03142845631,2023-02-22T18:05:48Z,176.28975380800833,46,100.00019836,0.12037438957657327,0.1540817728516733,0.1203742958744784,B
8.57697582,1.97404956818,2023-02-22T18:05:48Z,176.28975380800833,46,100.00019836,0.12037438957657327,0.1540817728516733,0.1203742958744784,B
10.00002003,3.07213521004,2023-02-22T18:05:48Z,176.28975380800833,46,100.00019836,0.12037438957657327,0.1540817728516733,0.1203742958744784,B
11.65916729,4.09002828598,2023-02-22T18:05:48Z,176.28975380800833,46,100.00019836,0.12037438957657327,0.1540817728516733,0.1203742958744784,B
13.59359074,4.70534610748,2023-02-22T18:05:48Z,176.28975380800833,46,100.00019836,0.12037438957657327,0.1540817728516733,0.1203742958744784,B
15.84896278,4.60279226303,2023-02-22T18:05:48Z,176.28975380800833,46,100.00019836,0.12037438957657327,0.1540817728516733,0.1203742958744784,B
18.47853470,3.62155508995,2023-02-22T18:05:48Z,176.28975380800833,46,100.00019836,0.12037438957657327,0.1540817728516733,0.1203742958744784,B
21.54438972,1.88951599598,2023-02-22T18:05:48Z,176.28975380800833,46,100.00019836,0.12037438957657327,0.1540817728516733,0.1203742958744784,B
25.11891365,0,2023-02-22T18:05:48Z,176.28975380800833,46,100.00019836,0.12037438957657327,0.1540817728516733,0.1203742958744784,B
29.28650284,0,2023-02-22T18:05:48Z,176.28975380800833,46,100.00019836,0.12037438957657327,0.1540817728516733,0.1203742958744784,B
34.14555740,0,2023-02-22T18:05:48Z,176.28975380800833,46,100.00019836,0.12037438957657327,0.1540817728516733,0.1203742958744784,B
39.81079483,0,2023-02-22T18:05:48Z,176.28975380800833,46,100.00019836,0.12037438957657327,0.1540817728516733,0.1203742958744784,B
46.41598129,0,2023-02-22T18:05:48Z,176.28975380800833,46,100.00019836,0.12037438957657327,0.1540817728516733,0.1203742958744784,B
54.11705780,0,2023-02-22T18:05:48Z,176.28975380800833,46,100.00019836,0.12037438957657327,0.1540817728516733,0.1203742958744784,B
63.09585953,0,2023-02-22T18:05:48Z,176.28975380800833,46,100.00019836,0.12037438957657327,0.1540817728516733,0.1203742958744784,B
73.56436920,0,2023-02-22T18:05:48Z,176.28975380800833,46,100.00019836,0.12037438957657327,0.1540817728516733,0.1203742958744784,B
85.76976013,0,2023-02-22T18:05:48Z,176.28975380800833,46,100.00019836,0.12037438957657327,0.1540817728516733,0.1203742958744784,B
100.00019836,62.6104469299,2023-02-22T18:05:48Z,176.28975380800833,46,100.00019836,0.12037438957657327,0.1540817728516733,0.1203742958744784,B
116.59166718,0,2023-02-22T18:05:48Z,176.28975380800833,46,100.00019836,0.12037438957657327,0.1540817728516733,0.1203742958744784,B
135.93591309,0,2023-02-22T18:05:48Z,176.28975380800833,46,100.00019836,0.12037438957657327,0.1540817728516733,0.1203742958744784,B
158.48962402,0,2023-02-22T18:05:48Z,176.28975380800833,46,100.00019836,0.12037438957657327,0.1540817728516733,0.1203742958744784,B
184.78533936,0,2023-02-22T18:05:48Z,176.28975380800833,46,100.00019836,0.12037438957657327,0.1540817728516733,0.1203742958744784,B
215.44389343,0,2023-02-22T18:05:48Z,176.28975380800833,46,100.00019836,0.12037438957657327,0.1540817728516733,0.1203742958744784,B
251.18913269,0,2023-02-22T18:05:48Z,176.28975380800833,46,100.00019836,0.12037438957657327,0.1540817728516733,0.1203742958744784,B
292.86502075,0,2023-02-22T18:05:48Z,176.28975380800833,46,100.00019836,0.12037438957657327,0.1540817728516733,0.1203742958744784,B
341.45556641,0,2023-02-22T18:05:48Z,176.28975380800833,46,100.00019836,0.12037438957657327,0.1540817728516733,0.1203742958744784,B
398.10794067,0,2023-02-22T18:05:48Z,176.28975380800833,46,100.00019836,0.12037438957657327,0.1540817728516733,0.1203742958744784,B
464.15979004,0,2023-02-22T18:05:48Z,176.28975380800833,46,100.00019836,0.12037438957657327,0.1540817728516733,0.1203742958744784,B
541.17059326,0,2023-02-22T18:05:48Z,176.28975380800833,46,100.00019836,0.12037438957657327,0.1540817728516733,0.1203742958744784,B
630.95855713,0,2023-02-22T18:05:48Z,176.28975380800833,46,100.00019836,0.12037438957657327,0.1540817728516733,0.1203742958744784,B
735.64367676,0,2023-02-22T18:05:48Z,176.28975380800833,46,100.00019836,0.12037438957657327,0.1540817728516733,0.1203742958744784,B
857.69757080,0,2023-02-22T18:05:48Z,176.28975380800833,46,100.00019836,0.12037438957657327,0.1540817728516733,0.1203742958744784,B
1000.00195313,0,2023-02-22T18:05:48Z,176.28975380800833,46,100.00019836,0.12037438957657327,0.1540817728516733,0.1203742958744784,B
0.10000020,0,2023-02-22T18:05:49Z,237.69973988015278,46,100.00019836,0.10812760583589454,0.14201949469277453,0.10812760583589454,B
0.11659167,0,2023-02-22T18:05:49Z,237.69973988015278,46,100.00019836,0.10812760583589454,0.14201949469277453,0.10812760583589454,B
0.13593590,0,2023-02-22T18:05:49Z,237.69973988015278,46,100.00019836,0.10812760583589454,0.14201949469277453,0.10812760583589454,B
0.15848963,0,2023-02-22T18:05:49Z,237.69973988015278,46,100.00019836,0.10812760583589454,0.14201949469277453,0.10812760583589454,B
0.18478534,0,2023-02-22T18:05:49Z,237.69973988015278,46,100.00019836,0.10812760583589454,0.14201949469277453,0.10812760583589454,B
0.21544389,0,2023-02-22T18:05:49Z,237.69973988015278,46,100.00019836,0.10812760583589454,0.14201949469277453,0.10812760583589454,B
0.25118914,0,2023-02-22T18:05:49Z,237.69973988015278,46,100.00019836,0.10812760583589454,0.14201949469277453,0.10812760583589454,B
0.29286504,0,2023-02-22T18:05:49Z,237.69973988015278,46,100.00019836,0.10812760583589454,0.14201949469277453,0.10812760583589454,B
0.34145555,0,2023-02-22T18:05:49Z,237.69973988015278,46,100.00019836,0.10812760583589454,0.14201949469277453,0.10812760583589454,B
0.39810795,0,2023-02-22T18:05:49Z,237.69973988015278,46,100.00019836,0.10812760583589454,0.14201949469277453,0.10812760583589454,B
0.46415979,0,2023-02-22T18:05:49Z,237.69973988015278,46,100.00019836,0.10812760583589454,0.14201949469277453,0.10812760583589454,B
0.54117060,0,2023-02-22T18:05:49Z,237.69973988015278,46,100.00019836,0.10812760583589454,0.14201949469277453,0.10812760583589454,B
0.63095856,0,2023-02-22T18:05:49Z,237.69973988015278,46,100.00019836,0.10812760583589454,0.14201949469277453,0.10812760583589454,B
0.73564368,0,2023-02-22T18:05:49Z,237.69973988015278,46,100.00019836,0.10812760583589454,0.14201949469277453,0.10812760583589454,B
0.85769761,0,2023-02-22T18:05:49Z,237.69973988015278,46,100.00019836,0.10812760583589454,0.14201949469277453,0.10812760583589454,B
1.00000191,1.7670399588e-9,2023-02-22T18:05:49Z,237.69973988015278,46,100.00019836,0.10812760583589454,0.14201949469277453,0.10812760583589454,B
1.16591668,5.16452932358,2023-02-22T18:05:49Z,237.69973988015278,46,100.00019836,0.10812760583589454,0.14201949469277453,0.10812760583589454,B
1.35935903,5.64820051193,2023-02-22T18:05:49Z,237.69973988015278,46,100.00019836,0.10812760583589454,0.14201949469277453,0.10812760583589454,B
1.58489633,3.07463124045e-5,2023-02-22T18:05:49Z,237.69973988015278,46,100.00019836,0.10812760583589454,0.14201949469277453,0.10812760583589454,B
1.84785342,8.80912571079e-15,2023-02-22T18:05:49Z,237.69973988015278,46,100.00019836,0.10812760583589454,0.14201949469277453,0.10812760583589454,B
2.15443897,9.14555940632e-29,2023-02-22T18:05:49Z,237.69973988015278,46,100.00019836,0.10812760583589454,0.14201949469277453,0.10812760583589454,B
2.51189137,0,2023-02-22T18:05:49Z,237.69973988015278,46,100.00019836,0.10812760583589454,0.14201949469277453,0.10812760583589454,B
2.92865038,0,2023-02-22T18:05:49Z,237.69973988015278,46,100.00019836,0.10812760583589454,0.14201949469277453,0.10812760583589454,B
3.41455555,0,2023-02-22T18:05:49Z,237.69973988015278,46,100.00019836,0.10812760583589454,0.14201949469277453,0.10812760583589454,B
3.98107958,0,2023-02-22T18:05:49Z,237.69973988015278,46,100.00019836,0.10812760583589454,0.14201949469277453,0.10812760583589454,B
4.64159775,0,2023-02-22T18:05:49Z,237.69973988015278,46,100.00019836,0.10812760583589454,0.14201949469277453,0.10812760583589454,B
5.41170597,0,2023-02-22T18:05:49Z,237.69973988015278,46,100.00019836,0.10812760583589454,0.14201949469277453,0.10812760583589454,B
6.30958605,0.310830831528,2023-02-22T18:05:49Z,237.69973988015278,46,100.00019836,0.10812760583589454,0.14201949469277453,0.10812760583589454,B
7.35643721,1.03647196293,2023-02-22T18:05:49Z,237.69973988015278,46,100.00019836,0.10812760583589454,0.14201949469277453,0.10812760583589454,B
8.57697582,2.04188609123,2023-02-22T18:05:49Z,237.69973988015278,46,100.00019836,0.10812760583589454,0.14201949469277453,0.10812760583589454,B
10.00002003,3.15353655815,2023-02-22T18:05:49Z,237.69973988015278,46,100.00019836,0.10812760583589454,0.14201949469277453,0.10812760583589454,B
11.65916729,4.08392715454,2023-02-22T18:05:49Z,237.69973988015278,46,100.00019836,0.10812760583589454,0.14201949469277453,0.10812760583589454,B
13.59359074,4.49749135971,2023-02-22T18:05:49Z,237.69973988015278,46,100.00019836,0.10812760583589454,0.14201949469277453,0.10812760583589454,B
15.84896278,4.14204025269,2023-02-22T18:05:49Z,237.69973988015278,46,100.00019836,0.10812760583589454,0.14201949469277453,0.10812760583589454,B
18.47853470,2.99674057961,2023-02-22T18:05:49Z,237.69973988015278,46,100.00019836,0.10812760583589454,0.14201949469277453,0.10812760583589454,B
21.54438972,1.34384655952,2023-02-22T18:05:49Z,237.69973988015278,46,100.00019836,0.10812760583589454,0.14201949469277453,0.10812760583589454,B
25.11891365,0,2023-02-22T18:05:49Z,237.69973988015278,46,100.00019836,0.10812760583589454,0.14201949469277453,0.10812760583589454,B
29.28650284,0,2023-02-22T18:05:49Z,237.69973988015278,46,100.00019836,0.10812760583589454,0.14201949469277453,0.10812760583589454,B
34.14555740,0,2023-02-22T18:05:49Z,237.69973988015278,46,100.00019836,0.10812760583589454,0.14201949469277453,0.10812760583589454,B
39.81079483,0,2023-02-22T18:05:49Z,237.69973988015278,46,100.00019836,0.10812760583589454,0.14201949469277453,0.10812760583589454,B
46.41598129,0,2023-02-22T18:05:49Z,237.69973988015278,46,100.00019836,0.10812760583589454,0.14201949469277453,0.10812760583589454,B
54.11705780,0,2023-02-22T18:05:49Z,237.69973988015278,46,100.00019836,0.10812760583589454,0.14201949469277453,0.10812760583589454,B
63.09585953,0,2023-02-22T18:05:49Z,237.69973988015278,46,100.00019836,0.10812760583589454,0.14201949469277453,0.10812760583589454,B
73.56436920,0,2023-02-22T18:05:49Z,237.69973988015278,46,100.00019836,0.10812760583589454,0.14201949469277453,0.10812760583589454,B
85.76976013,0,2023-02-22T18:05:49Z,237.69973988015278,46,100.00019836,0.10812760583589454,0.14201949469277453,0.10812760583589454,B
100.00019836,65.5804672241,2023-02-22T18:05:49Z,237.69973988015278,46,100.00019836,0.10812760583589454,0.14201949469277453,0.10812760583589454,B
116.59166718,0,2023-02-22T18:05:49Z,237.69973988015278,46,100.00019836,0.10812760583589454,0.14201949469277453,0.10812760583589454,B
135.93591309,0,2023-02-22T18:05:49Z,237.69973988015278,46,100.00019836,0.10812760583589454,0.14201949469277453,0.10812760583589454,B
158.48962402,0,2023-02-22T18:05:49Z,237.69973988015278,46,100.00019836,0.10812760583589454,0.14201949469277453,0.10812760583589454,B
184.78533936,0,2023-02-22T18:05:49Z,237.69973988015278,46,100.00019836,0.10812760583589454,0.14201949469277453,0.10812760583589454,B
215.44389343,0,2023-02-22T18:05:49Z,237.69973988015278,46,100.00019836,0.10812760583589454,0.14201949469277453,0.10812760583589454,B
251.18913269,0,2023-02-22T18:05:49Z,237.69973988015278,46,100.00019836,0.10812760583589454,0.14201949469277453,0.10812760583589454,B
292.86502075,0,2023-02-22T18:05:49Z,237.69973988015278,46,100.00019836,0.10812760583589454,0.14201949469277453,0.10812760583589454,B
341.45556641,0,2023-02-22T18:05:49Z,237.69973988015278,46,100.00019836,0.10812760583589454,0.14201949469277453,0.10812760583589454,B
398.10794067,0,2023-02-22T18:05:49Z,237.69973988015278,46,100.00019836,0.10812760583589454,0.14201949469277453,0.10812760583589454,B
464.15979004,0,2023-02-22T18:05:49Z,237.69973988015278,46,100.00019836,0.10812760583589454,0.14201949469277453,0.10812760583589454,B
541.17059326,0,2023-02-22T18:05:49Z,237.69973988015278,46,100.00019836,0.10812760583589454,0.14201949469277453,0.10812760583589454,B
630.95855713,0,2023-02-22T18:05:49Z,237.69973988015278,46,100.00019836,0.10812760583589454,0.14201949469277453,0.10812760583589454,B
735.64367676,0,2023-02-22T18:05:49Z,237.69973988015278,46,100.00019836,0.10812760583589454,0.14201949469277453,0.10812760583589454,B
857.69757080,0,2023-02-22T18:05:49Z,237.69973988015278,46,100.00019836,0.10812760583589454,0.14201949469277453,0.10812760583589454,B
1000.00195313,0,2023-02-22T18:05:49Z,237.69973988015278,46,100.00019836,0.10812760583589454,0.14201949469277453,0.10812760583589454,B
0.10000020,0,2023-02-22T18:05:50Z,194.67481761509444,46,100.00019836,0.09729577024466231,0.1490509711671523,0.09715773391536331,B
0.11659167,0,2023-02-22T18:05:50Z,194.67481761509444,46,100.00019836,0.09729577024466231,0.1490509711671523,0.09715773391536331,B
0.13593590,0,2023-02-22T18:05:50Z,194.67481761509444,46,100.00019836,0.09729577024466231,0.1490509711671523,0.09715773391536331,B
0.15848963,0,2023-02-22T18:05:50Z,194.67481761509444,46,100.00019836,0.09729577024466231,0.1490509711671523,0.09715773391536331,B
0.18478534,0,2023-02-22T18:05:50Z,194.67481761509444,46,100.00019836,0.09729577024466231,0.1490509711671523,0.09715773391536331,B
0.21544389,0,2023-02-22T18:05:50Z,194.67481761509444,46,100.00019836,0.09729577024466231,0.1490509711671523,0.09715773391536331,B
0.25118914,0,2023-02-22T18:05:50Z,194.67481761509444,46,100.00019836,0.09729577024466231,0.1490509711671523,0.09715773391536331,B
0.29286504,0,2023-02-22T18:05:50Z,194.67481761509444,46,100.00019836,0.09729577024466231,0.1490509711671523,0.09715773391536331,B
0.34145555,0,2023-02-22T18:05:50Z,194.67481761509444,46,100.00019836,0.09729577024466231,0.1490509711671523,0.09715773391536331,B
0.39810795,0,2023-02-22T18:05:50Z,194.67481761509444,46,100.00019836,0.09729577024466231,0.1490509711671523,0.09715773391536331,B
0.46415979,0,2023-02-22T18:05:50Z,194.67481761509444,46,100.00019836,0.09729577024466231,0.1490509711671523,0.09715773391536331,B
0.54117060,0,2023-02-22T18:05:50Z,194.67481761509444,46,100.00019836,0.09729577024466231,0.1490509711671523,0.09715773391536331,B
0.63095856,0,2023-02-22T18:05:50Z,194.67481761509444,46,100.00019836,0.09729577024466231,0.1490509711671523,0.09715773391536331,B
0.73564368,0,2023-02-22T18:05:50Z,194.67481761509444,46,100.00019836,0.09729577024466231,0.1490509711671523,0.09715773391536331,B
0.85769761,0,2023-02-22T18:05:50Z,194.67481761509444,46,100.00019836,0.09729577024466231,0.1490509711671523,0.09715773391536331,B
1.00000191,2.66290159684e-37,2023-02-22T18:05:50Z,194.67481761509444,46,100.00019836,0.09729577024466231,0.1490509711671523,0.09715773391536331,B
1.16591668,0.00480251293629,2023-02-22T18:05:50Z,194.67481761509444,46,100.00019836,0.09729577024466231,0.1490509711671523,0.09715773391536331,B
1.35935903,9.7109708786,2023-02-22T18:05:50Z,194.67481761509444,46,100.00019836,0.09729577024466231,0.1490509711671523,0.09715773391536331,B
1.58489633,4.13058598285e-14,2023-02-22T18:05:50Z,194.67481761509444,46,100.00019836,0.09729577024466231,0.1490509711671523,0.09715773391536331,B
1.84785342,7.00649232162e-43,2023-02-22T18:05:50Z,194.67481761509444,46,100.00019836,0.09729577024466231,0.1490509711671523,0.09715773391536331,B
2.15443897,0,2023-02-22T18:05:50Z,194.67481761509444,46,100.00019836,0.09729577024466231,0.1490509711671523,0.09715773391536331,B
2.51189137,0,2023-02-22T18:05:50Z,194.67481761509444,46,100.00019836,0.09729577024466231,0.1490509711671523,0.09715773391536331,B
2.92865038,0,2023-02-22T18:05:50Z,194.67481761509444,46,100.00019836,0.09729577024466231,0.1490509711671523,0.09715773391536331,B
3.41455555,0,2023-02-22T18:05:50Z,194.67481761509444,46,100.00019836,0.09729577024466231,0.1490509711671523,0.09715773391536331,B
3.98107958,0,2023-02-22T18:05:50Z,194.67481761509444,46,100.00019836,0.09729577024466231,0.1490509711671523,0.09715773391536331,B
4.64159775,0.0138036329299,2023-02-22T18:05:50Z,194.67481761509444,46,100.00019836,0.09729577024466231,0.1490509711671523,0.09715773391536331,B
5.41170597,0.276435762644,2023-02-22T18:05:50Z,194.67481761509444,46,100.00019836,0.09729577024466231,0.1490509711671523,0.09715773391536331,B
6.30958605,0.781197071075,2023-02-22T18:05:50Z,194.67481761509444,46,100.00019836,0.09729577024466231,0.1490509711671523,0.09715773391536331,B
7.35643721,1.55371809006,2023-02-22T18:05:50Z,194.67481761509444,46,100.00019836,0.09729577024466231,0.1490509711671523,0.09715773391536331,B
8.57697582,2.56416916847,2023-02-22T18:05:50Z,194.67481761509444,46,100.00019836,0.09729577024466231,0.1490509711671523,0.09715773391536331,B
10.00002003,3.70235180855,2023-02-22T18:05:50Z,194.67481761509444,46,100.00019836,0.09729577024466231,0.1490509711671523,0.09715773391536331,B
11.65916729,4.76841831207,2023-02-22T18:05:50Z,194.67481761509444,46,100.00019836,0.09729577024466231,0.1490509711671523,0.09715773391536331,B
13.59359074,5.48006296158,2023-02-22T18:05:50Z,194.67481761509444,46,100.00019836,0.09729577024466231,0.1490509711671523,0.09715773391536331,B
15.84896278,5.52820158005,2023-02-22T18:05:50Z,194.67481761509444,46,100.00019836,0.09729577024466231,0.1490509711671523,0.09715773391536331,B
18.47853470,4.68409824371,2023-02-22T18:05:50Z,194.67481761509444,46,100.00019836,0.09729577024466231,0.1490509711671523,0.09715773391536331,B
21.54438972,2.92982077599,2023-02-22T18:05:50Z,194.67481761509444,46,100.00019836,0.09729577024466231,0.1490509711671523,0.09715773391536331,B
25.11891365,0.582632303238,2023-02-22T18:05:50Z,194.67481761509444,46,100.00019836,0.09729577024466231,0.1490509711671523,0.09715773391536331,B
29.28650284,0,2023-02-22T18:05:50Z,194.67481761509444,46,100.00019836,0.09729577024466231,0.1490509711671523,0.09715773391536331,B
34.14555740,0,2023-02-22T18:05:50Z,194.67481761509444,46,100.00019836,0.09729577024466231,0.1490509711671523,0.09715773391536331,B
39.81079483,0,2023-02-22T18:05:50Z,194.67481761509444,46,100.00019836,0.09729577024466231,0.1490509711671523,0.09715773391536331,B
46.41598129,0,2023-02-22T18:05:50Z,194.67481761509444,46,100.00019836,0.09729577024466231,0.1490509711671523,0.09715773391536331,B
54.11705780,0,2023-02-22T18:05:50Z,194.67481761509444,46,100.00019836,0.09729577024466231,0.1490509711671523,0.09715773391536331,B
63.09585953,0,2023-02-22T18:05:50Z,194.67481761509444,46,100.00019836,0.09729577024466231,0.1490509711671523,0.09715773391536331,B
73.56436920,0,2023-02-22T18:05:50Z,194.67481761509444,46,100.00019836,0.09729577024466231,0.1490509711671523,0.09715773391536331,B
85.76976013,0,2023-02-22T18:05:50Z,194.67481761509444,46,100.00019836,0.09729577024466231,0.1490509711671523,0.09715773391536331,B
100.00019836,57.4193191528,2023-02-22T18:05:50Z,194.67481761509444,46,100.00019836,0.09729577024466231,0.1490509711671523,0.09715773391536331,B
116.59166718,0,2023-02-22T18:05:50Z,194.67481761509444,46,100.00019836,0.09729577024466231,0.1490509711671523,0.09715773391536331,B
135.93591309,0,2023-02-22T18:05:50Z,194.67481761509444,46,100.00019836,0.09729577024466231,0.1490509711671523,0.09715773391536331,B
158.48962402,0,2023-02-22T18:05:50Z,194.67481761509444,46,100.00019836,0.09729577024466231,0.1490509711671523,0.09715773391536331,B
184.78533936,0,2023-02-22T18:05:50Z,194.67481761509444,46,100.00019836,0.09729577024466231,0.1490509711671523,0.09715773391536331,B
215.44389343,0,2023-02-22T18:05:50Z,194.67481761509444,46,100.00019836,0.09729577024466231,0.1490509711671523,0.09715773391536331,B
251.18913269,0,2023-02-22T18:05:50Z,194.67481761509444,46,100.00019836,0.09729577024466231,0.1490509711671523,0.09715773391536331,B
292.86502075,0,2023-02-22T18:05:50Z,194.67481761509444,46,100.00019836,0.09729577024466231,0.1490509711671523,0.09715773391536331,B
341.45556641,0,2023-02-22T18:05:50Z,194.67481761509444,46,100.00019836,0.09729577024466231,0.1490509711671523,0.09715773391536331,B
398.10794067,0,2023-02-22T18:05:50Z,194.67481761509444,46,100.00019836,0.09729577024466231,0.1490509711671523,0.09715773391536331,B
464.15979004,0,2023-02-22T18:05:50Z,194.67481761509444,46,100.00019836,0.09729577024466231,0.1490509711671523,0.09715773391536331,B
541.17059326,0,2023-02-22T18:05:50Z,194.67481761509444,46,100.00019836,0.09729577024466231,0.1490509711671523,0.09715773391536331,B
630.95855713,0,2023-02-22T18:05:50Z,194.67481761509444,46,100.00019836,0.09729577024466231,0.1490509711671523,0.09715773391536331,B
735.64367676,0,2023-02-22T18:05:50Z,194.67481761509444,46,100.00019836,0.09729577024466231,0.1490509711671523,0.09715773391536331,B
857.69757080,0,2023-02-22T18:05:50Z,194.67481761509444,46,100.00019836,0.09729577024466231,0.1490509711671523,0.09715773391536331,B
1000.00195313,0,2023-02-22T18:05:50Z,194.67481761509444,46,100.00019836,0.09729577024466231,0.1490509711671523,0.09715773391536331,B
0.10000020,0,2023-02-22T18:05:51Z,193.7679901123139,46,100.00019836,0.11525582158623428,0.13233043667544228,0.11525582154284729,B
0.11659167,0,2023-02-22T18:05:51Z,193.7679901123139,46,100.00019836,0.11525582158623428,0.13233043667544228,0.11525582154284729,B
0.13593590,0,2023-02-22T18:05:51Z,193.7679901123139,46,100.00019836,0.11525582158623428,0.13233043667544228,0.11525582154284729,B
0.15848963,0,2023-02-22T18:05:51Z,193.7679901123139,46,100.00019836,0.11525582158623428,0.13233043667544228,0.11525582154284729,B
0.18478534,0,2023-02-22T18:05:51Z,193.7679901123139,46,100.00019836,0.11525582158623428,0.13233043667544228,0.11525582154284729,B
0.21544389,0,2023-02-22T18:05:51Z,193.7679901123139,46,100.00019836,0.11525582158623428,0.13233043667544228,0.11525582154284729,B
0.25118914,0,2023-02-22T18:05:51Z,193.7679901123139,46,100.00019836,0.11525582158623428,0.13233043667544228,0.11525582154284729,B
0.29286504,0,2023-02-22T18:05:51Z,193.7679901123139,46,100.00019836,0.11525582158623428,0.13233043667544228,0.11525582154284729,B
0.34145555,0,2023-02-22T18:05:51Z,193.7679901123139,46,100.00019836,0.11525582158623428,0.13233043667544228,0.11525582154284729,B
0.39810795,0,2023-02-22T18:05:51Z,193.7679901123139,46,100.00019836,0.11525582158623428,0.13233043667544228,0.11525582154284729,B
0.46415979,0,2023-02-22T18:05:51Z,193.7679901123139,46,100.00019836,0.11525582158623428,0.13233043667544228,0.11525582154284729,B
0.54117060,0,2023-02-22T18:05:51Z,193.7679901123139,46,100.00019836,0.11525582158623428,0.13233043667544228,0.11525582154284729,B
0.63095856,0,2023-02-22T18:05:51Z,193.7679901123139,46,100.00019836,0.11525582158623428,0.13233043667544228,0.11525582154284729,B
0.73564368,0,2023-02-22T18:05:51Z,193.7679901123139,46,100.00019836,0.11525582158623428,0.13233043667544228,0.11525582154284729,B
0.85769761,0,2023-02-22T18:05:51Z,193.7679901123139,46,100.00019836,0.11525582158623428,0.13233043667544228,0.11525582154284729,B
1.00000191,6.42987442803e-12,2023-02-22T18:05:51Z,193.7679901123139,46,100.00019836,0.11525582158623428,0.13233043667544228,0.11525582154284729,B
1.16591668,0.00716071063653,2023-02-22T18:05:51Z,193.7679901123139,46,100.00019836,0.11525582158623428,0.13233043667544228,0.11525582154284729,B
1.35935903,8.06748008728,2023-02-22T18:05:51Z,193.7679901123139,46,100.00019836,0.11525582158623428,0.13233043667544228,0.11525582154284729,B
1.58489633,3.44819808006,2023-02-22T18:05:51Z,193.7679901123139,46,100.00019836,0.11525582158623428,0.13233043667544228,0.11525582154284729,B
1.84785342,0.00274327630177,2023-02-22T18:05:51Z,193.7679901123139,46,100.00019836,0.11525582158623428,0.13233043667544228,0.11525582154284729,B
2.15443897,4.33869828953e-9,2023-02-22T18:05:51Z,193.7679901123139,46,100.00019836,0.11525582158623428,0.13233043667544228,0.11525582154284729,B
2.51189137,2.31393250488e-18,2023-02-22T18:05:51Z,193.7679901123139,46,100.00019836,0.11525582158623428,0.13233043667544228,0.11525582154284729,B
2.92865038,2.06967522516e-34,2023-02-22T18:05:51Z,193.7679901123139,46,100.00019836,0.11525582158623428,0.13233043667544228,0.11525582154284729,B
3.41455555,0,2023-02-22T18:05:51Z,193.7679901123139,46,100.00019836,0.11525582158623428,0.13233043667544228,0.11525582154284729,B
3.98107958,0,2023-02-22T18:05:51Z,193.7679901123139,46,100.00019836,0.11525582158623428,0.13233043667544228,0.11525582154284729,B
4.64159775,0,2023-02-22T18:05:51Z,193.7679901123139,46,100.00019836,0.11525582158623428,0.13233043667544228,0.11525582154284729,B
5.41170597,0.0135906068608,2023-02-22T18:05:51Z,193.7679901123139,46,100.00019836,0.11525582158623428,0.13233043667544228,0.11525582154284729,B
6.30958605,0.135038465261,2023-02-22T18:05:51Z,193.7679901123139,46,100.00019836,0.11525582158623428,0.13233043667544228,0.11525582154284729,B
7.35643721,0.459394365549,2023-02-22T18:05:51Z,193.7679901123139,46,100.00019836,0.11525582158623428,0.13233043667544228,0.11525582154284729,B
8.57697582,1.09943807125,2023-02-22T18:05:51Z,193.7679901123139,46,100.00019836,0.11525582158623428,0.13233043667544228,0.11525582154284729,B
10.00002003,2.13489770889,2023-02-22T18:05:51Z,193.7679901123139,46,100.00019836,0.11525582158623428,0.13233043667544228,0.11525582154284729,B
11.65916729,3.53191161156,2023-02-22T18:05:51Z,193.7679901123139,46,100.00019836,0.11525582158623428,0.13233043667544228,0.11525582154284729,B
13.59359074,5.04396533966,2023-02-22T18:05:51Z,193.7679901123139,46,100.00019836,0.11525582158623428,0.13233043667544228,0.11525582154284729,B
15.84896278,6.16366815567,2023-02-22T18:05:51Z,193.7679901123139,46,100.00019836,0.11525582158623428,0.13233043667544228,0.11525582154284729,B
18.47853470,6.23768377304,2023-02-22T18:05:51Z,193.7679901123139,46,100.00019836,0.11525582158623428,0.13233043667544228,0.11525582154284729,B
21.54438972,4.81761312485,2023-02-22T18:05:51Z,193.7679901123139,46,100.00019836,0.11525582158623428,0.13233043667544228,0.11525582154284729,B
25.11891365,2.20986223221,2023-02-22T18:05:51Z,193.7679901123139,46,100.00019836,0.11525582158623428,0.13233043667544228,0.11525582154284729,B
29.28650284,5.95506455284e-4,2023-02-22T18:05:51Z,193.7679901123139,46,100.00019836,0.11525582158623428,0.13233043667544228,0.11525582154284729,B
34.14555740,0,2023-02-22T18:05:51Z,193.7679901123139,46,100.00019836,0.11525582158623428,0.13233043667544228,0.11525582154284729,B
39.81079483,0,2023-02-22T18:05:51Z,193.7679901123139,46,100.00019836,0.11525582158623428,0.13233043667544228,0.11525582154284729,B
46.41598129,0,2023-02-22T18:05:51Z,193.7679901123139,46,100.00019836,0.11525582158623428,0.13233043667544228,0.11525582154284729,B
54.11705780,0,2023-02-22T18:05:51Z,193.7679901123139,46,100.00019836,0.11525582158623428,0.13233043667544228,0.11525582154284729,B
63.09585953,0,2023-02-22T18:05:51Z,193.7679901123139,46,100.00019836,0.11525582158623428,0.13233043667544228,0.11525582154284729,B
73.56436920,0,2023-02-22T18:05:51Z,193.7679901123139,46,100.00019836,0.11525582158623428,0.13233043667544228,0.11525582154284729,B
85.76976013,0,2023-02-22T18:05:51Z,193.7679901123139,46,100.00019836,0.11525582158623428,0.13233043667544228,0.11525582154284729,B
100.00019836,56.6267623901,2023-02-22T18:05:51Z,193.7679901123139,46,100.00019836,0.11525582158623428,0.13233043667544228,0.11525582154284729,B
116.59166718,0,2023-02-22T18:05:51Z,193.7679901123139,46,100.00019836,0.11525582158623428,0.13233043667544228,0.11525582154284729,B
135.93591309,0,2023-02-22T18:05:51Z,193.7679901123139,46,100.00019836,0.11525582158623428,0.13233043667544228,0.11525582154284729,B
158.48962402,0,2023-02-22T18:05:51Z,193.7679901123139,46,100.00019836,0.11525582158623428,0.13233043667544228,0.11525582154284729,B
184.78533936,0,2023-02-22T18:05:51Z,193.7679901123139,46,100.00019836,0.11525582158623428,0.13233043667544228,0.11525582154284729,B
215.44389343,0,2023-02-22T18:05:51Z,193.7679901123139,46,100.00019836,0.11525582158623428,0.13233043667544228,0.11525582154284729,B
251.18913269,0,2023-02-22T18:05:51Z,193.7679901123139,46,100.00019836,0.11525582158623428,0.13233043667544228,0.11525582154284729,B
292.86502075,0,2023-02-22T18:05:51Z,193.7679901123139,46,100.00019836,0.11525582158623428,0.13233043667544228,0.11525582154284729,B
341.45556641,0,2023-02-22T18:05:51Z,193.7679901123139,46,100.00019836,0.11525582158623428,0.13233043667544228,0.11525582154284729,B
398.10794067,0,2023-02-22T18:05:51Z,193.7679901123139,46,100.00019836,0.11525582158623428,0.13233043667544228,0.11525582154284729,B
464.15979004,0,2023-02-22T18:05:51Z,193.7679901123139,46,100.00019836,0.11525582158623428,0.13233043667544228,0.11525582154284729,B
541.17059326,0,2023-02-22T18:05:51Z,193.7679901123139,46,100.00019836,0.11525582158623428,0.13233043667544228,0.11525582154284729,B
630.95855713,0,2023-02-22T18:05:51Z,193.7679901123139,46,100.00019836,0.11525582158623428,0.13233043667544228,0.11525582154284729,B
735.64367676,0,2023-02-22T18:05:51Z,193.7679901123139,46,100.00019836,0.11525582158623428,0.13233043667544228,0.11525582154284729,B
857.69757080,0,2023-02-22T18:05:51Z,193.7679901123139,46,100.00019836,0.11525582158623428,0.13233043667544228,0.11525582154284729,B
1000.00195313,0,2023-02-22T18:05:51Z,193.7679901123139,46,100.00019836,0.11525582158623428,0.13233043667544228,0.11525582154284729,B
0.10000020,0,2023-02-22T18:05:52Z,178.22564209844165,46,100.00019836,0.12818232302009916,0.15273667801559918,0.1281770994980231,B
0.11659167,0,2023-02-22T18:05:52Z,178.22564209844165,46,100.00019836,0.12818232302009916,0.15273667801559918,0.1281770994980231,B
0.13593590,0,2023-02-22T18:05:52Z,178.22564209844165,46,100.00019836,0.12818232302009916,0.15273667801559918,0.1281770994980231,B
0.15848963,0,2023-02-22T18:05:52Z,178.22564209844165,46,100.00019836,0.12818232302009916,0.15273667801559918,0.1281770994980231,B
0.18478534,0,2023-02-22T18:05:52Z,178.22564209844165,46,100.00019836,0.12818232302009916,0.15273667801559918,0.1281770994980231,B
0.21544389,0,2023-02-22T18:05:52Z,178.22564209844165,46,100.00019836,0.12818232302009916,0.15273667801559918,0.1281770994980231,B
0.25118914,0,2023-02-22T18:05:52Z,178.22564209844165,46,100.00019836,0.12818232302009916,0.15273667801559918,0.1281770994980231,B
0.29286504,0,2023-02-22T18:05:52Z,178.22564209844165,46,100.00019836,0.12818232302009916,0.15273667801559918,0.1281770994980231,B
0.34145555,0,2023-02-22T18:05:52Z,178.22564209844165,46,100.00019836,0.12818232302009916,0.15273667801559918,0.1281770994980231,B
0.39810795,0,2023-02-22T18:05:52Z,178.22564209844165,46,100.00019836,0.12818232302009916,0.15273667801559918,0.1281770994980231,B
0.46415979,0,2023-02-22T18:05:52Z,178.22564209844165,46,100.00019836,0.12818232302009916,0.15273667801559918,0.1281770994980231,B
0.54117060,0,2023-02-22T18:05:52Z,178.22564209844165,46,100.00019836,0.12818232302009916,0.15273667801559918,0.1281770994980231,B
0.63095856,0,2023-02-22T18:05:52Z,178.22564209844165,46,100.00019836,0.12818232302009916,0.15273667801559918,0.1281770994980231,B
0.73564368,0,2023-02-22T18:05:52Z,178.22564209844165,46,100.00019836,0.12818232302009916,0.15273667801559918,0.1281770994980231,B
0.85769761,0,2023-02-22T18:05:52Z,178.22564209844165,46,100.00019836,0.12818232302009916,0.15273667801559918,0.1281770994980231,B
1.00000191,0.00602584052831,2023-02-22T18:05:52Z,178.22564209844165,46,100.00019836,0.12818232302009916,0.15273667801559918,0.1281770994980231,B
1.16591668,2.03965902328,2023-02-22T18:05:52Z,178.22564209844165,46,100.00019836,0.12818232302009916,0.15273667801559918,0.1281770994980231,B
1.35935903,8.10900497437,2023-02-22T18:05:52Z,178.22564209844165,46,100.00019836,0.12818232302009916,0.15273667801559918,0.1281770994980231,B
1.58489633,2.55880236626,2023-02-22T18:05:52Z,178.22564209844165,46,100.00019836,0.12818232302009916,0.15273667801559918,0.1281770994980231,B
1.84785342,0.104217745364,2023-02-22T18:05:52Z,178.22564209844165,46,100.00019836,0.12818232302009916,0.15273667801559918,0.1281770994980231,B
2.15443897,5.22208283655e-4,2023-02-22T18:05:52Z,178.22564209844165,46,100.00019836,0.12818232302009916,0.15273667801559918,0.1281770994980231,B
2.51189137,1.43923912788e-7,2023-02-22T18:05:52Z,178.22564209844165,46,100.00019836,0.12818232302009916,0.15273667801559918,0.1281770994980231,B
2.92865038,3.76219746274e-14,2023-02-22T18:05:52Z,178.22564209844165,46,100.00019836,0.12818232302009916,0.15273667801559918,0.1281770994980231,B
3.41455555,0,2023-02-22T18:05:52Z,178.22564209844165,46,100.00019836,0.12818232302009916,0.15273667801559918,0.1281770994980231,B
3.98107958,0,2023-02-22T18:05:52Z,178.22564209844165,46,100.00019836,0.12818232302009916,0.15273667801559918,0.1281770994980231,B
4.64159775,0,2023-02-22T18:05:52Z,178.22564209844165,46,100.00019836,0.12818232302009916,0.15273667801559918,0.1281770994980231,B
5.41170597,0,2023-02-22T18:05:52Z,178.22564209844165,46,100.00019836,0.12818232302009916,0.15273667801559918,0.1281770994980231,B
6.30958605,0.23552249372,2023-02-22T18:05:52Z,178.22564209844165,46,100.00019836,0.12818232302009916,0.15273667801559918,0.1281770994980231,B
7.35643721,0.72410774231,2023-02-22T18:05:52Z,178.22564209844165,46,100.00019836,0.12818232302009916,0.15273667801559918,0.1281770994980231,B
8.57697582,1.49580526352,2023-02-22T18:05:52Z,178.22564209844165,46,100.00019836,0.12818232302009916,0.15273667801559918,0.1281770994980231,B
10.00002003,2.52802968025,2023-02-22T18:05:52Z,178.22564209844165,46,100.00019836,0.12818232302009916,0.15273667801559918,0.1281770994980231,B
11.65916729,3.69356751442,2023-02-22T18:05:52Z,178.22564209844165,46,100.00019836,0.12818232302009916,0.15273667801559918,0.1281770994980231,B
13.59359074,4.73108625412,2023-02-22T18:05:52Z,178.22564209844165,46,100.00019836,0.12818232302009916,0.15273667801559918,0.1281770994980231,B
15.84896278,5.26334524155,2023-02-22T18:05:52Z,178.22564209844165,46,100.00019836,0.12818232302009916,0.15273667801559918,0.1281770994980231,B
18.47853470,4.89530754089,2023-02-22T18:05:52Z,178.22564209844165,46,100.00019836,0.12818232302009916,0.15273667801559918,0.1281770994980231,B
21.54438972,3.39021539688,2023-02-22T18:05:52Z,178.22564209844165,46,100.00019836,0.12818232302009916,0.15273667801559918,0.1281770994980231,B
25.11891365,0.903768181801,2023-02-22T18:05:52Z,178.22564209844165,46,100.00019836,0.12818232302009916,0.15273667801559918,0.1281770994980231,B
29.28650284,0,2023-02-22T18:05:52Z,178.22564209844165,46,100.00019836,0.12818232302009916,0.15273667801559918,0.1281770994980231,B
34.14555740,0,2023-02-22T18:05:52Z,178.22564209844165,46,100.00019836,0.12818232302009916,0.15273667801559918,0.1281770994980231,B
39.81079483,0,2023-02-22T18:05:52Z,178.22564209844165,46,100.00019836,0.12818232302009916,0.15273667801559918,0.1281770994980231,B
46.41598129,0,2023-02-22T18:05:52Z,178.22564209844165,46,100.00019836,0.12818232302009916,0.15273667801559918,0.1281770994980231,B
54.11705780,0,2023-02-22T18:05:52Z,178.22564209844165,46,100.00019836,0.12818232302009916,0.15273667801559918,0.1281770994980231,B
63.09585953,0,2023-02-22T18:05:52Z,178.22564209844165,46,100.00019836,0.12818232302009916,0.15273667801559918,0.1281770994980231,B
73.56436920,0,2023-02-22T18:05:52Z,178.22564209844165,46,100.00019836,0.12818232302009916,0.15273667801559918,0.1281770994980231,B
85.76976013,0,2023-02-22T18:05:52Z,178.22564209844165,46,100.00019836,0.12818232302009916,0.15273667801559918,0.1281770994980231,B
100.00019836,59.3210220337,2023-02-22T18:05:52Z,178.22564209844165,46,100.00019836,0.12818232302009916,0.15273667801559918,0.1281770994980231,B
116.59166718,0,2023-02-22T18:05:52Z,178.22564209844165,46,100.00019836,0.12818232302009916,0.15273667801559918,0.1281770994980231,B
135.93591309,0,2023-02-22T18:05:52Z,178.22564209844165,46,100.00019836,0.12818232302009916,0.15273667801559918,0.1281770994980231,B
158.48962402,0,2023-02-22T18:05:52Z,178.22564209844165,46,100.00019836,0.12818232302009916,0.15273667801559918,0.1281770994980231,B
184.78533936,0,2023-02-22T18:05:52Z,178.22564209844165,46,100.00019836,0.12818232302009916,0.15273667801559918,0.1281770994980231,B
215.44389343,0,2023-02-22T18:05:52Z,178.22564209844165,46,100.00019836,0.12818232302009916,0.15273667801559918,0.1281770994980231,B
251.18913269,0,2023-02-22T18:05:52Z,178.22564209844165,46,100.00019836,0.12818232302009916,0.15273667801559918,0.1281770994980231,B
292.86502075,0,2023-02-22T18:05:52Z,178.22564209844165,46,100.00019836,0.12818232302009916,0.15273667801559918,0.1281770994980231,B
341.45556641,0,2023-02-22T18:05:52Z,178.22564209844165,46,100.00019836,0.12818232302009916,0.15273667801559918,0.1281770994980231,B
398.10794067,0,2023-02-22T18:05:52Z,178.22564209844165,46,100.00019836,0.12818232302009916,0.15273667801559918,0.1281770994980231,B
464.15979004,0,2023-02-22T18:05:52Z,178.22564209844165,46,100.00019836,0.12818232302009916,0.15273667801559918,0.1281770994980231,B
541.17059326,0,2023-02-22T18:05:52Z,178.22564209844165,46,100.00019836,0.12818232302009916,0.15273667801559918,0.1281770994980231,B
630.95855713,0,2023-02-22T18:05:52Z,178.22564209844165,46,100.00019836,0.12818232302009916,0.15273667801559918,0.1281770994980231,B
735.64367676,0,2023-02-22T18:05:52Z,178.22564209844165,46,100.00019836,0.12818232302009916,0.15273667801559918,0.1281770994980231,B
857.69757080,0,2023-02-22T18:05:52Z,178.22564209844165,46,100.00019836,0.12818232302009916,0.15273667801559918,0.1281770994980231,B
1000.00195313,0,2023-02-22T18:05:52Z,178.22564209844165,46,100.00019836,0.12818232302009916,0.15273667801559918,0.1281770994980231,B
0.10000020,0,2023-02-22T18:05:53Z,206.82272593179724,46,100.00019836,0.13888112045879503,0.15291524431723022,0.1387822318377191,B
0.11659167,0,2023-02-22T18:05:53Z,206.82272593179724,46,100.00019836,0.13888112045879503,0.15291524431723022,0.1387822318377191,B
0.13593590,0,2023-02-22T18:05:53Z,206.82272593179724,46,100.00019836,0.13888112045879503,0.15291524431723022,0.1387822318377191,B
0.15848963,0,2023-02-22T18:05:53Z,206.82272593179724,46,100.00019836,0.13888112045879503,0.15291524431723022,0.1387822318377191,B
0.18478534,0,2023-02-22T18:05:53Z,206.82272593179724,46,100.00019836,0.13888112045879503,0.15291524431723022,0.1387822318377191,B
0.21544389,0,2023-02-22T18:05:53Z,206.82272593179724,46,100.00019836,0.13888112045879503,0.15291524431723022,0.1387822318377191,B
0.25118914,0,2023-02-22T18:05:53Z,206.82272593179724,46,100.00019836,0.13888112045879503,0.15291524431723022,0.1387822318377191,B
0.29286504,0,2023-02-22T18:05:53Z,206.82272593179724,46,100.00019836,0.13888112045879503,0.15291524431723022,0.1387822318377191,B
0.34145555,0,2023-02-22T18:05:53Z,206.82272593179724,46,100.00019836,0.13888112045879503,0.15291524431723022,0.1387822318377191,B
0.39810795,0,2023-02-22T18:05:53Z,206.82272593179724,46,100.00019836,0.13888112045879503,0.15291524431723022,0.1387822318377191,B
0.46415979,0,2023-02-22T18:05:53Z,206.82272593179724,46,100.00019836,0.13888112045879503,0.15291524431723022,0.1387822318377191,B
0.54117060,0,2023-02-22T18:05:53Z,206.82272593179724,46,100.00019836,0.13888112045879503,0.15291524431723022,0.1387822318377191,B
0.63095856,0,2023-02-22T18:05:53Z,206.82272593179724,46,100.00019836,0.13888112045879503,0.15291524431723022,0.1387822318377191,B
0.73564368,0,2023-02-22T18:05:53Z,206.82272593179724,46,100.00019836,0.13888112045879503,0.15291524431723022,0.1387822318377191,B
0.85769761,0,2023-02-22T18:05:53Z,206.82272593179724,46,100.00019836,0.13888112045879503,0.15291524431723022,0.1387822318377191,B
1.00000191,3.90592234908e-4,2023-02-22T18:05:53Z,206.82272593179724,46,100.00019836,0.13888112045879503,0.15291524431723022,0.1387822318377191,B
1.16591668,0.585490584373,2023-02-22T18:05:53Z,206.82272593179724,46,100.00019836,0.13888112045879503,0.15291524431723022,0.1387822318377191,B
1.35935903,6.85169172287,2023-02-22T18:05:53Z,206.82272593179724,46,100.00019836,0.13888112045879503,0.15291524431723022,0.1387822318377191,B
1.58489633,5.79470443726,2023-02-22T18:05:53Z,206.82272593179724,46,100.00019836,0.13888112045879503,0.15291524431723022,0.1387822318377191,B
1.84785342,0.645945847034,2023-02-22T18:05:53Z,206.82272593179724,46,100.00019836,0.13888112045879503,0.15291524431723022,0.1387822318377191,B
2.15443897,0.00987778138369,2023-02-22T18:05:53Z,206.82272593179724,46,100.00019836,0.13888112045879503,0.15291524431723022,0.1387822318377191,B
2.51189137,1.10806622615e-5,2023-02-22T18:05:53Z,206.82272593179724,46,100.00019836,0.13888112045879503,0.15291524431723022,0.1387822318377191,B
2.92865038,6.16435305578e-11,2023-02-22T18:05:53Z,206.82272593179724,46,100.00019836,0.13888112045879503,0.15291524431723022,0.1387822318377191,B
3.41455555,0,2023-02-22T18:05:53Z,206.82272593179724,46,100.00019836,0.13888112045879503,0.15291524431723022,0.1387822318377191,B
3.98107958,0,2023-02-22T18:05:53Z,206.82272593179724,46,100.00019836,0.13888112045879503,0.15291524431723022,0.1387822318377191,B
4.64159775,0,2023-02-22T18:05:53Z,206.82272593179724,46,100.00019836,0.13888112045879503,0.15291524431723022,0.1387822318377191,B
5.41170597,0.00514947529882,2023-02-22T18:05:53Z,206.82272593179724,46,100.00019836,0.13888112045879503,0.15291524431723022,0.1387822318377191,B
6.30958605,0.0932392701507,2023-02-22T18:05:53Z,206.82272593179724,46,100.00019836,0.13888112045879503,0.15291524431723022,0.1387822318377191,B
7.35643721,0.363717406988,2023-02-22T18:05:53Z,206.82272593179724,46,100.00019836,0.13888112045879503,0.15291524431723022,0.1387822318377191,B
8.57697582,0.941306233406,2023-02-22T18:05:53Z,206.82272593179724,46,100.00019836,0.13888112045879503,0.15291524431723022,0.1387822318377191,B
10.00002003,1.93101096153,2023-02-22T18:05:53Z,206.82272593179724,46,100.00019836,0.13888112045879503,0.15291524431723022,0.1387822318377191,B
11.65916729,3.32793664932,2023-02-22T18:05:53Z,206.82272593179724,46,100.00019836,0.13888112045879503,0.15291524431723022,0.1387822318377191,B
13.59359074,4.89415550232,2023-02-22T18:05:53Z,206.82272593179724,46,100.00019836,0.13888112045879503,0.15291524431723022,0.1387822318377191,B
15.84896278,6.07767486572,2023-02-22T18:05:53Z,206.82272593179724,46,100.00019836,0.13888112045879503,0.15291524431723022,0.1387822318377191,B
18.47853470,6.12077569962,2023-02-22T18:05:53Z,206.82272593179724,46,100.00019836,0.13888112045879503,0.15291524431723022,0.1387822318377191,B
21.54438972,4.48723888397,2023-02-22T18:05:53Z,206.82272593179724,46,100.00019836,0.13888112045879503,0.15291524431723022,0.1387822318377191,B
25.11891365,1.61283946037,2023-02-22T18:05:53Z,206.82272593179724,46,100.00019836,0.13888112045879503,0.15291524431723022,0.1387822318377191,B
29.28650284,0,2023-02-22T18:05:53Z,206.82272593179724,46,100.00019836,0.13888112045879503,0.15291524431723022,0.1387822318377191,B
34.14555740,0,2023-02-22T18:05:53Z,206.82272593179724,46,100.00019836,0.13888112045879503,0.15291524431723022,0.1387822318377191,B
39.81079483,0,2023-02-22T18:05:53Z,206.82272593179724,46,100.00019836,0.13888112045879503,0.15291524431723022,0.1387822318377191,B
46.41598129,0,2023-02-22T18:05:53Z,206.82272593179724,46,100.00019836,0.13888112045879503,0.15291524431723022,0.1387822318377191,B
54.11705780,0,2023-02-22T18:05:53Z,206.82272593179724,46,100.00019836,0.13888112045879503,0.15291524431723022,0.1387822318377191,B
63.09585953,0,2023-02-22T18:05:53Z,206.82272593179724,46,100.00019836,0.13888112045879503,0.15291524431723022,0.1387822318377191,B
73.56436920,0,2023-02-22T18:05:53Z,206.82272593179724,46,100.00019836,0.13888112045879503,0.15291524431723022,0.1387822318377191,B
85.76976013,0,2023-02-22T18:05:53Z,206.82272593179724,46,100.00019836,0.13888112045879503,0.15291524431723022,0.1387822318377191,B
100.00019836,56.2568435669,2023-02-22T18:05:53Z,206.82272593179724,46,100.00019836,0.13888112045879503,0.15291524431723022,0.1387822318377191,B
116.59166718,0,2023-02-22T18:05:53Z,206.82272593179724,46,100.00019836,0.13888112045879503,0.15291524431723022,0.1387822318377191,B
135.93591309,0,2023-02-22T18:05:53Z,206.82272593179724,46,100.00019836,0.13888112045879503,0.15291524431723022,0.1387822318377191,B
158.48962402,0,2023-02-22T18:05:53Z,206.82272593179724,46,100.00019836,0.13888112045879503,0.15291524431723022,0.1387822318377191,B
184.78533936,0,2023-02-22T18:05:53Z,206.82272593179724,46,100.00019836,0.13888112045879503,0.15291524431723022,0.1387822318377191,B
215.44389343,0,2023-02-22T18:05:53Z,206.82272593179724,46,100.00019836,0.13888112045879503,0.15291524431723022,0.1387822318377191,B
251.18913269,0,2023-02-22T18:05:53Z,206.82272593179724,46,100.00019836,0.13888112045879503,0.15291524431723022,0.1387822318377191,B
292.86502075,0,2023-02-22T18:05:53Z,206.82272593179724,46,100.00019836,0.13888112045879503,0.15291524431723022,0.1387822318377191,B
341.45556641,0,2023-02-22T18:05:53Z,206.82272593179724,46,100.00019836,0.13888112045879503,0.15291524431723022,0.1387822318377191,B
398.10794067,0,2023-02-22T18:05:53Z,206.82272593179724,46,100.00019836,0.13888112045879503,0.15291524431723022,0.1387822318377191,B
464.15979004,0,2023-02-22T18:05:53Z,206.82272593179724,46,100.00019836,0.13888112045879503,0.15291524431723022,0.1387822318377191,B
541.17059326,0,2023-02-22T18:05:53Z,206.82272593179724,46,100.00019836,0.13888112045879503,0.15291524431723022,0.1387822318377191,B
630.95855713,0,2023-02-22T18:05:53Z,206.82272593179724,46,100.00019836,0.13888112045879503,0.15291524431723022,0.1387822318377191,B
735.64367676,0,2023-02-22T18:05:53Z,206.82272593179724,46,100.00019836,0.13888112045879503,0.15291524431723022,0.1387822318377191,B
857.69757080,0,2023-02-22T18:05:53Z,206.82272593179724,46,100.00019836,0.13888112045879503,0.15291524431723022,0.1387822318377191,B
1000.00195313,0,2023-02-22T18:05:53Z,206.82272593179724,46,100.00019836,0.13888112045879503,0.15291524431723022,0.1387822318377191,B
0.10000020,0,2023-02-22T18:05:54Z,187.43781216945834,41,46.41598129,0.13084409000872668,0.1658451573044407,0.13084409000872668,B
0.11659167,0,2023-02-22T18:05:54Z,187.43781216945834,41,46.41598129,0.13084409000872668,0.1658451573044407,0.13084409000872668,B
0.13593590,0,2023-02-22T18:05:54Z,187.43781216945834,41,46.41598129,0.13084409000872668,0.1658451573044407,0.13084409000872668,B
0.15848963,0,2023-02-22T18:05:54Z,187.43781216945834,41,46.41598129,0.13084409000872668,0.1658451573044407,0.13084409000872668,B
0.18478534,0,2023-02-22T18:05:54Z,187.43781216945834,41,46.41598129,0.13084409000872668,0.1658451573044407,0.13084409000872668,B
0.21544389,0,2023-02-22T18:05:54Z,187.43781216945834,41,46.41598129,0.13084409000872668,0.1658451573044407,0.13084409000872668,B
0.25118914,0,2023-02-22T18:05:54Z,187.43781216945834,41,46.41598129,0.13084409000872668,0.1658451573044407,0.13084409000872668,B
0.29286504,0,2023-02-22T18:05:54Z,187.43781216945834,41,46.41598129,0.13084409000872668,0.1658451573044407,0.13084409000872668,B
0.34145555,0,2023-02-22T18:05:54Z,187.43781216945834,41,46.41598129,0.13084409000872668,0.1658451573044407,0.13084409000872668,B
0.39810795,0,2023-02-22T18:05:54Z,187.43781216945834,41,46.41598129,0.13084409000872668,0.1658451573044407,0.13084409000872668,B
0.46415979,0,2023-02-22T18:05:54Z,187.43781216945834,41,46.41598129,0.13084409000872668,0.1658451573044407,0.13084409000872668,B
0.54117060,0,2023-02-22T18:05:54Z,187.43781216945834,41,46.41598129,0.13084409000872668,0.1658451573044407,0.13084409000872668,B
0.63095856,0,2023-02-22T18:05:54Z,187.43781216945834,41,46.41598129,0.13084409000872668,0.1658451573044407,0.13084409000872668,B
0.73564368,0,2023-02-22T18:05:54Z,187.43781216945834,41,46.41598129,0.13084409000872668,0.1658451573044407,0.13084409000872668,B
0.85769761,0,2023-02-22T18:05:54Z,187.43781216945834,41,46.41598129,0.13084409000872668,0.1658451573044407,0.13084409000872668,B
1.00000191,4.06376554654e-42,2023-02-22T18:05:54Z,187.43781216945834,41,46.41598129,0.13084409000872668,0.1658451573044407,0.13084409000872668,B
1.16591668,1.78585146671e-10,2023-02-22T18:05:54Z,187.43781216945834,41,46.41598129,0.13084409000872668,0.1658451573044407,0.13084409000872668,B
1.35935903,10.0878992081,2023-02-22T18:05:54Z,187.43781216945834,41,46.41598129,0.13084409000872668,0.1658451573044407,0.13084409000872668,B
1.58489633,2.99650979042,2023-02-22T18:05:54Z,187.43781216945834,41,46.41598129,0.13084409000872668,0.1658451573044407,0.13084409000872668,B
1.84785342,2.17408224756e-9,2023-02-22T18:05:54Z,187.43781216945834,41,46.41598129,0.13084409000872668,0.1658451573044407,0.13084409000872668,B
2.15443897,8.39434901114e-27,2023-02-22T18:05:54Z,187.43781216945834,41,46.41598129,0.13084409000872668,0.1658451573044407,0.13084409000872668,B
2.51189137,0,2023-02-22T18:05:54Z,187.43781216945834,41,46.41598129,0.13084409000872668,0.1658451573044407,0.13084409000872668,B
2.92865038,0,2023-02-22T18:05:54Z,187.43781216945834,41,46.41598129,0.13084409000872668,0.1658451573044407,0.13084409000872668,B
3.41455555,0,2023-02-22T18:05:54Z,187.43781216945834,41,46.41598129,0.13084409000872668,0.1658451573044407,0.13084409000872668,B
3.98107958,0,2023-02-22T18:05:54Z,187.43781216945834,41,46.41598129,0.13084409000872668,0.1658451573044407,0.13084409000872668,B
4.64159775,0,2023-02-22T18:05:54Z,187.43781216945834,41,46.41598129,0.13084409000872668,0.1658451573044407,0.13084409000872668,B
5.41170597,0.0949629321694,2023-02-22T18:05:54Z,187.43781216945834,41,46.41598129,0.13084409000872668,0.1658451573044407,0.13084409000872668,B
6.30958605,0.469418346882,2023-02-22T18:05:54Z,187.43781216945834,41,46.41598129,0.13084409000872668,0.1658451573044407,0.13084409000872668,B
7.35643721,1.07009351254,2023-02-22T18:05:54Z,187.43781216945834,41,46.41598129,0.13084409000872668,0.1658451573044407,0.13084409000872668,B
8.57697582,1.86563193798,2023-02-22T18:05:54Z,187.43781216945834,41,46.41598129,0.13084409000872668,0.1658451573044407,0.13084409000872668,B
10.00002003,2.79039549828,2023-02-22T18:05:54Z,187.43781216945834,41,46.41598129,0.13084409000872668,0.1658451573044407,0.13084409000872668,B
11.65916729,3.73109436035,2023-02-22T18:05:54Z,187.43781216945834,41,46.41598129,0.13084409000872668,0.1658451573044407,0.13084409000872668,B
13.59359074,4.52480745316,2023-02-22T18:05:54Z,187.43781216945834,41,46.41598129,0.13084409000872668,0.1658451573044407,0.13084409000872668,B
15.84896278,4.97562646866,2023-02-22T18:05:54Z,187.43781216945834,41,46.41598129,0.13084409000872668,0.1658451573044407,0.13084409000872668,B
18.47853470,4.90758085251,2023-02-22T18:05:54Z,187.43781216945834,41,46.41598129,0.13084409000872668,0.1658451573044407,0.13084409000872668,B
21.54438972,4.24477672577,2023-02-22T18:05:54Z,187.43781216945834,41,46.41598129,0.13084409000872668,0.1658451573044407,0.13084409000872668,B
25.11891365,3.1046833992,2023-02-22T18:05:54Z,187.43781216945834,41,46.41598129,0.13084409000872668,0.1658451573044407,0.13084409000872668,B
29.28650284,1.84477293491,2023-02-22T18:05:54Z,187.43781216945834,41,46.41598129,0.13084409000872668,0.1658451573044407,0.13084409000872668,B
34.14555740,0.977918982506,2023-02-22T18:05:54Z,187.43781216945834,41,46.41598129,0.13084409000872668,0.1658451573044407,0.13084409000872668,B
39.81079483,0.972236871719,2023-02-22T18:05:54Z,187.43781216945834,41,46.41598129,0.13084409000872668,0.1658451573044407,0.13084409000872668,B
46.41598129,2.29037094116,2023-02-22T18:05:54Z,187.43781216945834,41,46.41598129,0.13084409000872668,0.1658451573044407,0.13084409000872668,B
54.11705780,5.28771018982,2023-02-22T18:05:54Z,187.43781216945834,41,46.41598129,0.13084409000872668,0.1658451573044407,0.13084409000872668,B
63.09585953,9.44432735443,2023-02-22T18:05:54Z,187.43781216945834,41,46.41598129,0.13084409000872668,0.1658451573044407,0.13084409000872668,B
73.56436920,12.9470853806,2023-02-22T18:05:54Z,187.43781216945834,41,46.41598129,0.13084409000872668,0.1658451573044407,0.13084409000872668,B
85.76976013,13.1635274887,2023-02-22T18:05:54Z,187.43781216945834,41,46.41598129,0.13084409000872668,0.1658451573044407,0.13084409000872668,B
100.00019836,8.20855712891,2023-02-22T18:05:54Z,187.43781216945834,41,46.41598129,0.13084409000872668,0.1658451573044407,0.13084409000872668,B
116.59166718,0,2023-02-22T18:05:54Z,187.43781216945834,41,46.41598129,0.13084409000872668,0.1658451573044407,0.13084409000872668,B
135.93591309,0,2023-02-22T18:05:54Z,187.43781216945834,41,46.41598129,0.13084409000872668,0.1658451573044407,0.13084409000872668,B
158.48962402,0,2023-02-22T18:05:54Z,187.43781216945834,41,46.41598129,0.13084409000872668,0.1658451573044407,0.13084409000872668,B
184.78533936,0,2023-02-22T18:05:54Z,187.43781216945834,41,46.41598129,0.13084409000872668,0.1658451573044407,0.13084409000872668,B
215.44389343,0,2023-02-22T18:05:54Z,187.43781216945834,41,46.41598129,0.13084409000872668,0.1658451573044407,0.13084409000872668,B
251.18913269,0,2023-02-22T18:05:54Z,187.43781216945834,41,46.41598129,0.13084409000872668,0.1658451573044407,0.13084409000872668,B
292.86502075,0,2023-02-22T18:05:54Z,187.43781216945834,41,46.41598129,0.13084409000872668,0.1658451573044407,0.13084409000872668,B
341.45556641,0,2023-02-22T18:05:54Z,187.43781216945834,41,46.41598129,0.13084409000872668,0.1658451573044407,0.13084409000872668,B
398.10794067,0,2023-02-22T18:05:54Z,187.43781216945834,41,46.41598129,0.13084409000872668,0.1658451573044407,0.13084409000872668,B
464.15979004,0,2023-02-22T18:05:54Z,187.43781216945834,41,46.41598129,0.13084409000872668,0.1658451573044407,0.13084409000872668,B
541.17059326,0,2023-02-22T18:05:54Z,187.43781216945834,41,46.41598129,0.13084409000872668,0.1658451573044407,0.13084409000872668,B
630.95855713,0,2023-02-22T18:05:54Z,187.43781216945834,41,46.41598129,0.13084409000872668,0.1658451573044407,0.13084409000872668,B
735.64367676,0,2023-02-22T18:05:54Z,187.43781216945834,41,46.41598129,0.13084409000872668,0.1658451573044407,0.13084409000872668,B
857.69757080,0,2023-02-22T18:05:54Z,187.43781216945834,41,46.41598129,0.13084409000872668,0.1658451573044407,0.13084409000872668,B
1000.00195313,0,2023-02-22T18:05:54Z,187.43781216945834,41,46.41598129,0.13084409000872668,0.1658451573044407,0.13084409000872668,B
0.10000020,0,2023-02-22T18:05:55Z,174.8280751970361,46,100.00019836,0.15324061726983393,0.17480110453275494,0.15276775127331238,B
0.11659167,0,2023-02-22T18:05:55Z,174.8280751970361,46,100.00019836,0.15324061726983393,0.17480110453275494,0.15276775127331238,B
0.13593590,0,2023-02-22T18:05:55Z,174.8280751970361,46,100.00019836,0.15324061726983393,0.17480110453275494,0.15276775127331238,B
0.15848963,0,2023-02-22T18:05:55Z,174.8280751970361,46,100.00019836,0.15324061726983393,0.17480110453275494,0.15276775127331238,B
0.18478534,0,2023-02-22T18:05:55Z,174.8280751970361,46,100.00019836,0.15324061726983393,0.17480110453275494,0.15276775127331238,B
0.21544389,0,2023-02-22T18:05:55Z,174.8280751970361,46,100.00019836,0.15324061726983393,0.17480110453275494,0.15276775127331238,B
0.25118914,0,2023-02-22T18:05:55Z,174.8280751970361,46,100.00019836,0.15324061726983393,0.17480110453275494,0.15276775127331238,B
0.29286504,0,2023-02-22T18:05:55Z,174.8280751970361,46,100.00019836,0.15324061726983393,0.17480110453275494,0.15276775127331238,B
0.34145555,0,2023-02-22T18:05:55Z,174.8280751970361,46,100.00019836,0.15324061726983393,0.17480110453275494,0.15276775127331238,B
0.39810795,0,2023-02-22T18:05:55Z,174.8280751970361,46,100.00019836,0.15324061726983393,0.17480110453275494,0.15276775127331238,B
0.46415979,0,2023-02-22T18:05:55Z,174.8280751970361,46,100.00019836,0.15324061726983393,0.17480110453275494,0.15276775127331238,B
0.54117060,0,2023-02-22T18:05:55Z,174.8280751970361,46,100.00019836,0.15324061726983393,0.17480110453275494,0.15276775127331238,B
0.63095856,0,2023-02-22T18:05:55Z,174.8280751970361,46,100.00019836,0.15324061726983393,0.17480110453275494,0.15276775127331238,B
0.73564368,0,2023-02-22T18:05:55Z,174.8280751970361,46,100.00019836,0.15324061726983393,0.17480110453275494,0.15276775127331238,B
0.85769761,0,2023-02-22T18:05:55Z,174.8280751970361,46,100.00019836,0.15324061726983393,0.17480110453275494,0.15276775127331238,B
1.00000191,7.97515793238e-4,2023-02-22T18:05:55Z,174.8280751970361,46,100.00019836,0.15324061726983393,0.17480110453275494,0.15276775127331238,B
1.16591668,0.588328957558,2023-02-22T18:05:55Z,174.8280751970361,46,100.00019836,0.15324061726983393,0.17480110453275494,0.15276775127331238,B
1.35935903,6.36953926086,2023-02-22T18:05:55Z,174.8280751970361,46,100.00019836,0.15324061726983393,0.17480110453275494,0.15276775127331238,B
1.58489633,6.98885822296,2023-02-22T18:05:55Z,174.8280751970361,46,100.00019836,0.15324061726983393,0.17480110453275494,0.15276775127331238,B
1.84785342,1.32925117016,2023-02-22T18:05:55Z,174.8280751970361,46,100.00019836,0.15324061726983393,0.17480110453275494,0.15276775127331238,B
2.15443897,0.0470853894949,2023-02-22T18:05:55Z,174.8280751970361,46,100.00019836,0.15324061726983393,0.17480110453275494,0.15276775127331238,B
2.51189137,2.0119259716e-4,2023-02-22T18:05:55Z,174.8280751970361,46,100.00019836,0.15324061726983393,0.17480110453275494,0.15276775127331238,B
2.92865038,1.75600955998e-8,2023-02-22T18:05:55Z,174.8280751970361,46,100.00019836,0.15324061726983393,0.17480110453275494,0.15276775127331238,B
3.41455555,7.18668894912e-21,2023-02-22T18:05:55Z,174.8280751970361,46,100.00019836,0.15324061726983393,0.17480110453275494,0.15276775127331238,B
3.98107958,0,2023-02-22T18:05:55Z,174.8280751970361,46,100.00019836,0.15324061726983393,0.17480110453275494,0.15276775127331238,B
4.64159775,0,2023-02-22T18:05:55Z,174.8280751970361,46,100.00019836,0.15324061726983393,0.17480110453275494,0.15276775127331238,B
5.41170597,0.0293851010501,2023-02-22T18:05:55Z,174.8280751970361,46,100.00019836,0.15324061726983393,0.17480110453275494,0.15276775127331238,B
6.30958605,0.210087418556,2023-02-22T18:05:55Z,174.8280751970361,46,100.00019836,0.15324061726983393,0.17480110453275494,0.15276775127331238,B
7.35643721,0.611044347286,2023-02-22T18:05:55Z,174.8280751970361,46,100.00019836,0.15324061726983393,0.17480110453275494,0.15276775127331238,B
8.57697582,1.3055318594,2023-02-22T18:05:55Z,174.8280751970361,46,100.00019836,0.15324061726983393,0.17480110453275494,0.15276775127331238,B
10.00002003,2.31518983841,2023-02-22T18:05:55Z,174.8280751970361,46,100.00019836,0.15324061726983393,0.17480110453275494,0.15276775127331238,B
11.65916729,3.55228042603,2023-02-22T18:05:55Z,174.8280751970361,46,100.00019836,0.15324061726983393,0.17480110453275494,0.15276775127331238,B
13.59359074,4.76099348068,2023-02-22T18:05:55Z,174.8280751970361,46,100.00019836,0.15324061726983393,0.17480110453275494,0.15276775127331238,B
15.84896278,5.50441122055,2023-02-22T18:05:55Z,174.8280751970361,46,100.00019836,0.15324061726983393,0.17480110453275494,0.15276775127331238,B
18.47853470,5.26602697372,2023-02-22T18:05:55Z,174.8280751970361,46,100.00019836,0.15324061726983393,0.17480110453275494,0.15276775127331238,B
21.54438972,3.70703935623,2023-02-22T18:05:55Z,174.8280751970361,46,100.00019836,0.15324061726983393,0.17480110453275494,0.15276775127331238,B
25.11891365,1.10222148895,2023-02-22T18:05:55Z,174.8280751970361,46,100.00019836,0.15324061726983393,0.17480110453275494,0.15276775127331238,B
29.28650284,0,2023-02-22T18:05:55Z,174.8280751970361,46,100.00019836,0.15324061726983393,0.17480110453275494,0.15276775127331238,B
34.14555740,0,2023-02-22T18:05:55Z,174.8280751970361,46,100.00019836,0.15324061726983393,0.17480110453275494,0.15276775127331238,B
39.81079483,0,2023-02-22T18:05:55Z,174.8280751970361,46,100.00019836,0.15324061726983393,0.17480110453275494,0.15276775127331238,B
46.41598129,0,2023-02-22T18:05:55Z,174.8280751970361,46,100.00019836,0.15324061726983393,0.17480110453275494,0.15276775127331238,B
54.11705780,0,2023-02-22T18:05:55Z,174.8280751970361,46,100.00019836,0.15324061726983393,0.17480110453275494,0.15276775127331238,B
63.09585953,0,2023-02-22T18:05:55Z,174.8280751970361,46,100.00019836,0.15324061726983393,0.17480110453275494,0.15276775127331238,B
73.56436920,0,2023-02-22T18:05:55Z,174.8280751970361,46,100.00019836,0.15324061726983393,0.17480110453275494,0.15276775127331238,B
85.76976013,0,2023-02-22T18:05:55Z,174.8280751970361,46,100.00019836,0.15324061726983393,0.17480110453275494,0.15276775127331238,B
100.00019836,56.3117256165,2023-02-22T18:05:55Z,174.8280751970361,46,100.00019836,0.15324061726983393,0.17480110453275494,0.15276775127331238,B
116.59166718,0,2023-02-22T18:05:55Z,174.8280751970361,46,100.00019836,0.15324061726983393,0.17480110453275494,0.15276775127331238,B
135.93591309,0,2023-02-22T18:05:55Z,174.8280751970361,46,100.00019836,0.15324061726983393,0.17480110453275494,0.15276775127331238,B
158.48962402,0,2023-02-22T18:05:55Z,174.8280751970361,46,100.00019836,0.15324061726983393,0.17480110453275494,0.15276775127331238,B
184.78533936,0,2023-02-22T18:05:55Z,174.8280751970361,46,100.00019836,0.15324061726983393,0.17480110453275494,0.15276775127331238,B
215.44389343,0,2023-02-22T18:05:55Z,174.8280751970361,46,100.00019836,0.15324061726983393,0.17480110453275494,0.15276775127331238,B
251.18913269,0,2023-02-22T18:05:55Z,174.8280751970361,46,100.00019836,0.15324061726983393,0.17480110453275494,0.15276775127331238,B
292.86502075,0,2023-02-22T18:05:55Z,174.8280751970361,46,100.00019836,0.15324061726983393,0.17480110453275494,0.15276775127331238,B
341.45556641,0,2023-02-22T18:05:55Z,174.8280751970361,46,100.00019836,0.15324061726983393,0.17480110453275494,0.15276775127331238,B
398.10794067,0,2023-02-22T18:05:55Z,174.8280751970361,46,100.00019836,0.15324061726983393,0.17480110453275494,0.15276775127331238,B
464.15979004,0,2023-02-22T18:05:55Z,174.8280751970361,46,100.00019836,0.15324061726983393,0.17480110453275494,0.15276775127331238,B
541.17059326,0,2023-02-22T18:05:55Z,174.8280751970361,46,100.00019836,0.15324061726983393,0.17480110453275494,0.15276775127331238,B
630.95855713,0,2023-02-22T18:05:55Z,174.8280751970361,46,100.00019836,0.15324061726983393,0.17480110453275494,0.15276775127331238,B
735.64367676,0,2023-02-22T18:05:55Z,174.8280751970361,46,100.00019836,0.15324061726983393,0.17480110453275494,0.15276775127331238,B
857.69757080,0,2023-02-22T18:05:55Z,174.8280751970361,46,100.00019836,0.15324061726983393,0.17480110453275494,0.15276775127331238,B
1000.00195313,0,2023-02-22T18:05:55Z,174.8280751970361,46,100.00019836,0.15324061726983393,0.17480110453275494,0.15276775127331238,B
0.10000020,0,2023-02-22T18:05:56Z,179.27881251458334,46,100.00019836,0.112111644745,0.125232533402872,0.112111644745,B
0.11659167,0,2023-02-22T18:05:56Z,179.27881251458334,46,100.00019836,0.112111644745,0.125232533402872,0.112111644745,B
0.13593590,0,2023-02-22T18:05:56Z,179.27881251458334,46,100.00019836,0.112111644745,0.125232533402872,0.112111644745,B
0.15848963,0,2023-02-22T18:05:56Z,179.27881251458334,46,100.00019836,0.112111644745,0.125232533402872,0.112111644745,B
0.18478534,0,2023-02-22T18:05:56Z,179.27881251458334,46,100.00019836,0.112111644745,0.125232533402872,0.112111644745,B
0.21544389,0,2023-02-22T18:05:56Z,179.27881251458334,46,100.00019836,0.112111644745,0.125232533402872,0.112111644745,B
0.25118914,0,2023-02-22T18:05:56Z,179.27881251458334,46,100.00019836,0.112111644745,0.125232533402872,0.112111644745,B
0.29286504,0,2023-02-22T18:05:56Z,179.27881251458334,46,100.00019836,0.112111644745,0.125232533402872,0.112111644745,B
0.34145555,0,2023-02-22T18:05:56Z,179.27881251458334,46,100.00019836,0.112111644745,0.125232533402872,0.112111644745,B
0.39810795,0,2023-02-22T18:05:56Z,179.27881251458334,46,100.00019836,0.112111644745,0.125232533402872,0.112111644745,B
0.46415979,0,2023-02-22T18:05:56Z,179.27881251458334,46,100.00019836,0.112111644745,0.125232533402872,0.112111644745,B
0.54117060,0,2023-02-22T18:05:56Z,179.27881251458334,46,100.00019836,0.112111644745,0.125232533402872,0.112111644745,B
0.63095856,0,2023-02-22T18:05:56Z,179.27881251458334,46,100.00019836,0.112111644745,0.125232533402872,0.112111644745,B
0.73564368,0,2023-02-22T18:05:56Z,179.27881251458334,46,100.00019836,0.112111644745,0.125232533402872,0.112111644745,B
0.85769761,0,2023-02-22T18:05:56Z,179.27881251458334,46,100.00019836,0.112111644745,0.125232533402872,0.112111644745,B
1.00000191,0,2023-02-22T18:05:56Z,179.27881251458334,46,100.00019836,0.112111644745,0.125232533402872,0.112111644745,B
1.16591668,0,2023-02-22T18:05:56Z,179.27881251458334,46,100.00019836,0.112111644745,0.125232533402872,0.112111644745,B
1.35935903,11.2111644745,2023-02-22T18:05:56Z,179.27881251458334,46,100.00019836,0.112111644745,0.125232533402872,0.112111644745,B
1.58489633,0,2023-02-22T18:05:56Z,179.27881251458334,46,100.00019836,0.112111644745,0.125232533402872,0.112111644745,B
1.84785342,0,2023-02-22T18:05:56Z,179.27881251458334,46,100.00019836,0.112111644745,0.125232533402872,0.112111644745,B
2.15443897,0,2023-02-22T18:05:56Z,179.27881251458334,46,100.00019836,0.112111644745,0.125232533402872,0.112111644745,B
2.51189137,0,2023-02-22T18:05:56Z,179.27881251458334,46,100.00019836,0.112111644745,0.125232533402872,0.112111644745,B
2.92865038,0,2023-02-22T18:05:56Z,179.27881251458334,46,100.00019836,0.112111644745,0.125232533402872,0.112111644745,B
3.41455555,0,2023-02-22T18:05:56Z,179.27881251458334,46,100.00019836,0.112111644745,0.125232533402872,0.112111644745,B
3.98107958,0,2023-02-22T18:05:56Z,179.27881251458334,46,100.00019836,0.112111644745,0.125232533402872,0.112111644745,B
4.64159775,0,2023-02-22T18:05:56Z,179.27881251458334,46,100.00019836,0.112111644745,0.125232533402872,0.112111644745,B
5.41170597,0,2023-02-22T18:05:56Z,179.27881251458334,46,100.00019836,0.112111644745,0.125232533402872,0.112111644745,B
6.30958605,0.0550657697022,2023-02-22T18:05:56Z,179.27881251458334,46,100.00019836,0.112111644745,0.125232533402872,0.112111644745,B
7.35643721,0.327255189419,2023-02-22T18:05:56Z,179.27881251458334,46,100.00019836,0.112111644745,0.125232533402872,0.112111644745,B
8.57697582,0.929767906666,2023-02-22T18:05:56Z,179.27881251458334,46,100.00019836,0.112111644745,0.125232533402872,0.112111644745,B
10.00002003,1.94638609886,2023-02-22T18:05:56Z,179.27881251458334,46,100.00019836,0.112111644745,0.125232533402872,0.112111644745,B
11.65916729,3.30397868156,2023-02-22T18:05:56Z,179.27881251458334,46,100.00019836,0.112111644745,0.125232533402872,0.112111644745,B
13.59359074,4.65760660172,2023-02-22T18:05:56Z,179.27881251458334,46,100.00019836,0.112111644745,0.125232533402872,0.112111644745,B
15.84896278,5.38690853119,2023-02-22T18:05:56Z,179.27881251458334,46,100.00019836,0.112111644745,0.125232533402872,0.112111644745,B
18.47853470,4.83076715469,2023-02-22T18:05:56Z,179.27881251458334,46,100.00019836,0.112111644745,0.125232533402872,0.112111644745,B
21.54438972,2.77198648453,2023-02-22T18:05:56Z,179.27881251458334,46,100.00019836,0.112111644745,0.125232533402872,0.112111644745,B
25.11891365,0.114738464355,2023-02-22T18:05:56Z,179.27881251458334,46,100.00019836,0.112111644745,0.125232533402872,0.112111644745,B
29.28650284,0,2023-02-22T18:05:56Z,179.27881251458334,46,100.00019836,0.112111644745,0.125232533402872,0.112111644745,B
34.14555740,0,2023-02-22T18:05:56Z,179.27881251458334,46,100.00019836,0.112111644745,0.125232533402872,0.112111644745,B
39.81079483,0,2023-02-22T18:05:56Z,179.27881251458334,46,100.00019836,0.112111644745,0.125232533402872,0.112111644745,B
46.41598129,0,2023-02-22T18:05:56Z,179.27881251458334,46,100.00019836,0.112111644745,0.125232533402872,0.112111644745,B
54.11705780,0,2023-02-22T18:05:56Z,179.27881251458334,46,100.00019836,0.112111644745,0.125232533402872,0.112111644745,B
63.09585953,0,2023-02-22T18:05:56Z,179.27881251458334,46,100.00019836,0.112111644745,0.125232533402872,0.112111644745,B
73.56436920,0,2023-02-22T18:05:56Z,179.27881251458334,46,100.00019836,0.112111644745,0.125232533402872,0.112111644745,B
85.76976013,0,2023-02-22T18:05:56Z,179.27881251458334,46,100.00019836,0.112111644745,0.125232533402872,0.112111644745,B
100.00019836,64.4643707275,2023-02-22T18:05:56Z,179.27881251458334,46,100.00019836,0.112111644745,0.125232533402872,0.112111644745,B
116.59166718,0,2023-02-22T18:05:56Z,179.27881251458334,46,100.00019836,0.112111644745,0.125232533402872,0.112111644745,B
135.93591309,0,2023-02-22T18:05:56Z,179.27881251458334,46,100.00019836,0.112111644745,0.125232533402872,0.112111644745,B
158.48962402,0,2023-02-22T18:05:56Z,179.27881251458334,46,100.00019836,0.112111644745,0.125232533402872,0.112111644745,B
184.78533936,0,2023-02-22T18:05:56Z,179.27881251458334,46,100.00019836,0.112111644745,0.125232533402872,0.112111644745,B
215.44389343,0,2023-02-22T18:05:56Z,179.27881251458334,46,100.00019836,0.112111644745,0.125232533402872,0.112111644745,B
251.18913269,0,2023-02-22T18:05:56Z,179.27881251458334,46,100.00019836,0.112111644745,0.125232533402872,0.112111644745,B
292.86502075,0,2023-02-22T18:05:56Z,179.27881251458334,46,100.00019836,0.112111644745,0.125232533402872,0.112111644745,B
341.45556641,0,2023-02-22T18:05:56Z,179.27881251458334,46,100.00019836,0.112111644745,0.125232533402872,0.112111644745,B
398.10794067,0,2023-02-22T18:05:56Z,179.27881251458334,46,100.00019836,0.112111644745,0.125232533402872,0.112111644745,B
464.15979004,0,2023-02-22T18:05:56Z,179.27881251458334,46,100.00019836,0.112111644745,0.125232533402872,0.112111644745,B
541.17059326,0,2023-02-22T18:05:56Z,179.27881251458334,46,100.00019836,0.112111644745,0.125232533402872,0.112111644745,B
630.95855713,0,2023-02-22T18:05:56Z,179.27881251458334,46,100.00019836,0.112111644745,0.125232533402872,0.112111644745,B
735.64367676,0,2023-02-22T18:05:56Z,179.27881251458334,46,100.00019836,0.112111644745,0.125232533402872,0.112111644745,B
857.69757080,0,2023-02-22T18:05:56Z,179.27881251458334,46,100.00019836,0.112111644745,0.125232533402872,0.112111644745,B
1000.00195313,0,2023-02-22T18:05:56Z,179.27881251458334,46,100.00019836,0.112111644745,0.125232533402872,0.112111644745,B
0.10000020,0,2023-02-22T18:05:57Z,171.28134134076666,46,100.00019836,0.13174369102555544,0.14782956023915983,0.1317282805044898,B
0.11659167,0,2023-02-22T18:05:57Z,171.28134134076666,46,100.00019836,0.13174369102555544,0.14782956023915983,0.1317282805044898,B
0.13593590,0,2023-02-22T18:05:57Z,171.28134134076666,46,100.00019836,0.13174369102555544,0.14782956023915983,0.1317282805044898,B
0.15848963,0,2023-02-22T18:05:57Z,171.28134134076666,46,100.00019836,0.13174369102555544,0.14782956023915983,0.1317282805044898,B
0.18478534,0,2023-02-22T18:05:57Z,171.28134134076666,46,100.00019836,0.13174369102555544,0.14782956023915983,0.1317282805044898,B
0.21544389,0,2023-02-22T18:05:57Z,171.28134134076666,46,100.00019836,0.13174369102555544,0.14782956023915983,0.1317282805044898,B
0.25118914,0,2023-02-22T18:05:57Z,171.28134134076666,46,100.00019836,0.13174369102555544,0.14782956023915983,0.1317282805044898,B
0.29286504,0,2023-02-22T18:05:57Z,171.28134134076666,46,100.00019836,0.13174369102555544,0.14782956023915983,0.1317282805044898,B
0.34145555,0,2023-02-22T18:05:57Z,171.28134134076666,46,100.00019836,0.13174369102555544,0.14782956023915983,0.1317282805044898,B
0.39810795,0,2023-02-22T18:05:57Z,171.28134134076666,46,100.00019836,0.13174369102555544,0.14782956023915983,0.1317282805044898,B
0.46415979,0,2023-02-22T18:05:57Z,171.28134134076666,46,100.00019836,0.13174369102555544,0.14782956023915983,0.1317282805044898,B
0.54117060,0,2023-02-22T18:05:57Z,171.28134134076666,46,100.00019836,0.13174369102555544,0.14782956023915983,0.1317282805044898,B
0.63095856,0,2023-02-22T18:05:57Z,171.28134134076666,46,100.00019836,0.13174369102555544,0.14782956023915983,0.1317282805044898,B
0.73564368,0,2023-02-22T18:05:57Z,171.28134134076666,46,100.00019836,0.13174369102555544,0.14782956023915983,0.1317282805044898,B
0.85769761,0,2023-02-22T18:05:57Z,171.28134134076666,46,100.00019836,0.13174369102555544,0.14782956023915983,0.1317282805044898,B
1.00000191,4.81249880977e-4,2023-02-22T18:05:57Z,171.28134134076666,46,100.00019836,0.13174369102555544,0.14782956023915983,0.1317282805044898,B
1.16591668,0.725231707096,2023-02-22T18:05:57Z,171.28134134076666,46,100.00019836,0.13174369102555544,0.14782956023915983,0.1317282805044898,B
1.35935903,7.59732866287,2023-02-22T18:05:57Z,171.28134134076666,46,100.00019836,0.13174369102555544,0.14782956023915983,0.1317282805044898,B
1.58489633,4.57700490952,2023-02-22T18:05:57Z,171.28134134076666,46,100.00019836,0.13174369102555544,0.14782956023915983,0.1317282805044898,B
1.84785342,0.272781521082,2023-02-22T18:05:57Z,171.28134134076666,46,100.00019836,0.13174369102555544,0.14782956023915983,0.1317282805044898,B
2.15443897,0.00154070311692,2023-02-22T18:05:57Z,171.28134134076666,46,100.00019836,0.13174369102555544,0.14782956023915983,0.1317282805044898,B
2.51189137,3.48989601662e-7,2023-02-22T18:05:57Z,171.28134134076666,46,100.00019836,0.13174369102555544,0.14782956023915983,0.1317282805044898,B
2.92865038,4.52233872095e-14,2023-02-22T18:05:57Z,171.28134134076666,46,100.00019836,0.13174369102555544,0.14782956023915983,0.1317282805044898,B
3.41455555,0,2023-02-22T18:05:57Z,171.28134134076666,46,100.00019836,0.13174369102555544,0.14782956023915983,0.1317282805044898,B
3.98107958,0,2023-02-22T18:05:57Z,171.28134134076666,46,100.00019836,0.13174369102555544,0.14782956023915983,0.1317282805044898,B
4.64159775,0,2023-02-22T18:05:57Z,171.28134134076666,46,100.00019836,0.13174369102555544,0.14782956023915983,0.1317282805044898,B
5.41170597,0.00383361335844,2023-02-22T18:05:57Z,171.28134134076666,46,100.00019836,0.13174369102555544,0.14782956023915983,0.1317282805044898,B
6.30958605,0.112507991493,2023-02-22T18:05:57Z,171.28134134076666,46,100.00019836,0.13174369102555544,0.14782956023915983,0.1317282805044898,B
7.35643721,0.426823496819,2023-02-22T18:05:57Z,171.28134134076666,46,100.00019836,0.13174369102555544,0.14782956023915983,0.1317282805044898,B
8.57697582,1.06542181969,2023-02-22T18:05:57Z,171.28134134076666,46,100.00019836,0.13174369102555544,0.14782956023915983,0.1317282805044898,B
10.00002003,2.10630249977,2023-02-22T18:05:57Z,171.28134134076666,46,100.00019836,0.13174369102555544,0.14782956023915983,0.1317282805044898,B
11.65916729,3.49016857147,2023-02-22T18:05:57Z,171.28134134076666,46,100.00019836,0.13174369102555544,0.14782956023915983,0.1317282805044898,B
13.59359074,4.90973043442,2023-02-22T18:05:57Z,171.28134134076666,46,100.00019836,0.13174369102555544,0.14782956023915983,0.1317282805044898,B
15.84896278,5.77355003357,2023-02-22T18:05:57Z,171.28134134076666,46,100.00019836,0.13174369102555544,0.14782956023915983,0.1317282805044898,B
18.47853470,5.37692546844,2023-02-22T18:05:57Z,171.28134134076666,46,100.00019836,0.13174369102555544,0.14782956023915983,0.1317282805044898,B
21.54438972,3.35971856117,2023-02-22T18:05:57Z,171.28134134076666,46,100.00019836,0.13174369102555544,0.14782956023915983,0.1317282805044898,B
25.11891365,0.46507152915,2023-02-22T18:05:57Z,171.28134134076666,46,100.00019836,0.13174369102555544,0.14782956023915983,0.1317282805044898,B
29.28650284,0,2023-02-22T18:05:57Z,171.28134134076666,46,100.00019836,0.13174369102555544,0.14782956023915983,0.1317282805044898,B
34.14555740,0,2023-02-22T18:05:57Z,171.28134134076666,46,100.00019836,0.13174369102555544,0.14782956023915983,0.1317282805044898,B
39.81079483,0,2023-02-22T18:05:57Z,171.28134134076666,46,100.00019836,0.13174369102555544,0.14782956023915983,0.1317282805044898,B
46.41598129,0,2023-02-22T18:05:57Z,171.28134134076666,46,100.00019836,0.13174369102555544,0.14782956023915983,0.1317282805044898,B
54.11705780,0,2023-02-22T18:05:57Z,171.28134134076666,46,100.00019836,0.13174369102555544,0.14782956023915983,0.1317282805044898,B
63.09585953,0,2023-02-22T18:05:57Z,171.28134134076666,46,100.00019836,0.13174369102555544,0.14782956023915983,0.1317282805044898,B
73.56436920,0,2023-02-22T18:05:57Z,171.28134134076666,46,100.00019836,0.13174369102555544,0.14782956023915983,0.1317282805044898,B
85.76976013,0,2023-02-22T18:05:57Z,171.28134134076666,46,100.00019836,0.13174369102555544,0.14782956023915983,0.1317282805044898,B
100.00019836,59.7355766296,2023-02-22T18:05:57Z,171.28134134076666,46,100.00019836,0.13174369102555544,0.14782956023915983,0.1317282805044898,B
116.59166718,0,2023-02-22T18:05:57Z,171.28134134076666,46,100.00019836,0.13174369102555544,0.14782956023915983,0.1317282805044898,B
135.93591309,0,2023-02-22T18:05:57Z,171.28134134076666,46,100.00019836,0.13174369102555544,0.14782956023915983,0.1317282805044898,B
158.48962402,0,2023-02-22T18:05:57Z,171.28134134076666,46,100.00019836,0.13174369102555544,0.14782956023915983,0.1317282805044898,B
184.78533936,0,2023-02-22T18:05:57Z,171.28134134076666,46,100.00019836,0.13174369102555544,0.14782956023915983,0.1317282805044898,B
215.44389343,0,2023-02-22T18:05:57Z,171.28134134076666,46,100.00019836,0.13174369102555544,0.14782956023915983,0.1317282805044898,B
251.18913269,0,2023-02-22T18:05:57Z,171.28134134076666,46,100.00019836,0.13174369102555544,0.14782956023915983,0.1317282805044898,B
292.86502075,0,2023-02-22T18:05:57Z,171.28134134076666,46,100.00019836,0.13174369102555544,0.14782956023915983,0.1317282805044898,B
341.45556641,0,2023-02-22T18:05:57Z,171.28134134076666,46,100.00019836,0.13174369102555544,0.14782956023915983,0.1317282805044898,B
398.10794067,0,2023-02-22T18:05:57Z,171.28134134076666,46,100.00019836,0.13174369102555544,0.14782956023915983,0.1317282805044898,B
464.15979004,0,2023-02-22T18:05:57Z,171.28134134076666,46,100.00019836,0.13174369102555544,0.14782956023915983,0.1317282805044898,B
541.17059326,0,2023-02-22T18:05:57Z,171.28134134076666,46,100.00019836,0.13174369102555544,0.14782956023915983,0.1317282805044898,B
630.95855713,0,2023-02-22T18:05:57Z,171.28134134076666,46,100.00019836,0.13174369102555544,0.14782956023915983,0.1317282805044898,B
735.64367676,0,2023-02-22T18:05:57Z,171.28134134076666,46,100.00019836,0.13174369102555544,0.14782956023915983,0.1317282805044898,B
857.69757080,0,2023-02-22T18:05:57Z,171.28134134076666,46,100.00019836,0.13174369102555544,0.14782956023915983,0.1317282805044898,B
1000.00195313,0,2023-02-22T18:05:57Z,171.28134134076666,46,100.00019836,0.13174369102555544,0.14782956023915983,0.1317282805044898,B
0.10000020,0,2023-02-22T18:05:58Z,154.2430114746111,46,100.00019836,0.13358281199836772,0.1616175716093047,0.1335433681134465,B
0.11659167,0,2023-02-22T18:05:58Z,154.2430114746111,46,100.00019836,0.13358281199836772,0.1616175716093047,0.1335433681134465,B
0.13593590,0,2023-02-22T18:05:58Z,154.2430114746111,46,100.00019836,0.13358281199836772,0.1616175716093047,0.1335433681134465,B
0.15848963,0,2023-02-22T18:05:58Z,154.2430114746111,46,100.00019836,0.13358281199836772,0.1616175716093047,0.1335433681134465,B
0.18478534,0,2023-02-22T18:05:58Z,154.2430114746111,46,100.00019836,0.13358281199836772,0.1616175716093047,0.1335433681134465,B
0.21544389,0,2023-02-22T18:05:58Z,154.2430114746111,46,100.00019836,0.13358281199836772,0.1616175716093047,0.1335433681134465,B
0.25118914,0,2023-02-22T18:05:58Z,154.2430114746111,46,100.00019836,0.13358281199836772,0.1616175716093047,0.1335433681134465,B
0.29286504,0,2023-02-22T18:05:58Z,154.2430114746111,46,100.00019836,0.13358281199836772,0.1616175716093047,0.1335433681134465,B
0.34145555,0,2023-02-22T18:05:58Z,154.2430114746111,46,100.00019836,0.13358281199836772,0.1616175716093047,0.1335433681134465,B
0.39810795,0,2023-02-22T18:05:58Z,154.2430114746111,46,100.00019836,0.13358281199836772,0.1616175716093047,0.1335433681134465,B
0.46415979,0,2023-02-22T18:05:58Z,154.2430114746111,46,100.00019836,0.13358281199836772,0.1616175716093047,0.1335433681134465,B
0.54117060,0,2023-02-22T18:05:58Z,154.2430114746111,46,100.00019836,0.13358281199836772,0.1616175716093047,0.1335433681134465,B
0.63095856,0,2023-02-22T18:05:58Z,154.2430114746111,46,100.00019836,0.13358281199836772,0.1616175716093047,0.1335433681134465,B
0.73564368,0,2023-02-22T18:05:58Z,154.2430114746111,46,100.00019836,0.13358281199836772,0.1616175716093047,0.1335433681134465,B
0.85769761,0,2023-02-22T18:05:58Z,154.2430114746111,46,100.00019836,0.13358281199836772,0.1616175716093047,0.1335433681134465,B
1.00000191,0.00102452759165,2023-02-22T18:05:58Z,154.2430114746111,46,100.00019836,0.13358281199836772,0.1616175716093047,0.1335433681134465,B
1.16591668,0.882488012314,2023-02-22T18:05:58Z,154.2430114746111,46,100.00019836,0.13358281199836772,0.1616175716093047,0.1335433681134465,B
1.35935903,7.44808149338,2023-02-22T18:05:58Z,154.2430114746111,46,100.00019836,0.13358281199836772,0.1616175716093047,0.1335433681134465,B
1.58489633,4.65162324905,2023-02-22T18:05:58Z,154.2430114746111,46,100.00019836,0.13358281199836772,0.1616175716093047,0.1335433681134465,B
1.84785342,0.371119529009,2023-02-22T18:05:58Z,154.2430114746111,46,100.00019836,0.13358281199836772,0.1616175716093047,0.1335433681134465,B
2.15443897,0.00394111638889,2023-02-22T18:05:58Z,154.2430114746111,46,100.00019836,0.13358281199836772,0.1616175716093047,0.1335433681134465,B
2.51189137,3.27207908413e-6,2023-02-22T18:05:58Z,154.2430114746111,46,100.00019836,0.13358281199836772,0.1616175716093047,0.1335433681134465,B
2.92865038,2.41467644491e-11,2023-02-22T18:05:58Z,154.2430114746111,46,100.00019836,0.13358281199836772,0.1616175716093047,0.1335433681134465,B
3.41455555,1.55793615732e-34,2023-02-22T18:05:58Z,154.2430114746111,46,100.00019836,0.13358281199836772,0.1616175716093047,0.1335433681134465,B
3.98107958,0,2023-02-22T18:05:58Z,154.2430114746111,46,100.00019836,0.13358281199836772,0.1616175716093047,0.1335433681134465,B
4.64159775,0,2023-02-22T18:05:58Z,154.2430114746111,46,100.00019836,0.13358281199836772,0.1616175716093047,0.1335433681134465,B
5.41170597,0.0735528618097,2023-02-22T18:05:58Z,154.2430114746111,46,100.00019836,0.13358281199836772,0.1616175716093047,0.1335433681134465,B
6.30958605,0.326859265566,2023-02-22T18:05:58Z,154.2430114746111,46,100.00019836,0.13358281199836772,0.1616175716093047,0.1335433681134465,B
7.35643721,0.815216004848,2023-02-22T18:05:58Z,154.2430114746111,46,100.00019836,0.13358281199836772,0.1616175716093047,0.1335433681134465,B
8.57697582,1.58784782887,2023-02-22T18:05:58Z,154.2430114746111,46,100.00019836,0.13358281199836772,0.1616175716093047,0.1335433681134465,B
10.00002003,2.63059186935,2023-02-22T18:05:58Z,154.2430114746111,46,100.00019836,0.13358281199836772,0.1616175716093047,0.1335433681134465,B
11.65916729,3.8213312625900002,2023-02-22T18:05:58Z,154.2430114746111,46,100.00019836,0.13358281199836772,0.1616175716093047,0.1335433681134465,B
13.59359074,4.89199638367,2023-02-22T18:05:58Z,154.2430114746111,46,100.00019836,0.13358281199836772,0.1616175716093047,0.1335433681134465,B
15.84896278,5.43878507614,2023-02-22T18:05:58Z,154.2430114746111,46,100.00019836,0.13358281199836772,0.1616175716093047,0.1335433681134465,B
18.47853470,5.02385950089,2023-02-22T18:05:58Z,154.2430114746111,46,100.00019836,0.13358281199836772,0.1616175716093047,0.1335433681134465,B
21.54438972,3.38149189949,2023-02-22T18:05:58Z,154.2430114746111,46,100.00019836,0.13358281199836772,0.1616175716093047,0.1335433681134465,B
25.11891365,0.734404265881,2023-02-22T18:05:58Z,154.2430114746111,46,100.00019836,0.13358281199836772,0.1616175716093047,0.1335433681134465,B
29.28650284,0,2023-02-22T18:05:58Z,154.2430114746111,46,100.00019836,0.13358281199836772,0.1616175716093047,0.1335433681134465,B
34.14555740,0,2023-02-22T18:05:58Z,154.2430114746111,46,100.00019836,0.13358281199836772,0.1616175716093047,0.1335433681134465,B
39.81079483,0,2023-02-22T18:05:58Z,154.2430114746111,46,100.00019836,0.13358281199836772,0.1616175716093047,0.1335433681134465,B
46.41598129,0,2023-02-22T18:05:58Z,154.2430114746111,46,100.00019836,0.13358281199836772,0.1616175716093047,0.1335433681134465,B
54.11705780,0,2023-02-22T18:05:58Z,154.2430114746111,46,100.00019836,0.13358281199836772,0.1616175716093047,0.1335433681134465,B
63.09585953,0,2023-02-22T18:05:58Z,154.2430114746111,46,100.00019836,0.13358281199836772,0.1616175716093047,0.1335433681134465,B
73.56436920,0,2023-02-22T18:05:58Z,154.2430114746111,46,100.00019836,0.13358281199836772,0.1616175716093047,0.1335433681134465,B
85.76976013,8.88297375879e-35,2023-02-22T18:05:58Z,154.2430114746111,46,100.00019836,0.13358281199836772,0.1616175716093047,0.1335433681134465,B
100.00019836,57.9157829285,2023-02-22T18:05:58Z,154.2430114746111,46,100.00019836,0.13358281199836772,0.1616175716093047,0.1335433681134465,B
116.59166718,0,2023-02-22T18:05:58Z,154.2430114746111,46,100.00019836,0.13358281199836772,0.1616175716093047,0.1335433681134465,B
135.93591309,0,2023-02-22T18:05:58Z,154.2430114746111,46,100.00019836,0.13358281199836772,0.1616175716093047,0.1335433681134465,B
158.48962402,0,2023-02-22T18:05:58Z,154.2430114746111,46,100.00019836,0.13358281199836772,0.1616175716093047,0.1335433681134465,B
184.78533936,0,2023-02-22T18:05:58Z,154.2430114746111,46,100.00019836,0.13358281199836772,0.1616175716093047,0.1335433681134465,B
215.44389343,0,2023-02-22T18:05:58Z,154.2430114746111,46,100.00019836,0.13358281199836772,0.1616175716093047,0.1335433681134465,B
251.18913269,0,2023-02-22T18:05:58Z,154.2430114746111,46,100.00019836,0.13358281199836772,0.1616175716093047,0.1335433681134465,B
292.86502075,0,2023-02-22T18:05:58Z,154.2430114746111,46,100.00019836,0.13358281199836772,0.1616175716093047,0.1335433681134465,B
341.45556641,0,2023-02-22T18:05:58Z,154.2430114746111,46,100.00019836,0.13358281199836772,0.1616175716093047,0.1335433681134465,B
398.10794067,0,2023-02-22T18:05:58Z,154.2430114746111,46,100.00019836,0.13358281199836772,0.1616175716093047,0.1335433681134465,B
464.15979004,0,2023-02-22T18:05:58Z,154.2430114746111,46,100.00019836,0.13358281199836772,0.1616175716093047,0.1335433681134465,B
541.17059326,0,2023-02-22T18:05:58Z,154.2430114746111,46,100.00019836,0.13358281199836772,0.1616175716093047,0.1335433681134465,B
630.95855713,0,2023-02-22T18:05:58Z,154.2430114746111,46,100.00019836,0.13358281199836772,0.1616175716093047,0.1335433681134465,B
735.64367676,0,2023-02-22T18:05:58Z,154.2430114746111,46,100.00019836,0.13358281199836772,0.1616175716093047,0.1335433681134465,B
857.69757080,0,2023-02-22T18:05:58Z,154.2430114746111,46,100.00019836,0.13358281199836772,0.1616175716093047,0.1335433681134465,B
1000.00195313,0,2023-02-22T18:05:58Z,154.2430114746111,46,100.00019836,0.13358281199836772,0.1616175716093047,0.1335433681134465,B
0.10000020,0,2023-02-22T18:05:59Z,229.14520454409168,46,100.00019836,0.11598619004987194,0.15080582877893195,0.11596909627779427,B
0.11659167,0,2023-02-22T18:05:59Z,229.14520454409168,46,100.00019836,0.11598619004987194,0.15080582877893195,0.11596909627779427,B
0.13593590,0,2023-02-22T18:05:59Z,229.14520454409168,46,100.00019836,0.11598619004987194,0.15080582877893195,0.11596909627779427,B
0.15848963,0,2023-02-22T18:05:59Z,229.14520454409168,46,100.00019836,0.11598619004987194,0.15080582877893195,0.11596909627779427,B
0.18478534,0,2023-02-22T18:05:59Z,229.14520454409168,46,100.00019836,0.11598619004987194,0.15080582877893195,0.11596909627779427,B
0.21544389,0,2023-02-22T18:05:59Z,229.14520454409168,46,100.00019836,0.11598619004987194,0.15080582877893195,0.11596909627779427,B
0.25118914,0,2023-02-22T18:05:59Z,229.14520454409168,46,100.00019836,0.11598619004987194,0.15080582877893195,0.11596909627779427,B
0.29286504,0,2023-02-22T18:05:59Z,229.14520454409168,46,100.00019836,0.11598619004987194,0.15080582877893195,0.11596909627779427,B
0.34145555,0,2023-02-22T18:05:59Z,229.14520454409168,46,100.00019836,0.11598619004987194,0.15080582877893195,0.11596909627779427,B
0.39810795,0,2023-02-22T18:05:59Z,229.14520454409168,46,100.00019836,0.11598619004987194,0.15080582877893195,0.11596909627779427,B
0.46415979,0,2023-02-22T18:05:59Z,229.14520454409168,46,100.00019836,0.11598619004987194,0.15080582877893195,0.11596909627779427,B
0.54117060,0,2023-02-22T18:05:59Z,229.14520454409168,46,100.00019836,0.11598619004987194,0.15080582877893195,0.11596909627779427,B
0.63095856,0,2023-02-22T18:05:59Z,229.14520454409168,46,100.00019836,0.11598619004987194,0.15080582877893195,0.11596909627779427,B
0.73564368,0,2023-02-22T18:05:59Z,229.14520454409168,46,100.00019836,0.11598619004987194,0.15080582877893195,0.11596909627779427,B
0.85769761,0,2023-02-22T18:05:59Z,229.14520454409168,46,100.00019836,0.11598619004987194,0.15080582877893195,0.11596909627779427,B
1.00000191,9.08226240426e-4,2023-02-22T18:05:59Z,229.14520454409168,46,100.00019836,0.11598619004987194,0.15080582877893195,0.11596909627779427,B
1.16591668,0.885686099529,2023-02-22T18:05:59Z,229.14520454409168,46,100.00019836,0.11598619004987194,0.15080582877893195,0.11596909627779427,B
1.35935903,6.90015172958,2023-02-22T18:05:59Z,229.14520454409168,46,100.00019836,0.11598619004987194,0.15080582877893195,0.11596909627779427,B
1.58489633,3.58865404129,2023-02-22T18:05:59Z,229.14520454409168,46,100.00019836,0.11598619004987194,0.15080582877893195,0.11596909627779427,B
1.84785342,0.22150953114,2023-02-22T18:05:59Z,229.14520454409168,46,100.00019836,0.11598619004987194,0.15080582877893195,0.11596909627779427,B
2.15443897,0.00170839997008,2023-02-22T18:05:59Z,229.14520454409168,46,100.00019836,0.11598619004987194,0.15080582877893195,0.11596909627779427,B
2.51189137,9.77232389232e-7,2023-02-22T18:05:59Z,229.14520454409168,46,100.00019836,0.11598619004987194,0.15080582877893195,0.11596909627779427,B
2.92865038,5.29827353865e-12,2023-02-22T18:05:59Z,229.14520454409168,46,100.00019836,0.11598619004987194,0.15080582877893195,0.11596909627779427,B
3.41455555,2.94148878928e-27,2023-02-22T18:05:59Z,229.14520454409168,46,100.00019836,0.11598619004987194,0.15080582877893195,0.11596909627779427,B
3.98107958,0,2023-02-22T18:05:59Z,229.14520454409168,46,100.00019836,0.11598619004987194,0.15080582877893195,0.11596909627779427,B
4.64159775,0,2023-02-22T18:05:59Z,229.14520454409168,46,100.00019836,0.11598619004987194,0.15080582877893195,0.11596909627779427,B
5.41170597,0.136152327061,2023-02-22T18:05:59Z,229.14520454409168,46,100.00019836,0.11598619004987194,0.15080582877893195,0.11596909627779427,B
6.30958605,0.464308440685,2023-02-22T18:05:59Z,229.14520454409168,46,100.00019836,0.11598619004987194,0.15080582877893195,0.11596909627779427,B
7.35643721,1.02857983112,2023-02-22T18:05:59Z,229.14520454409168,46,100.00019836,0.11598619004987194,0.15080582877893195,0.11596909627779427,B
8.57697582,1.85292327404,2023-02-22T18:05:59Z,229.14520454409168,46,100.00019836,0.11598619004987194,0.15080582877893195,0.11596909627779427,B
10.00002003,2.90384936333,2023-02-22T18:05:59Z,229.14520454409168,46,100.00019836,0.11598619004987194,0.15080582877893195,0.11596909627779427,B
11.65916729,4.0615439415,2023-02-22T18:05:59Z,229.14520454409168,46,100.00019836,0.11598619004987194,0.15080582877893195,0.11596909627779427,B
13.59359074,5.09564876556,2023-02-22T18:05:59Z,229.14520454409168,46,100.00019836,0.11598619004987194,0.15080582877893195,0.11596909627779427,B
15.84896278,5.67670822144,2023-02-22T18:05:59Z,229.14520454409168,46,100.00019836,0.11598619004987194,0.15080582877893195,0.11596909627779427,B
18.47853470,5.44962930679,2023-02-22T18:05:59Z,229.14520454409168,46,100.00019836,0.11598619004987194,0.15080582877893195,0.11596909627779427,B
21.54438972,4.1735162735,2023-02-22T18:05:59Z,229.14520454409168,46,100.00019836,0.11598619004987194,0.15080582877893195,0.11596909627779427,B
25.11891365,1.9264023304,2023-02-22T18:05:59Z,229.14520454409168,46,100.00019836,0.11598619004987194,0.15080582877893195,0.11596909627779427,B
29.28650284,0,2023-02-22T18:05:59Z,229.14520454409168,46,100.00019836,0.11598619004987194,0.15080582877893195,0.11596909627779427,B
34.14555740,0,2023-02-22T18:05:59Z,229.14520454409168,46,100.00019836,0.11598619004987194,0.15080582877893195,0.11596909627779427,B
39.81079483,0,2023-02-22T18:05:59Z,229.14520454409168,46,100.00019836,0.11598619004987194,0.15080582877893195,0.11596909627779427,B
46.41598129,0,2023-02-22T18:05:59Z,229.14520454409168,46,100.00019836,0.11598619004987194,0.15080582877893195,0.11596909627779427,B
54.11705780,0,2023-02-22T18:05:59Z,229.14520454409168,46,100.00019836,0.11598619004987194,0.15080582877893195,0.11596909627779427,B
63.09585953,0,2023-02-22T18:05:59Z,229.14520454409168,46,100.00019836,0.11598619004987194,0.15080582877893195,0.11596909627779427,B
73.56436920,0,2023-02-22T18:05:59Z,229.14520454409168,46,100.00019836,0.11598619004987194,0.15080582877893195,0.11596909627779427,B
85.76976013,0,2023-02-22T18:05:59Z,229.14520454409168,46,100.00019836,0.11598619004987194,0.15080582877893195,0.11596909627779427,B
100.00019836,55.6321220398,2023-02-22T18:05:59Z,229.14520454409168,46,100.00019836,0.11598619004987194,0.15080582877893195,0.11596909627779427,B
116.59166718,0,2023-02-22T18:05:59Z,229.14520454409168,46,100.00019836,0.11598619004987194,0.15080582877893195,0.11596909627779427,B
135.93591309,0,2023-02-22T18:05:59Z,229.14520454409168,46,100.00019836,0.11598619004987194,0.15080582877893195,0.11596909627779427,B
158.48962402,0,2023-02-22T18:05:59Z,229.14520454409168,46,100.00019836,0.11598619004987194,0.15080582877893195,0.11596909627779427,B
184.78533936,0,2023-02-22T18:05:59Z,229.14520454409168,46,100.00019836,0.11598619004987194,0.15080582877893195,0.11596909627779427,B
215.44389343,0,2023-02-22T18:05:59Z,229.14520454409168,46,100.00019836,0.11598619004987194,0.15080582877893195,0.11596909627779427,B
251.18913269,0,2023-02-22T18:05:59Z,229.14520454409168,46,100.00019836,0.11598619004987194,0.15080582877893195,0.11596909627779427,B
292.86502075,0,2023-02-22T18:05:59Z,229.14520454409168,46,100.00019836,0.11598619004987194,0.15080582877893195,0.11596909627779427,B
341.45556641,0,2023-02-22T18:05:59Z,229.14520454409168,46,100.00019836,0.11598619004987194,0.15080582877893195,0.11596909627779427,B
398.10794067,0,2023-02-22T18:05:59Z,229.14520454409168,46,100.00019836,0.11598619004987194,0.15080582877893195,0.11596909627779427,B
464.15979004,0,2023-02-22T18:05:59Z,229.14520454409168,46,100.00019836,0.11598619004987194,0.15080582877893195,0.11596909627779427,B
541.17059326,0,2023-02-22T18:05:59Z,229.14520454409168,46,100.00019836,0.11598619004987194,0.15080582877893195,0.11596909627779427,B
630.95855713,0,2023-02-22T18:05:59Z,229.14520454409168,46,100.00019836,0.11598619004987194,0.15080582877893195,0.11596909627779427,B
735.64367676,0,2023-02-22T18:05:59Z,229.14520454409168,46,100.00019836,0.11598619004987194,0.15080582877893195,0.11596909627779427,B
857.69757080,0,2023-02-22T18:05:59Z,229.14520454409168,46,100.00019836,0.11598619004987194,0.15080582877893195,0.11596909627779427,B
1000.00195313,0,2023-02-22T18:05:59Z,229.14520454409168,46,100.00019836,0.11598619004987194,0.15080582877893195,0.11596909627779427,B
0.10000020,0,2023-02-22T18:06:00Z,216.92495939468054,46,100.00019836,0.1225412662741058,0.1513158771623118,0.122538370126868,B
0.11659167,0,2023-02-22T18:06:00Z,216.92495939468054,46,100.00019836,0.1225412662741058,0.1513158771623118,0.122538370126868,B
0.13593590,0,2023-02-22T18:06:00Z,216.92495939468054,46,100.00019836,0.1225412662741058,0.1513158771623118,0.122538370126868,B
0.15848963,0,2023-02-22T18:06:00Z,216.92495939468054,46,100.00019836,0.1225412662741058,0.1513158771623118,0.122538370126868,B
0.18478534,0,2023-02-22T18:06:00Z,216.92495939468054,46,100.00019836,0.1225412662741058,0.1513158771623118,0.122538370126868,B
0.21544389,0,2023-02-22T18:06:00Z,216.92495939468054,46,100.00019836,0.1225412662741058,0.1513158771623118,0.122538370126868,B
0.25118914,0,2023-02-22T18:06:00Z,216.92495939468054,46,100.00019836,0.1225412662741058,0.1513158771623118,0.122538370126868,B
0.29286504,0,2023-02-22T18:06:00Z,216.92495939468054,46,100.00019836,0.1225412662741058,0.1513158771623118,0.122538370126868,B
0.34145555,0,2023-02-22T18:06:00Z,216.92495939468054,46,100.00019836,0.1225412662741058,0.1513158771623118,0.122538370126868,B
0.39810795,0,2023-02-22T18:06:00Z,216.92495939468054,46,100.00019836,0.1225412662741058,0.1513158771623118,0.122538370126868,B
0.46415979,0,2023-02-22T18:06:00Z,216.92495939468054,46,100.00019836,0.1225412662741058,0.1513158771623118,0.122538370126868,B
0.54117060,0,2023-02-22T18:06:00Z,216.92495939468054,46,100.00019836,0.1225412662741058,0.1513158771623118,0.122538370126868,B
0.63095856,0,2023-02-22T18:06:00Z,216.92495939468054,46,100.00019836,0.1225412662741058,0.1513158771623118,0.122538370126868,B
0.73564368,0,2023-02-22T18:06:00Z,216.92495939468054,46,100.00019836,0.1225412662741058,0.1513158771623118,0.122538370126868,B
0.85769761,0,2023-02-22T18:06:00Z,216.92495939468054,46,100.00019836,0.1225412662741058,0.1513158771623118,0.122538370126868,B
1.00000191,0.0088946679607,2023-02-22T18:06:00Z,216.92495939468054,46,100.00019836,0.1225412662741058,0.1513158771623118,0.122538370126868,B
1.16591668,2.41481089592,2023-02-22T18:06:00Z,216.92495939468054,46,100.00019836,0.1225412662741058,0.1513158771623118,0.122538370126868,B
1.35935903,7.76255941391,2023-02-22T18:06:00Z,216.92495939468054,46,100.00019836,0.1225412662741058,0.1513158771623118,0.122538370126868,B
1.58489633,2.00002360344,2023-02-22T18:06:00Z,216.92495939468054,46,100.00019836,0.1225412662741058,0.1513158771623118,0.122538370126868,B
1.84785342,0.0675484314561,2023-02-22T18:06:00Z,216.92495939468054,46,100.00019836,0.1225412662741058,0.1513158771623118,0.122538370126868,B
2.15443897,2.8954030131e-4,2023-02-22T18:06:00Z,216.92495939468054,46,100.00019836,0.1225412662741058,0.1513158771623118,0.122538370126868,B
2.51189137,7.44224379901e-8,2023-02-22T18:06:00Z,216.92495939468054,46,100.00019836,0.1225412662741058,0.1513158771623118,0.122538370126868,B
2.92865038,3.13500852882e-14,2023-02-22T18:06:00Z,216.92495939468054,46,100.00019836,0.1225412662741058,0.1513158771623118,0.122538370126868,B
3.41455555,0,2023-02-22T18:06:00Z,216.92495939468054,46,100.00019836,0.1225412662741058,0.1513158771623118,0.122538370126868,B
3.98107958,0,2023-02-22T18:06:00Z,216.92495939468054,46,100.00019836,0.1225412662741058,0.1513158771623118,0.122538370126868,B
4.64159775,0,2023-02-22T18:06:00Z,216.92495939468054,46,100.00019836,0.1225412662741058,0.1513158771623118,0.122538370126868,B
5.41170597,0.0254040490836,2023-02-22T18:06:00Z,216.92495939468054,46,100.00019836,0.1225412662741058,0.1513158771623118,0.122538370126868,B
6.30958605,0.31865209341,2023-02-22T18:06:00Z,216.92495939468054,46,100.00019836,0.1225412662741058,0.1513158771623118,0.122538370126868,B
7.35643721,0.859313488007,2023-02-22T18:06:00Z,216.92495939468054,46,100.00019836,0.1225412662741058,0.1513158771623118,0.122538370126868,B
8.57697582,1.67409145832,2023-02-22T18:06:00Z,216.92495939468054,46,100.00019836,0.1225412662741058,0.1513158771623118,0.122538370126868,B
10.00002003,2.71785163879,2023-02-22T18:06:00Z,216.92495939468054,46,100.00019836,0.1225412662741058,0.1513158771623118,0.122538370126868,B
11.65916729,3.8394536972,2023-02-22T18:06:00Z,216.92495939468054,46,100.00019836,0.1225412662741058,0.1513158771623118,0.122538370126868,B
13.59359074,4.76167678833,2023-02-22T18:06:00Z,216.92495939468054,46,100.00019836,0.1225412662741058,0.1513158771623118,0.122538370126868,B
15.84896278,5.11291980743,2023-02-22T18:06:00Z,216.92495939468054,46,100.00019836,0.1225412662741058,0.1513158771623118,0.122538370126868,B
18.47853470,4.5375123024,2023-02-22T18:06:00Z,216.92495939468054,46,100.00019836,0.1225412662741058,0.1513158771623118,0.122538370126868,B
21.54438972,2.87154650688,2023-02-22T18:06:00Z,216.92495939468054,46,100.00019836,0.1225412662741058,0.1513158771623118,0.122538370126868,B
25.11891365,0.352029442787,2023-02-22T18:06:00Z,216.92495939468054,46,100.00019836,0.1225412662741058,0.1513158771623118,0.122538370126868,B
29.28650284,0,2023-02-22T18:06:00Z,216.92495939468054,46,100.00019836,0.1225412662741058,0.1513158771623118,0.122538370126868,B
34.14555740,0,2023-02-22T18:06:00Z,216.92495939468054,46,100.00019836,0.1225412662741058,0.1513158771623118,0.122538370126868,B
39.81079483,0,2023-02-22T18:06:00Z,216.92495939468054,46,100.00019836,0.1225412662741058,0.1513158771623118,0.122538370126868,B
46.41598129,0,2023-02-22T18:06:00Z,216.92495939468054,46,100.00019836,0.1225412662741058,0.1513158771623118,0.122538370126868,B
54.11705780,0,2023-02-22T18:06:00Z,216.92495939468054,46,100.00019836,0.1225412662741058,0.1513158771623118,0.122538370126868,B
63.09585953,0,2023-02-22T18:06:00Z,216.92495939468054,46,100.00019836,0.1225412662741058,0.1513158771623118,0.122538370126868,B
73.56436920,0,2023-02-22T18:06:00Z,216.92495939468054,46,100.00019836,0.1225412662741058,0.1513158771623118,0.122538370126868,B
85.76976013,0,2023-02-22T18:06:00Z,216.92495939468054,46,100.00019836,0.1225412662741058,0.1513158771623118,0.122538370126868,B
100.00019836,60.6754226685,2023-02-22T18:06:00Z,216.92495939468054,46,100.00019836,0.1225412662741058,0.1513158771623118,0.122538370126868,B
116.59166718,0,2023-02-22T18:06:00Z,216.92495939468054,46,100.00019836,0.1225412662741058,0.1513158771623118,0.122538370126868,B
135.93591309,0,2023-02-22T18:06:00Z,216.92495939468054,46,100.00019836,0.1225412662741058,0.1513158771623118,0.122538370126868,B
158.48962402,0,2023-02-22T18:06:00Z,216.92495939468054,46,100.00019836,0.1225412662741058,0.1513158771623118,0.122538370126868,B
184.78533936,0,2023-02-22T18:06:00Z,216.92495939468054,46,100.00019836,0.1225412662741058,0.1513158771623118,0.122538370126868,B
215.44389343,0,2023-02-22T18:06:00Z,216.92495939468054,46,100.00019836,0.1225412662741058,0.1513158771623118,0.122538370126868,B
251.18913269,0,2023-02-22T18:06:00Z,216.92495939468054,46,100.00019836,0.1225412662741058,0.1513158771623118,0.122538370126868,B
292.86502075,0,2023-02-22T18:06:00Z,216.92495939468054,46,100.00019836,0.1225412662741058,0.1513158771623118,0.122538370126868,B
341.45556641,0,2023-02-22T18:06:00Z,216.92495939468054,46,100.00019836,0.1225412662741058,0.1513158771623118,0.122538370126868,B
398.10794067,0,2023-02-22T18:06:00Z,216.92495939468054,46,100.00019836,0.1225412662741058,0.1513158771623118,0.122538370126868,B
464.15979004,0,2023-02-22T18:06:00Z,216.92495939468054,46,100.00019836,0.1225412662741058,0.1513158771623118,0.122538370126868,B
541.17059326,0,2023-02-22T18:06:00Z,216.92495939468054,46,100.00019836,0.1225412662741058,0.1513158771623118,0.122538370126868,B
630.95855713,0,2023-02-22T18:06:00Z,216.92495939468054,46,100.00019836,0.1225412662741058,0.1513158771623118,0.122538370126868,B
735.64367676,0,2023-02-22T18:06:00Z,216.92495939468054,46,100.00019836,0.1225412662741058,0.1513158771623118,0.122538370126868,B
857.69757080,0,2023-02-22T18:06:00Z,216.92495939468054,46,100.00019836,0.1225412662741058,0.1513158771623118,0.122538370126868,B
1000.00195313,0,2023-02-22T18:06:00Z,216.92495939468054,46,100.00019836,0.1225412662741058,0.1513158771623118,0.122538370126868,B
0.10000020,0,2023-02-22T18:06:01Z,205.447601106375,46,100.00019836,0.10712379455600057,0.12715418517627058,0.10712379455600057,B
0.11659167,0,2023-02-22T18:06:01Z,205.447601106375,46,100.00019836,0.10712379455600057,0.12715418517627058,0.10712379455600057,B
0.13593590,0,2023-02-22T18:06:01Z,205.447601106375,46,100.00019836,0.10712379455600057,0.12715418517627058,0.10712379455600057,B
0.15848963,0,2023-02-22T18:06:01Z,205.447601106375,46,100.00019836,0.10712379455600057,0.12715418517627058,0.10712379455600057,B
0.18478534,0,2023-02-22T18:06:01Z,205.447601106375,46,100.00019836,0.10712379455600057,0.12715418517627058,0.10712379455600057,B
0.21544389,0,2023-02-22T18:06:01Z,205.447601106375,46,100.00019836,0.10712379455600057,0.12715418517627058,0.10712379455600057,B
0.25118914,0,2023-02-22T18:06:01Z,205.447601106375,46,100.00019836,0.10712379455600057,0.12715418517627058,0.10712379455600057,B
0.29286504,0,2023-02-22T18:06:01Z,205.447601106375,46,100.00019836,0.10712379455600057,0.12715418517627058,0.10712379455600057,B
0.34145555,0,2023-02-22T18:06:01Z,205.447601106375,46,100.00019836,0.10712379455600057,0.12715418517627058,0.10712379455600057,B
0.39810795,0,2023-02-22T18:06:01Z,205.447601106375,46,100.00019836,0.10712379455600057,0.12715418517627058,0.10712379455600057,B
0.46415979,0,2023-02-22T18:06:01Z,205.447601106375,46,100.00019836,0.10712379455600057,0.12715418517627058,0.10712379455600057,B
0.54117060,0,2023-02-22T18:06:01Z,205.447601106375,46,100.00019836,0.10712379455600057,0.12715418517627058,0.10712379455600057,B
0.63095856,0,2023-02-22T18:06:01Z,205.447601106375,46,100.00019836,0.10712379455600057,0.12715418517627058,0.10712379455600057,B
0.73564368,0,2023-02-22T18:06:01Z,205.447601106375,46,100.00019836,0.10712379455600057,0.12715418517627058,0.10712379455600057,B
0.85769761,0,2023-02-22T18:06:01Z,205.447601106375,46,100.00019836,0.10712379455600057,0.12715418517627058,0.10712379455600057,B
1.00000191,0,2023-02-22T18:06:01Z,205.447601106375,46,100.00019836,0.10712379455600057,0.12715418517627058,0.10712379455600057,B
1.16591668,5.60051103529e-14,2023-02-22T18:06:01Z,205.447601106375,46,100.00019836,0.10712379455600057,0.12715418517627058,0.10712379455600057,B
1.35935903,10.7123794556,2023-02-22T18:06:01Z,205.447601106375,46,100.00019836,0.10712379455600057,0.12715418517627058,0.10712379455600057,B
1.58489633,0,2023-02-22T18:06:01Z,205.447601106375,46,100.00019836,0.10712379455600057,0.12715418517627058,0.10712379455600057,B
1.84785342,0,2023-02-22T18:06:01Z,205.447601106375,46,100.00019836,0.10712379455600057,0.12715418517627058,0.10712379455600057,B
2.15443897,0,2023-02-22T18:06:01Z,205.447601106375,46,100.00019836,0.10712379455600057,0.12715418517627058,0.10712379455600057,B
2.51189137,0,2023-02-22T18:06:01Z,205.447601106375,46,100.00019836,0.10712379455600057,0.12715418517627058,0.10712379455600057,B
2.92865038,0,2023-02-22T18:06:01Z,205.447601106375,46,100.00019836,0.10712379455600057,0.12715418517627058,0.10712379455600057,B
3.41455555,0,2023-02-22T18:06:01Z,205.447601106375,46,100.00019836,0.10712379455600057,0.12715418517627058,0.10712379455600057,B
3.98107958,0,2023-02-22T18:06:01Z,205.447601106375,46,100.00019836,0.10712379455600057,0.12715418517627058,0.10712379455600057,B
4.64159775,0,2023-02-22T18:06:01Z,205.447601106375,46,100.00019836,0.10712379455600057,0.12715418517627058,0.10712379455600057,B
5.41170597,0,2023-02-22T18:06:01Z,205.447601106375,46,100.00019836,0.10712379455600057,0.12715418517627058,0.10712379455600057,B
6.30958605,0.159708857536,2023-02-22T18:06:01Z,205.447601106375,46,100.00019836,0.10712379455600057,0.12715418517627058,0.10712379455600057,B
7.35643721,0.571940720081,2023-02-22T18:06:01Z,205.447601106375,46,100.00019836,0.10712379455600057,0.12715418517627058,0.10712379455600057,B
8.57697582,1.27138948441,2023-02-22T18:06:01Z,205.447601106375,46,100.00019836,0.10712379455600057,0.12715418517627058,0.10712379455600057,B
10.00002003,2.25501275063,2023-02-22T18:06:01Z,205.447601106375,46,100.00019836,0.10712379455600057,0.12715418517627058,0.10712379455600057,B
11.65916729,3.401293993,2023-02-22T18:06:01Z,205.447601106375,46,100.00019836,0.10712379455600057,0.12715418517627058,0.10712379455600057,B
13.59359074,4.43128919601,2023-02-22T18:06:01Z,205.447601106375,46,100.00019836,0.10712379455600057,0.12715418517627058,0.10712379455600057,B
15.84896278,4.93355083466,2023-02-22T18:06:01Z,205.447601106375,46,100.00019836,0.10712379455600057,0.12715418517627058,0.10712379455600057,B
18.47853470,4.49241161346,2023-02-22T18:06:01Z,205.447601106375,46,100.00019836,0.10712379455600057,0.12715418517627058,0.10712379455600057,B
21.54438972,2.90417003632,2023-02-22T18:06:01Z,205.447601106375,46,100.00019836,0.10712379455600057,0.12715418517627058,0.10712379455600057,B
25.11891365,0.423960715532,2023-02-22T18:06:01Z,205.447601106375,46,100.00019836,0.10712379455600057,0.12715418517627058,0.10712379455600057,B
29.28650284,0,2023-02-22T18:06:01Z,205.447601106375,46,100.00019836,0.10712379455600057,0.12715418517627058,0.10712379455600057,B
34.14555740,0,2023-02-22T18:06:01Z,205.447601106375,46,100.00019836,0.10712379455600057,0.12715418517627058,0.10712379455600057,B
39.81079483,0,2023-02-22T18:06:01Z,205.447601106375,46,100.00019836,0.10712379455600057,0.12715418517627058,0.10712379455600057,B
46.41598129,0,2023-02-22T18:06:01Z,205.447601106375,46,100.00019836,0.10712379455600057,0.12715418517627058,0.10712379455600057,B
54.11705780,0,2023-02-22T18:06:01Z,205.447601106375,46,100.00019836,0.10712379455600057,0.12715418517627058,0.10712379455600057,B
63.09585953,0,2023-02-22T18:06:01Z,205.447601106375,46,100.00019836,0.10712379455600057,0.12715418517627058,0.10712379455600057,B
73.56436920,0,2023-02-22T18:06:01Z,205.447601106375,46,100.00019836,0.10712379455600057,0.12715418517627058,0.10712379455600057,B
85.76976013,0,2023-02-22T18:06:01Z,205.447601106375,46,100.00019836,0.10712379455600057,0.12715418517627058,0.10712379455600057,B
100.00019836,64.4428939819,2023-02-22T18:06:01Z,205.447601106375,46,100.00019836,0.10712379455600057,0.12715418517627058,0.10712379455600057,B
116.59166718,0,2023-02-22T18:06:01Z,205.447601106375,46,100.00019836,0.10712379455600057,0.12715418517627058,0.10712379455600057,B
135.93591309,0,2023-02-22T18:06:01Z,205.447601106375,46,100.00019836,0.10712379455600057,0.12715418517627058,0.10712379455600057,B
158.48962402,0,2023-02-22T18:06:01Z,205.447601106375,46,100.00019836,0.10712379455600057,0.12715418517627058,0.10712379455600057,B
184.78533936,0,2023-02-22T18:06:01Z,205.447601106375,46,100.00019836,0.10712379455600057,0.12715418517627058,0.10712379455600057,B
215.44389343,0,2023-02-22T18:06:01Z,205.447601106375,46,100.00019836,0.10712379455600057,0.12715418517627058,0.10712379455600057,B
251.18913269,0,2023-02-22T18:06:01Z,205.447601106375,46,100.00019836,0.10712379455600057,0.12715418517627058,0.10712379455600057,B
292.86502075,0,2023-02-22T18:06:01Z,205.447601106375,46,100.00019836,0.10712379455600057,0.12715418517627058,0.10712379455600057,B
341.45556641,0,2023-02-22T18:06:01Z,205.447601106375,46,100.00019836,0.10712379455600057,0.12715418517627058,0.10712379455600057,B
398.10794067,0,2023-02-22T18:06:01Z,205.447601106375,46,100.00019836,0.10712379455600057,0.12715418517627058,0.10712379455600057,B
464.15979004,0,2023-02-22T18:06:01Z,205.447601106375,46,100.00019836,0.10712379455600057,0.12715418517627058,0.10712379455600057,B
541.17059326,0,2023-02-22T18:06:01Z,205.447601106375,46,100.00019836,0.10712379455600057,0.12715418517627058,0.10712379455600057,B
630.95855713,0,2023-02-22T18:06:01Z,205.447601106375,46,100.00019836,0.10712379455600057,0.12715418517627058,0.10712379455600057,B
735.64367676,0,2023-02-22T18:06:01Z,205.447601106375,46,100.00019836,0.10712379455600057,0.12715418517627058,0.10712379455600057,B
857.69757080,0,2023-02-22T18:06:01Z,205.447601106375,46,100.00019836,0.10712379455600057,0.12715418517627058,0.10712379455600057,B
1000.00195313,0,2023-02-22T18:06:01Z,205.447601106375,46,100.00019836,0.10712379455600057,0.12715418517627058,0.10712379455600057,B
0.10000020,0,2023-02-22T18:06:02Z,230.470526377175,46,100.00019836,0.09561513900759999,0.12384832497686,0.09561513900759999,B
0.11659167,0,2023-02-22T18:06:02Z,230.470526377175,46,100.00019836,0.09561513900759999,0.12384832497686,0.09561513900759999,B
0.13593590,0,2023-02-22T18:06:02Z,230.470526377175,46,100.00019836,0.09561513900759999,0.12384832497686,0.09561513900759999,B
0.15848963,0,2023-02-22T18:06:02Z,230.470526377175,46,100.00019836,0.09561513900759999,0.12384832497686,0.09561513900759999,B
0.18478534,0,2023-02-22T18:06:02Z,230.470526377175,46,100.00019836,0.09561513900759999,0.12384832497686,0.09561513900759999,B
0.21544389,0,2023-02-22T18:06:02Z,230.470526377175,46,100.00019836,0.09561513900759999,0.12384832497686,0.09561513900759999,B
0.25118914,0,2023-02-22T18:06:02Z,230.470526377175,46,100.00019836,0.09561513900759999,0.12384832497686,0.09561513900759999,B
0.29286504,0,2023-02-22T18:06:02Z,230.470526377175,46,100.00019836,0.09561513900759999,0.12384832497686,0.09561513900759999,B
0.34145555,0,2023-02-22T18:06:02Z,230.470526377175,46,100.00019836,0.09561513900759999,0.12384832497686,0.09561513900759999,B
0.39810795,0,2023-02-22T18:06:02Z,230.470526377175,46,100.00019836,0.09561513900759999,0.12384832497686,0.09561513900759999,B
0.46415979,0,2023-02-22T18:06:02Z,230.470526377175,46,100.00019836,0.09561513900759999,0.12384832497686,0.09561513900759999,B
0.54117060,0,2023-02-22T18:06:02Z,230.470526377175,46,100.00019836,0.09561513900759999,0.12384832497686,0.09561513900759999,B
0.63095856,0,2023-02-22T18:06:02Z,230.470526377175,46,100.00019836,0.09561513900759999,0.12384832497686,0.09561513900759999,B
0.73564368,0,2023-02-22T18:06:02Z,230.470526377175,46,100.00019836,0.09561513900759999,0.12384832497686,0.09561513900759999,B
0.85769761,0,2023-02-22T18:06:02Z,230.470526377175,46,100.00019836,0.09561513900759999,0.12384832497686,0.09561513900759999,B
1.00000191,0,2023-02-22T18:06:02Z,230.470526377175,46,100.00019836,0.09561513900759999,0.12384832497686,0.09561513900759999,B
1.16591668,0,2023-02-22T18:06:02Z,230.470526377175,46,100.00019836,0.09561513900759999,0.12384832497686,0.09561513900759999,B
1.35935903,9.56151390076,2023-02-22T18:06:02Z,230.470526377175,46,100.00019836,0.09561513900759999,0.12384832497686,0.09561513900759999,B
1.58489633,0,2023-02-22T18:06:02Z,230.470526377175,46,100.00019836,0.09561513900759999,0.12384832497686,0.09561513900759999,B
1.84785342,0,2023-02-22T18:06:02Z,230.470526377175,46,100.00019836,0.09561513900759999,0.12384832497686,0.09561513900759999,B
2.15443897,0,2023-02-22T18:06:02Z,230.470526377175,46,100.00019836,0.09561513900759999,0.12384832497686,0.09561513900759999,B
2.51189137,0,2023-02-22T18:06:02Z,230.470526377175,46,100.00019836,0.09561513900759999,0.12384832497686,0.09561513900759999,B
2.92865038,0,2023-02-22T18:06:02Z,230.470526377175,46,100.00019836,0.09561513900759999,0.12384832497686,0.09561513900759999,B
3.41455555,0,2023-02-22T18:06:02Z,230.470526377175,46,100.00019836,0.09561513900759999,0.12384832497686,0.09561513900759999,B
3.98107958,0,2023-02-22T18:06:02Z,230.470526377175,46,100.00019836,0.09561513900759999,0.12384832497686,0.09561513900759999,B
4.64159775,0,2023-02-22T18:06:02Z,230.470526377175,46,100.00019836,0.09561513900759999,0.12384832497686,0.09561513900759999,B
5.41170597,0,2023-02-22T18:06:02Z,230.470526377175,46,100.00019836,0.09561513900759999,0.12384832497686,0.09561513900759999,B
6.30958605,0.058085616678,2023-02-22T18:06:02Z,230.470526377175,46,100.00019836,0.09561513900759999,0.12384832497686,0.09561513900759999,B
7.35643721,0.650860011578,2023-02-22T18:06:02Z,230.470526377175,46,100.00019836,0.09561513900759999,0.12384832497686,0.09561513900759999,B
8.57697582,2.11437296867,2023-02-22T18:06:02Z,230.470526377175,46,100.00019836,0.09561513900759999,0.12384832497686,0.09561513900759999,B
10.00002003,4.04011440277,2023-02-22T18:06:02Z,230.470526377175,46,100.00019836,0.09561513900759999,0.12384832497686,0.09561513900759999,B
11.65916729,5.07487154007,2023-02-22T18:06:02Z,230.470526377175,46,100.00019836,0.09561513900759999,0.12384832497686,0.09561513900759999,B
13.59359074,4.27757787704,2023-02-22T18:06:02Z,230.470526377175,46,100.00019836,0.09561513900759999,0.12384832497686,0.09561513900759999,B
15.84896278,2.35036897659,2023-02-22T18:06:02Z,230.470526377175,46,100.00019836,0.09561513900759999,0.12384832497686,0.09561513900759999,B
18.47853470,0.747693121433,2023-02-22T18:06:02Z,230.470526377175,46,100.00019836,0.09561513900759999,0.12384832497686,0.09561513900759999,B
21.54438972,0.0640530511737,2023-02-22T18:06:02Z,230.470526377175,46,100.00019836,0.09561513900759999,0.12384832497686,0.09561513900759999,B
25.11891365,0,2023-02-22T18:06:02Z,230.470526377175,46,100.00019836,0.09561513900759999,0.12384832497686,0.09561513900759999,B
29.28650284,0,2023-02-22T18:06:02Z,230.470526377175,46,100.00019836,0.09561513900759999,0.12384832497686,0.09561513900759999,B
34.14555740,0,2023-02-22T18:06:02Z,230.470526377175,46,100.00019836,0.09561513900759999,0.12384832497686,0.09561513900759999,B
39.81079483,0,2023-02-22T18:06:02Z,230.470526377175,46,100.00019836,0.09561513900759999,0.12384832497686,0.09561513900759999,B
46.41598129,0,2023-02-22T18:06:02Z,230.470526377175,46,100.00019836,0.09561513900759999,0.12384832497686,0.09561513900759999,B
54.11705780,0,2023-02-22T18:06:02Z,230.470526377175,46,100.00019836,0.09561513900759999,0.12384832497686,0.09561513900759999,B
63.09585953,0,2023-02-22T18:06:02Z,230.470526377175,46,100.00019836,0.09561513900759999,0.12384832497686,0.09561513900759999,B
73.56436920,0,2023-02-22T18:06:02Z,230.470526377175,46,100.00019836,0.09561513900759999,0.12384832497686,0.09561513900759999,B
85.76976013,0,2023-02-22T18:06:02Z,230.470526377175,46,100.00019836,0.09561513900759999,0.12384832497686,0.09561513900759999,B
100.00019836,71.0604934692,2023-02-22T18:06:02Z,230.470526377175,46,100.00019836,0.09561513900759999,0.12384832497686,0.09561513900759999,B
116.59166718,0,2023-02-22T18:06:02Z,230.470526377175,46,100.00019836,0.09561513900759999,0.12384832497686,0.09561513900759999,B
135.93591309,0,2023-02-22T18:06:02Z,230.470526377175,46,100.00019836,0.09561513900759999,0.12384832497686,0.09561513900759999,B
158.48962402,0,2023-02-22T18:06:02Z,230.470526377175,46,100.00019836,0.09561513900759999,0.12384832497686,0.09561513900759999,B
184.78533936,0,2023-02-22T18:06:02Z,230.470526377175,46,100.00019836,0.09561513900759999,0.12384832497686,0.09561513900759999,B
215.44389343,0,2023-02-22T18:06:02Z,230.470526377175,46,100.00019836,0.09561513900759999,0.12384832497686,0.09561513900759999,B
251.18913269,0,2023-02-22T18:06:02Z,230.470526377175,46,100.00019836,0.09561513900759999,0.12384832497686,0.09561513900759999,B
292.86502075,0,2023-02-22T18:06:02Z,230.470526377175,46,100.00019836,0.09561513900759999,0.12384832497686,0.09561513900759999,B
341.45556641,0,2023-02-22T18:06:02Z,230.470526377175,46,100.00019836,0.09561513900759999,0.12384832497686,0.09561513900759999,B
398.10794067,0,2023-02-22T18:06:02Z,230.470526377175,46,100.00019836,0.09561513900759999,0.12384832497686,0.09561513900759999,B
464.15979004,0,2023-02-22T18:06:02Z,230.470526377175,46,100.00019836,0.09561513900759999,0.12384832497686,0.09561513900759999,B
541.17059326,0,2023-02-22T18:06:02Z,230.470526377175,46,100.00019836,0.09561513900759999,0.12384832497686,0.09561513900759999,B
630.95855713,0,2023-02-22T18:06:02Z,230.470526377175,46,100.00019836,0.09561513900759999,0.12384832497686,0.09561513900759999,B
735.64367676,0,2023-02-22T18:06:02Z,230.470526377175,46,100.00019836,0.09561513900759999,0.12384832497686,0.09561513900759999,B
857.69757080,0,2023-02-22T18:06:02Z,230.470526377175,46,100.00019836,0.09561513900759999,0.12384832497686,0.09561513900759999,B
1000.00195313,0,2023-02-22T18:06:02Z,230.470526377175,46,100.00019836,0.09561513900759999,0.12384832497686,0.09561513900759999,B
0.10000020,0,2023-02-22T18:06:03Z,178.12567520131665,46,100.00019836,0.09587541580202279,0.16338203370567278,0.09587541580202279,B
0.11659167,0,2023-02-22T18:06:03Z,178.12567520131665,46,100.00019836,0.09587541580202279,0.16338203370567278,0.09587541580202279,B
0.13593590,0,2023-02-22T18:06:03Z,178.12567520131665,46,100.00019836,0.09587541580202279,0.16338203370567278,0.09587541580202279,B
0.15848963,0,2023-02-22T18:06:03Z,178.12567520131665,46,100.00019836,0.09587541580202279,0.16338203370567278,0.09587541580202279,B
0.18478534,0,2023-02-22T18:06:03Z,178.12567520131665,46,100.00019836,0.09587541580202279,0.16338203370567278,0.09587541580202279,B
0.21544389,0,2023-02-22T18:06:03Z,178.12567520131665,46,100.00019836,0.09587541580202279,0.16338203370567278,0.09587541580202279,B
0.25118914,0,2023-02-22T18:06:03Z,178.12567520131665,46,100.00019836,0.09587541580202279,0.16338203370567278,0.09587541580202279,B
0.29286504,0,2023-02-22T18:06:03Z,178.12567520131665,46,100.00019836,0.09587541580202279,0.16338203370567278,0.09587541580202279,B
0.34145555,0,2023-02-22T18:06:03Z,178.12567520131665,46,100.00019836,0.09587541580202279,0.16338203370567278,0.09587541580202279,B
0.39810795,0,2023-02-22T18:06:03Z,178.12567520131665,46,100.00019836,0.09587541580202279,0.16338203370567278,0.09587541580202279,B
0.46415979,0,2023-02-22T18:06:03Z,178.12567520131665,46,100.00019836,0.09587541580202279,0.16338203370567278,0.09587541580202279,B
0.54117060,0,2023-02-22T18:06:03Z,178.12567520131665,46,100.00019836,0.09587541580202279,0.16338203370567278,0.09587541580202279,B
0.63095856,0,2023-02-22T18:06:03Z,178.12567520131665,46,100.00019836,0.09587541580202279,0.16338203370567278,0.09587541580202279,B
0.73564368,0,2023-02-22T18:06:03Z,178.12567520131665,46,100.00019836,0.09587541580202279,0.16338203370567278,0.09587541580202279,B
0.85769761,0,2023-02-22T18:06:03Z,178.12567520131665,46,100.00019836,0.09587541580202279,0.16338203370567278,0.09587541580202279,B
1.00000191,1.92430509016e-38,2023-02-22T18:06:03Z,178.12567520131665,46,100.00019836,0.09587541580202279,0.16338203370567278,0.09587541580202279,B
1.16591668,9.5875415802,2023-02-22T18:06:03Z,178.12567520131665,46,100.00019836,0.09587541580202279,0.16338203370567278,0.09587541580202279,B
1.35935903,2.2791384665e-12,2023-02-22T18:06:03Z,178.12567520131665,46,100.00019836,0.09587541580202279,0.16338203370567278,0.09587541580202279,B
1.58489633,0,2023-02-22T18:06:03Z,178.12567520131665,46,100.00019836,0.09587541580202279,0.16338203370567278,0.09587541580202279,B
1.84785342,0,2023-02-22T18:06:03Z,178.12567520131665,46,100.00019836,0.09587541580202279,0.16338203370567278,0.09587541580202279,B
2.15443897,0,2023-02-22T18:06:03Z,178.12567520131665,46,100.00019836,0.09587541580202279,0.16338203370567278,0.09587541580202279,B
2.51189137,0,2023-02-22T18:06:03Z,178.12567520131665,46,100.00019836,0.09587541580202279,0.16338203370567278,0.09587541580202279,B
2.92865038,0,2023-02-22T18:06:03Z,178.12567520131665,46,100.00019836,0.09587541580202279,0.16338203370567278,0.09587541580202279,B
3.41455555,0,2023-02-22T18:06:03Z,178.12567520131665,46,100.00019836,0.09587541580202279,0.16338203370567278,0.09587541580202279,B
3.98107958,0,2023-02-22T18:06:03Z,178.12567520131665,46,100.00019836,0.09587541580202279,0.16338203370567278,0.09587541580202279,B
4.64159775,0,2023-02-22T18:06:03Z,178.12567520131665,46,100.00019836,0.09587541580202279,0.16338203370567278,0.09587541580202279,B
5.41170597,0,2023-02-22T18:06:03Z,178.12567520131665,46,100.00019836,0.09587541580202279,0.16338203370567278,0.09587541580202279,B
6.30958605,0.303180634975,2023-02-22T18:06:03Z,178.12567520131665,46,100.00019836,0.09587541580202279,0.16338203370567278,0.09587541580202279,B
7.35643721,2.12684011459,2023-02-22T18:06:03Z,178.12567520131665,46,100.00019836,0.09587541580202279,0.16338203370567278,0.09587541580202279,B
8.57697582,4.3206410408,2023-02-22T18:06:03Z,178.12567520131665,46,100.00019836,0.09587541580202279,0.16338203370567278,0.09587541580202279,B
10.00002003,5.20863628387,2023-02-22T18:06:03Z,178.12567520131665,46,100.00019836,0.09587541580202279,0.16338203370567278,0.09587541580202279,B
11.65916729,4.15896940231,2023-02-22T18:06:03Z,178.12567520131665,46,100.00019836,0.09587541580202279,0.16338203370567278,0.09587541580202279,B
13.59359074,2.23933005333,2023-02-22T18:06:03Z,178.12567520131665,46,100.00019836,0.09587541580202279,0.16338203370567278,0.09587541580202279,B
15.84896278,0.78654062748,2023-02-22T18:06:03Z,178.12567520131665,46,100.00019836,0.09587541580202279,0.16338203370567278,0.09587541580202279,B
18.47853470,0.158158287406,2023-02-22T18:06:03Z,178.12567520131665,46,100.00019836,0.09587541580202279,0.16338203370567278,0.09587541580202279,B
21.54438972,0.00704313581809,2023-02-22T18:06:03Z,178.12567520131665,46,100.00019836,0.09587541580202279,0.16338203370567278,0.09587541580202279,B
25.11891365,0,2023-02-22T18:06:03Z,178.12567520131665,46,100.00019836,0.09587541580202279,0.16338203370567278,0.09587541580202279,B
29.28650284,0,2023-02-22T18:06:03Z,178.12567520131665,46,100.00019836,0.09587541580202279,0.16338203370567278,0.09587541580202279,B
34.14555740,0,2023-02-22T18:06:03Z,178.12567520131665,46,100.00019836,0.09587541580202279,0.16338203370567278,0.09587541580202279,B
39.81079483,0,2023-02-22T18:06:03Z,178.12567520131665,46,100.00019836,0.09587541580202279,0.16338203370567278,0.09587541580202279,B
46.41598129,0,2023-02-22T18:06:03Z,178.12567520131665,46,100.00019836,0.09587541580202279,0.16338203370567278,0.09587541580202279,B
54.11705780,0,2023-02-22T18:06:03Z,178.12567520131665,46,100.00019836,0.09587541580202279,0.16338203370567278,0.09587541580202279,B
63.09585953,0,2023-02-22T18:06:03Z,178.12567520131665,46,100.00019836,0.09587541580202279,0.16338203370567278,0.09587541580202279,B
73.56436920,0,2023-02-22T18:06:03Z,178.12567520131665,46,100.00019836,0.09587541580202279,0.16338203370567278,0.09587541580202279,B
85.76976013,0,2023-02-22T18:06:03Z,178.12567520131665,46,100.00019836,0.09587541580202279,0.16338203370567278,0.09587541580202279,B
100.00019836,71.1031265259,2023-02-22T18:06:03Z,178.12567520131665,46,100.00019836,0.09587541580202279,0.16338203370567278,0.09587541580202279,B
116.59166718,0,2023-02-22T18:06:03Z,178.12567520131665,46,100.00019836,0.09587541580202279,0.16338203370567278,0.09587541580202279,B
135.93591309,0,2023-02-22T18:06:03Z,178.12567520131665,46,100.00019836,0.09587541580202279,0.16338203370567278,0.09587541580202279,B
158.48962402,0,2023-02-22T18:06:03Z,178.12567520131665,46,100.00019836,0.09587541580202279,0.16338203370567278,0.09587541580202279,B
184.78533936,0,2023-02-22T18:06:03Z,178.12567520131665,46,100.00019836,0.09587541580202279,0.16338203370567278,0.09587541580202279,B
215.44389343,0,2023-02-22T18:06:03Z,178.12567520131665,46,100.00019836,0.09587541580202279,0.16338203370567278,0.09587541580202279,B
251.18913269,0,2023-02-22T18:06:03Z,178.12567520131665,46,100.00019836,0.09587541580202279,0.16338203370567278,0.09587541580202279,B
292.86502075,0,2023-02-22T18:06:03Z,178.12567520131665,46,100.00019836,0.09587541580202279,0.16338203370567278,0.09587541580202279,B
341.45556641,0,2023-02-22T18:06:03Z,178.12567520131665,46,100.00019836,0.09587541580202279,0.16338203370567278,0.09587541580202279,B
398.10794067,0,2023-02-22T18:06:03Z,178.12567520131665,46,100.00019836,0.09587541580202279,0.16338203370567278,0.09587541580202279,B
464.15979004,0,2023-02-22T18:06:03Z,178.12567520131665,46,100.00019836,0.09587541580202279,0.16338203370567278,0.09587541580202279,B
541.17059326,0,2023-02-22T18:06:03Z,178.12567520131665,46,100.00019836,0.09587541580202279,0.16338203370567278,0.09587541580202279,B
630.95855713,0,2023-02-22T18:06:03Z,178.12567520131665,46,100.00019836,0.09587541580202279,0.16338203370567278,0.09587541580202279,B
735.64367676,0,2023-02-22T18:06:03Z,178.12567520131665,46,100.00019836,0.09587541580202279,0.16338203370567278,0.09587541580202279,B
857.69757080,0,2023-02-22T18:06:03Z,178.12567520131665,46,100.00019836,0.09587541580202279,0.16338203370567278,0.09587541580202279,B
1000.00195313,0,2023-02-22T18:06:03Z,178.12567520131665,46,100.00019836,0.09587541580202279,0.16338203370567278,0.09587541580202279,B
0.10000020,0,2023-02-22T18:06:04Z,212.47303708405278,46,100.00019836,0.0984262943268,0.11424498593432501,0.0984262943268,B
0.11659167,0,2023-02-22T18:06:04Z,212.47303708405278,46,100.00019836,0.0984262943268,0.11424498593432501,0.0984262943268,B
0.13593590,0,2023-02-22T18:06:04Z,212.47303708405278,46,100.00019836,0.0984262943268,0.11424498593432501,0.0984262943268,B
0.15848963,0,2023-02-22T18:06:04Z,212.47303708405278,46,100.00019836,0.0984262943268,0.11424498593432501,0.0984262943268,B
0.18478534,0,2023-02-22T18:06:04Z,212.47303708405278,46,100.00019836,0.0984262943268,0.11424498593432501,0.0984262943268,B
0.21544389,0,2023-02-22T18:06:04Z,212.47303708405278,46,100.00019836,0.0984262943268,0.11424498593432501,0.0984262943268,B
0.25118914,0,2023-02-22T18:06:04Z,212.47303708405278,46,100.00019836,0.0984262943268,0.11424498593432501,0.0984262943268,B
0.29286504,0,2023-02-22T18:06:04Z,212.47303708405278,46,100.00019836,0.0984262943268,0.11424498593432501,0.0984262943268,B
0.34145555,0,2023-02-22T18:06:04Z,212.47303708405278,46,100.00019836,0.0984262943268,0.11424498593432501,0.0984262943268,B
0.39810795,0,2023-02-22T18:06:04Z,212.47303708405278,46,100.00019836,0.0984262943268,0.11424498593432501,0.0984262943268,B
0.46415979,0,2023-02-22T18:06:04Z,212.47303708405278,46,100.00019836,0.0984262943268,0.11424498593432501,0.0984262943268,B
0.54117060,0,2023-02-22T18:06:04Z,212.47303708405278,46,100.00019836,0.0984262943268,0.11424498593432501,0.0984262943268,B
0.63095856,0,2023-02-22T18:06:04Z,212.47303708405278,46,100.00019836,0.0984262943268,0.11424498593432501,0.0984262943268,B
0.73564368,0,2023-02-22T18:06:04Z,212.47303708405278,46,100.00019836,0.0984262943268,0.11424498593432501,0.0984262943268,B
0.85769761,0,2023-02-22T18:06:04Z,212.47303708405278,46,100.00019836,0.0984262943268,0.11424498593432501,0.0984262943268,B
1.00000191,0,2023-02-22T18:06:04Z,212.47303708405278,46,100.00019836,0.0984262943268,0.11424498593432501,0.0984262943268,B
1.16591668,0,2023-02-22T18:06:04Z,212.47303708405278,46,100.00019836,0.0984262943268,0.11424498593432501,0.0984262943268,B
1.35935903,9.84262943268,2023-02-22T18:06:04Z,212.47303708405278,46,100.00019836,0.0984262943268,0.11424498593432501,0.0984262943268,B
1.58489633,0,2023-02-22T18:06:04Z,212.47303708405278,46,100.00019836,0.0984262943268,0.11424498593432501,0.0984262943268,B
1.84785342,0,2023-02-22T18:06:04Z,212.47303708405278,46,100.00019836,0.0984262943268,0.11424498593432501,0.0984262943268,B
2.15443897,0,2023-02-22T18:06:04Z,212.47303708405278,46,100.00019836,0.0984262943268,0.11424498593432501,0.0984262943268,B
2.51189137,0,2023-02-22T18:06:04Z,212.47303708405278,46,100.00019836,0.0984262943268,0.11424498593432501,0.0984262943268,B
2.92865038,0,2023-02-22T18:06:04Z,212.47303708405278,46,100.00019836,0.0984262943268,0.11424498593432501,0.0984262943268,B
3.41455555,0,2023-02-22T18:06:04Z,212.47303708405278,46,100.00019836,0.0984262943268,0.11424498593432501,0.0984262943268,B
3.98107958,0,2023-02-22T18:06:04Z,212.47303708405278,46,100.00019836,0.0984262943268,0.11424498593432501,0.0984262943268,B
4.64159775,0,2023-02-22T18:06:04Z,212.47303708405278,46,100.00019836,0.0984262943268,0.11424498593432501,0.0984262943268,B
5.41170597,0,2023-02-22T18:06:04Z,212.47303708405278,46,100.00019836,0.0984262943268,0.11424498593432501,0.0984262943268,B
6.30958605,0.0181103702635,2023-02-22T18:06:04Z,212.47303708405278,46,100.00019836,0.0984262943268,0.11424498593432501,0.0984262943268,B
7.35643721,0.372858226299,2023-02-22T18:06:04Z,212.47303708405278,46,100.00019836,0.0984262943268,0.11424498593432501,0.0984262943268,B
8.57697582,1.19090056419,2023-02-22T18:06:04Z,212.47303708405278,46,100.00019836,0.0984262943268,0.11424498593432501,0.0984262943268,B
10.00002003,2.45755648613,2023-02-22T18:06:04Z,212.47303708405278,46,100.00019836,0.0984262943268,0.11424498593432501,0.0984262943268,B
11.65916729,3.7733952999099998,2023-02-22T18:06:04Z,212.47303708405278,46,100.00019836,0.0984262943268,0.11424498593432501,0.0984262943268,B
13.59359074,4.44140958786,2023-02-22T18:06:04Z,212.47303708405278,46,100.00019836,0.0984262943268,0.11424498593432501,0.0984262943268,B
15.84896278,3.93367624283,2023-02-22T18:06:04Z,212.47303708405278,46,100.00019836,0.0984262943268,0.11424498593432501,0.0984262943268,B
18.47853470,2.39547872543,2023-02-22T18:06:04Z,212.47303708405278,46,100.00019836,0.0984262943268,0.11424498593432501,0.0984262943268,B
21.54438972,0.628832638264,2023-02-22T18:06:04Z,212.47303708405278,46,100.00019836,0.0984262943268,0.11424498593432501,0.0984262943268,B
25.11891365,0,2023-02-22T18:06:04Z,212.47303708405278,46,100.00019836,0.0984262943268,0.11424498593432501,0.0984262943268,B
29.28650284,0,2023-02-22T18:06:04Z,212.47303708405278,46,100.00019836,0.0984262943268,0.11424498593432501,0.0984262943268,B
34.14555740,0,2023-02-22T18:06:04Z,212.47303708405278,46,100.00019836,0.0984262943268,0.11424498593432501,0.0984262943268,B
39.81079483,0,2023-02-22T18:06:04Z,212.47303708405278,46,100.00019836,0.0984262943268,0.11424498593432501,0.0984262943268,B
46.41598129,0,2023-02-22T18:06:04Z,212.47303708405278,46,100.00019836,0.0984262943268,0.11424498593432501,0.0984262943268,B
54.11705780,0,2023-02-22T18:06:04Z,212.47303708405278,46,100.00019836,0.0984262943268,0.11424498593432501,0.0984262943268,B
63.09585953,0,2023-02-22T18:06:04Z,212.47303708405278,46,100.00019836,0.0984262943268,0.11424498593432501,0.0984262943268,B
73.56436920,0,2023-02-22T18:06:04Z,212.47303708405278,46,100.00019836,0.0984262943268,0.11424498593432501,0.0984262943268,B
85.76976013,0,2023-02-22T18:06:04Z,212.47303708405278,46,100.00019836,0.0984262943268,0.11424498593432501,0.0984262943268,B
100.00019836,70.9451522827,2023-02-22T18:06:04Z,212.47303708405278,46,100.00019836,0.0984262943268,0.11424498593432501,0.0984262943268,B
116.59166718,0,2023-02-22T18:06:04Z,212.47303708405278,46,100.00019836,0.0984262943268,0.11424498593432501,0.0984262943268,B
135.93591309,0,2023-02-22T18:06:04Z,212.47303708405278,46,100.00019836,0.0984262943268,0.11424498593432501,0.0984262943268,B
158.48962402,0,2023-02-22T18:06:04Z,212.47303708405278,46,100.00019836,0.0984262943268,0.11424498593432501,0.0984262943268,B
184.78533936,0,2023-02-22T18:06:04Z,212.47303708405278,46,100.00019836,0.0984262943268,0.11424498593432501,0.0984262943268,B
215.44389343,0,2023-02-22T18:06:04Z,212.47303708405278,46,100.00019836,0.0984262943268,0.11424498593432501,0.0984262943268,B
251.18913269,0,2023-02-22T18:06:04Z,212.47303708405278,46,100.00019836,0.0984262943268,0.11424498593432501,0.0984262943268,B
292.86502075,0,2023-02-22T18:06:04Z,212.47303708405278,46,100.00019836,0.0984262943268,0.11424498593432501,0.0984262943268,B
341.45556641,0,2023-02-22T18:06:04Z,212.47303708405278,46,100.00019836,0.0984262943268,0.11424498593432501,0.0984262943268,B
398.10794067,0,2023-02-22T18:06:04Z,212.47303708405278,46,100.00019836,0.0984262943268,0.11424498593432501,0.0984262943268,B
464.15979004,0,2023-02-22T18:06:04Z,212.47303708405278,46,100.00019836,0.0984262943268,0.11424498593432501,0.0984262943268,B
541.17059326,0,2023-02-22T18:06:04Z,212.47303708405278,46,100.00019836,0.0984262943268,0.11424498593432501,0.0984262943268,B
630.95855713,0,2023-02-22T18:06:04Z,212.47303708405278,46,100.00019836,0.0984262943268,0.11424498593432501,0.0984262943268,B
735.64367676,0,2023-02-22T18:06:04Z,212.47303708405278,46,100.00019836,0.0984262943268,0.11424498593432501,0.0984262943268,B
857.69757080,0,2023-02-22T18:06:04Z,212.47303708405278,46,100.00019836,0.0984262943268,0.11424498593432501,0.0984262943268,B
1000.00195313,0,2023-02-22T18:06:04Z,212.47303708405278,46,100.00019836,0.0984262943268,0.11424498593432501,0.0984262943268,B
0.10000020,0,2023-02-22T18:06:05Z,234.34445741466666,46,100.00019836,0.10652195606577067,0.13914721975299568,0.10652195606577063,B
0.11659167,0,2023-02-22T18:06:05Z,234.34445741466666,46,100.00019836,0.10652195606577067,0.13914721975299568,0.10652195606577063,B
0.13593590,0,2023-02-22T18:06:05Z,234.34445741466666,46,100.00019836,0.10652195606577067,0.13914721975299568,0.10652195606577063,B
0.15848963,0,2023-02-22T18:06:05Z,234.34445741466666,46,100.00019836,0.10652195606577067,0.13914721975299568,0.10652195606577063,B
0.18478534,0,2023-02-22T18:06:05Z,234.34445741466666,46,100.00019836,0.10652195606577067,0.13914721975299568,0.10652195606577063,B
0.21544389,0,2023-02-22T18:06:05Z,234.34445741466666,46,100.00019836,0.10652195606577067,0.13914721975299568,0.10652195606577063,B
0.25118914,0,2023-02-22T18:06:05Z,234.34445741466666,46,100.00019836,0.10652195606577067,0.13914721975299568,0.10652195606577063,B
0.29286504,0,2023-02-22T18:06:05Z,234.34445741466666,46,100.00019836,0.10652195606577067,0.13914721975299568,0.10652195606577063,B
0.34145555,0,2023-02-22T18:06:05Z,234.34445741466666,46,100.00019836,0.10652195606577067,0.13914721975299568,0.10652195606577063,B
0.39810795,0,2023-02-22T18:06:05Z,234.34445741466666,46,100.00019836,0.10652195606577067,0.13914721975299568,0.10652195606577063,B
0.46415979,0,2023-02-22T18:06:05Z,234.34445741466666,46,100.00019836,0.10652195606577067,0.13914721975299568,0.10652195606577063,B
0.54117060,0,2023-02-22T18:06:05Z,234.34445741466666,46,100.00019836,0.10652195606577067,0.13914721975299568,0.10652195606577063,B
0.63095856,0,2023-02-22T18:06:05Z,234.34445741466666,46,100.00019836,0.10652195606577067,0.13914721975299568,0.10652195606577063,B
0.73564368,0,2023-02-22T18:06:05Z,234.34445741466666,46,100.00019836,0.10652195606577067,0.13914721975299568,0.10652195606577063,B
0.85769761,0,2023-02-22T18:06:05Z,234.34445741466666,46,100.00019836,0.10652195606577067,0.13914721975299568,0.10652195606577063,B
1.00000191,9.95035733808e-8,2023-02-22T18:06:05Z,234.34445741466666,46,100.00019836,0.10652195606577067,0.13914721975299568,0.10652195606577063,B
1.16591668,1.07403838634,2023-02-22T18:06:05Z,234.34445741466666,46,100.00019836,0.10652195606577067,0.13914721975299568,0.10652195606577063,B
1.35935903,9.54508399963,2023-02-22T18:06:05Z,234.34445741466666,46,100.00019836,0.10652195606577067,0.13914721975299568,0.10652195606577063,B
1.58489633,0.033072900027,2023-02-22T18:06:05Z,234.34445741466666,46,100.00019836,0.10652195606577067,0.13914721975299568,0.10652195606577063,B
1.84785342,2.21076490448e-7,2023-02-22T18:06:05Z,234.34445741466666,46,100.00019836,0.10652195606577067,0.13914721975299568,0.10652195606577063,B
2.15443897,2.77849168369e-15,2023-02-22T18:06:05Z,234.34445741466666,46,100.00019836,0.10652195606577067,0.13914721975299568,0.10652195606577063,B
2.51189137,8.72610739225e-27,2023-02-22T18:06:05Z,234.34445741466666,46,100.00019836,0.10652195606577067,0.13914721975299568,0.10652195606577063,B
2.92865038,0,2023-02-22T18:06:05Z,234.34445741466666,46,100.00019836,0.10652195606577067,0.13914721975299568,0.10652195606577063,B
3.41455555,0,2023-02-22T18:06:05Z,234.34445741466666,46,100.00019836,0.10652195606577067,0.13914721975299568,0.10652195606577063,B
3.98107958,0,2023-02-22T18:06:05Z,234.34445741466666,46,100.00019836,0.10652195606577067,0.13914721975299568,0.10652195606577063,B
4.64159775,0,2023-02-22T18:06:05Z,234.34445741466666,46,100.00019836,0.10652195606577067,0.13914721975299568,0.10652195606577063,B
5.41170597,0.0294850524515,2023-02-22T18:06:05Z,234.34445741466666,46,100.00019836,0.10652195606577067,0.13914721975299568,0.10652195606577063,B
6.30958605,0.366878122091,2023-02-22T18:06:05Z,234.34445741466666,46,100.00019836,0.10652195606577067,0.13914721975299568,0.10652195606577063,B
7.35643721,0.98096460104,2023-02-22T18:06:05Z,234.34445741466666,46,100.00019836,0.10652195606577067,0.13914721975299568,0.10652195606577063,B
8.57697582,1.88519859314,2023-02-22T18:06:05Z,234.34445741466666,46,100.00019836,0.10652195606577067,0.13914721975299568,0.10652195606577063,B
10.00002003,3.00421929359,2023-02-22T18:06:05Z,234.34445741466666,46,100.00019836,0.10652195606577067,0.13914721975299568,0.10652195606577063,B
11.65916729,4.14866065979,2023-02-22T18:06:05Z,234.34445741466666,46,100.00019836,0.10652195606577067,0.13914721975299568,0.10652195606577063,B
13.59359074,5.01198673248,2023-02-22T18:06:05Z,234.34445741466666,46,100.00019836,0.10652195606577067,0.13914721975299568,0.10652195606577063,B
15.84896278,5.23072767258,2023-02-22T18:06:05Z,234.34445741466666,46,100.00019836,0.10652195606577067,0.13914721975299568,0.10652195606577063,B
18.47853470,4.51573133469,2023-02-22T18:06:05Z,234.34445741466666,46,100.00019836,0.10652195606577067,0.13914721975299568,0.10652195606577063,B
21.54438972,2.81661200523,2023-02-22T18:06:05Z,234.34445741466666,46,100.00019836,0.10652195606577067,0.13914721975299568,0.10652195606577063,B
25.11891365,0.468999505043,2023-02-22T18:06:05Z,234.34445741466666,46,100.00019836,0.10652195606577067,0.13914721975299568,0.10652195606577063,B
29.28650284,0,2023-02-22T18:06:05Z,234.34445741466666,46,100.00019836,0.10652195606577067,0.13914721975299568,0.10652195606577063,B
34.14555740,0,2023-02-22T18:06:05Z,234.34445741466666,46,100.00019836,0.10652195606577067,0.13914721975299568,0.10652195606577063,B
39.81079483,0,2023-02-22T18:06:05Z,234.34445741466666,46,100.00019836,0.10652195606577067,0.13914721975299568,0.10652195606577063,B
46.41598129,0,2023-02-22T18:06:05Z,234.34445741466666,46,100.00019836,0.10652195606577067,0.13914721975299568,0.10652195606577063,B
54.11705780,0,2023-02-22T18:06:05Z,234.34445741466666,46,100.00019836,0.10652195606577067,0.13914721975299568,0.10652195606577063,B
63.09585953,0,2023-02-22T18:06:05Z,234.34445741466666,46,100.00019836,0.10652195606577067,0.13914721975299568,0.10652195606577063,B
73.56436920,0,2023-02-22T18:06:05Z,234.34445741466666,46,100.00019836,0.10652195606577067,0.13914721975299568,0.10652195606577063,B
85.76976013,0,2023-02-22T18:06:05Z,234.34445741466666,46,100.00019836,0.10652195606577067,0.13914721975299568,0.10652195606577063,B
100.00019836,60.888343811,2023-02-22T18:06:05Z,234.34445741466666,46,100.00019836,0.10652195606577067,0.13914721975299568,0.10652195606577063,B
116.59166718,0,2023-02-22T18:06:05Z,234.34445741466666,46,100.00019836,0.10652195606577067,0.13914721975299568,0.10652195606577063,B
135.93591309,0,2023-02-22T18:06:05Z,234.34445741466666,46,100.00019836,0.10652195606577067,0.13914721975299568,0.10652195606577063,B
158.48962402,0,2023-02-22T18:06:05Z,234.34445741466666,46,100.00019836,0.10652195606577067,0.13914721975299568,0.10652195606577063,B
184.78533936,0,2023-02-22T18:06:05Z,234.34445741466666,46,100.00019836,0.10652195606577067,0.13914721975299568,0.10652195606577063,B
215.44389343,0,2023-02-22T18:06:05Z,234.34445741466666,46,100.00019836,0.10652195606577067,0.13914721975299568,0.10652195606577063,B
251.18913269,0,2023-02-22T18:06:05Z,234.34445741466666,46,100.00019836,0.10652195606577067,0.13914721975299568,0.10652195606577063,B
292.86502075,0,2023-02-22T18:06:05Z,234.34445741466666,46,100.00019836,0.10652195606577067,0.13914721975299568,0.10652195606577063,B
341.45556641,0,2023-02-22T18:06:05Z,234.34445741466666,46,100.00019836,0.10652195606577067,0.13914721975299568,0.10652195606577063,B
398.10794067,0,2023-02-22T18:06:05Z,234.34445741466666,46,100.00019836,0.10652195606577067,0.13914721975299568,0.10652195606577063,B
464.15979004,0,2023-02-22T18:06:05Z,234.34445741466666,46,100.00019836,0.10652195606577067,0.13914721975299568,0.10652195606577063,B
541.17059326,0,2023-02-22T18:06:05Z,234.34445741466666,46,100.00019836,0.10652195606577067,0.13914721975299568,0.10652195606577063,B
630.95855713,0,2023-02-22T18:06:05Z,234.34445741466666,46,100.00019836,0.10652195606577067,0.13914721975299568,0.10652195606577063,B
735.64367676,0,2023-02-22T18:06:05Z,234.34445741466666,46,100.00019836,0.10652195606577067,0.13914721975299568,0.10652195606577063,B
857.69757080,0,2023-02-22T18:06:05Z,234.34445741466666,46,100.00019836,0.10652195606577067,0.13914721975299568,0.10652195606577063,B
1000.00195313,0,2023-02-22T18:06:05Z,234.34445741466666,46,100.00019836,0.10652195606577067,0.13914721975299568,0.10652195606577063,B
0.10000020,0,2023-02-22T18:06:06Z,160.94650120207777,46,100.00019836,0.12432779332280046,0.15788708952842245,0.1243215041328153,B
0.11659167,0,2023-02-22T18:06:06Z,160.94650120207777,46,100.00019836,0.12432779332280046,0.15788708952842245,0.1243215041328153,B
0.13593590,0,2023-02-22T18:06:06Z,160.94650120207777,46,100.00019836,0.12432779332280046,0.15788708952842245,0.1243215041328153,B
0.15848963,0,2023-02-22T18:06:06Z,160.94650120207777,46,100.00019836,0.12432779332280046,0.15788708952842245,0.1243215041328153,B
0.18478534,0,2023-02-22T18:06:06Z,160.94650120207777,46,100.00019836,0.12432779332280046,0.15788708952842245,0.1243215041328153,B
0.21544389,0,2023-02-22T18:06:06Z,160.94650120207777,46,100.00019836,0.12432779332280046,0.15788708952842245,0.1243215041328153,B
0.25118914,0,2023-02-22T18:06:06Z,160.94650120207777,46,100.00019836,0.12432779332280046,0.15788708952842245,0.1243215041328153,B
0.29286504,0,2023-02-22T18:06:06Z,160.94650120207777,46,100.00019836,0.12432779332280046,0.15788708952842245,0.1243215041328153,B
0.34145555,0,2023-02-22T18:06:06Z,160.94650120207777,46,100.00019836,0.12432779332280046,0.15788708952842245,0.1243215041328153,B
0.39810795,0,2023-02-22T18:06:06Z,160.94650120207777,46,100.00019836,0.12432779332280046,0.15788708952842245,0.1243215041328153,B
0.46415979,0,2023-02-22T18:06:06Z,160.94650120207777,46,100.00019836,0.12432779332280046,0.15788708952842245,0.1243215041328153,B
0.54117060,0,2023-02-22T18:06:06Z,160.94650120207777,46,100.00019836,0.12432779332280046,0.15788708952842245,0.1243215041328153,B
0.63095856,0,2023-02-22T18:06:06Z,160.94650120207777,46,100.00019836,0.12432779332280046,0.15788708952842245,0.1243215041328153,B
0.73564368,0,2023-02-22T18:06:06Z,160.94650120207777,46,100.00019836,0.12432779332280046,0.15788708952842245,0.1243215041328153,B
0.85769761,0,2023-02-22T18:06:06Z,160.94650120207777,46,100.00019836,0.12432779332280046,0.15788708952842245,0.1243215041328153,B
1.00000191,0.00509972590953,2023-02-22T18:06:06Z,160.94650120207777,46,100.00019836,0.12432779332280046,0.15788708952842245,0.1243215041328153,B
1.16591668,1.84858775139,2023-02-22T18:06:06Z,160.94650120207777,46,100.00019836,0.12432779332280046,0.15788708952842245,0.1243215041328153,B
1.35935903,7.83496189117,2023-02-22T18:06:06Z,160.94650120207777,46,100.00019836,0.12432779332280046,0.15788708952842245,0.1243215041328153,B
1.58489633,2.6291615963,2023-02-22T18:06:06Z,160.94650120207777,46,100.00019836,0.12432779332280046,0.15788708952842245,0.1243215041328153,B
1.84785342,0.114339448512,2023-02-22T18:06:06Z,160.94650120207777,46,100.00019836,0.12432779332280046,0.15788708952842245,0.1243215041328153,B
2.15443897,6.28702924587e-4,2023-02-22T18:06:06Z,160.94650120207777,46,100.00019836,0.12432779332280046,0.15788708952842245,0.1243215041328153,B
2.51189137,2.16073743786e-7,2023-02-22T18:06:06Z,160.94650120207777,46,100.00019836,0.12432779332280046,0.15788708952842245,0.1243215041328153,B
2.92865038,1.84759352999e-13,2023-02-22T18:06:06Z,160.94650120207777,46,100.00019836,0.12432779332280046,0.15788708952842245,0.1243215041328153,B
3.41455555,0,2023-02-22T18:06:06Z,160.94650120207777,46,100.00019836,0.12432779332280046,0.15788708952842245,0.1243215041328153,B
3.98107958,0,2023-02-22T18:06:06Z,160.94650120207777,46,100.00019836,0.12432779332280046,0.15788708952842245,0.1243215041328153,B
4.64159775,0,2023-02-22T18:06:06Z,160.94650120207777,46,100.00019836,0.12432779332280046,0.15788708952842245,0.1243215041328153,B
5.41170597,0.0734602287412,2023-02-22T18:06:06Z,160.94650120207777,46,100.00019836,0.12432779332280046,0.15788708952842245,0.1243215041328153,B
6.30958605,0.401869356632,2023-02-22T18:06:06Z,160.94650120207777,46,100.00019836,0.12432779332280046,0.15788708952842245,0.1243215041328153,B
7.35643721,0.998031079769,2023-02-22T18:06:06Z,160.94650120207777,46,100.00019836,0.12432779332280046,0.15788708952842245,0.1243215041328153,B
8.57697582,1.88256895542,2023-02-22T18:06:06Z,160.94650120207777,46,100.00019836,0.12432779332280046,0.15788708952842245,0.1243215041328153,B
10.00002003,2.98754882813,2023-02-22T18:06:06Z,160.94650120207777,46,100.00019836,0.12432779332280046,0.15788708952842245,0.1243215041328153,B
11.65916729,4.12471866608,2023-02-22T18:06:06Z,160.94650120207777,46,100.00019836,0.12432779332280046,0.15788708952842245,0.1243215041328153,B
13.59359074,4.976790905,2023-02-22T18:06:06Z,160.94650120207777,46,100.00019836,0.12432779332280046,0.15788708952842245,0.1243215041328153,B
15.84896278,5.15403842926,2023-02-22T18:06:06Z,160.94650120207777,46,100.00019836,0.12432779332280046,0.15788708952842245,0.1243215041328153,B
18.47853470,4.33288812637,2023-02-22T18:06:06Z,160.94650120207777,46,100.00019836,0.12432779332280046,0.15788708952842245,0.1243215041328153,B
21.54438972,2.44396519661,2023-02-22T18:06:06Z,160.94650120207777,46,100.00019836,0.12432779332280046,0.15788708952842245,0.1243215041328153,B
25.11891365,0,2023-02-22T18:06:06Z,160.94650120207777,46,100.00019836,0.12432779332280046,0.15788708952842245,0.1243215041328153,B
29.28650284,0,2023-02-22T18:06:06Z,160.94650120207777,46,100.00019836,0.12432779332280046,0.15788708952842245,0.1243215041328153,B
34.14555740,0,2023-02-22T18:06:06Z,160.94650120207777,46,100.00019836,0.12432779332280046,0.15788708952842245,0.1243215041328153,B
39.81079483,0,2023-02-22T18:06:06Z,160.94650120207777,46,100.00019836,0.12432779332280046,0.15788708952842245,0.1243215041328153,B
46.41598129,0,2023-02-22T18:06:06Z,160.94650120207777,46,100.00019836,0.12432779332280046,0.15788708952842245,0.1243215041328153,B
54.11705780,0,2023-02-22T18:06:06Z,160.94650120207777,46,100.00019836,0.12432779332280046,0.15788708952842245,0.1243215041328153,B
63.09585953,0,2023-02-22T18:06:06Z,160.94650120207777,46,100.00019836,0.12432779332280046,0.15788708952842245,0.1243215041328153,B
73.56436920,0,2023-02-22T18:06:06Z,160.94650120207777,46,100.00019836,0.12432779332280046,0.15788708952842245,0.1243215041328153,B
85.76976013,0,2023-02-22T18:06:06Z,160.94650120207777,46,100.00019836,0.12432779332280046,0.15788708952842245,0.1243215041328153,B
100.00019836,60.1913375854,2023-02-22T18:06:06Z,160.94650120207777,46,100.00019836,0.12432779332280046,0.15788708952842245,0.1243215041328153,B
116.59166718,0,2023-02-22T18:06:06Z,160.94650120207777,46,100.00019836,0.12432779332280046,0.15788708952842245,0.1243215041328153,B
135.93591309,0,2023-02-22T18:06:06Z,160.94650120207777,46,100.00019836,0.12432779332280046,0.15788708952842245,0.1243215041328153,B
158.48962402,0,2023-02-22T18:06:06Z,160.94650120207777,46,100.00019836,0.12432779332280046,0.15788708952842245,0.1243215041328153,B
184.78533936,0,2023-02-22T18:06:06Z,160.94650120207777,46,100.00019836,0.12432779332280046,0.15788708952842245,0.1243215041328153,B
215.44389343,0,2023-02-22T18:06:06Z,160.94650120207777,46,100.00019836,0.12432779332280046,0.15788708952842245,0.1243215041328153,B
251.18913269,0,2023-02-22T18:06:06Z,160.94650120207777,46,100.00019836,0.12432779332280046,0.15788708952842245,0.1243215041328153,B
292.86502075,0,2023-02-22T18:06:06Z,160.94650120207777,46,100.00019836,0.12432779332280046,0.15788708952842245,0.1243215041328153,B
341.45556641,0,2023-02-22T18:06:06Z,160.94650120207777,46,100.00019836,0.12432779332280046,0.15788708952842245,0.1243215041328153,B
398.10794067,0,2023-02-22T18:06:06Z,160.94650120207777,46,100.00019836,0.12432779332280046,0.15788708952842245,0.1243215041328153,B
464.15979004,0,2023-02-22T18:06:06Z,160.94650120207777,46,100.00019836,0.12432779332280046,0.15788708952842245,0.1243215041328153,B
541.17059326,0,2023-02-22T18:06:06Z,160.94650120207777,46,100.00019836,0.12432779332280046,0.15788708952842245,0.1243215041328153,B
630.95855713,0,2023-02-22T18:06:06Z,160.94650120207777,46,100.00019836,0.12432779332280046,0.15788708952842245,0.1243215041328153,B
735.64367676,0,2023-02-22T18:06:06Z,160.94650120207777,46,100.00019836,0.12432779332280046,0.15788708952842245,0.1243215041328153,B
857.69757080,0,2023-02-22T18:06:06Z,160.94650120207777,46,100.00019836,0.12432779332280046,0.15788708952842245,0.1243215041328153,B
1000.00195313,0,2023-02-22T18:06:06Z,160.94650120207777,46,100.00019836,0.12432779332280046,0.15788708952842245,0.1243215041328153,B
0.10000020,0,2023-02-22T18:06:07Z,159.38428412544167,46,100.00019836,0.1539903223599478,0.16442566108807583,0.1528997795284,B
0.11659167,0,2023-02-22T18:06:07Z,159.38428412544167,46,100.00019836,0.1539903223599478,0.16442566108807583,0.1528997795284,B
0.13593590,0,2023-02-22T18:06:07Z,159.38428412544167,46,100.00019836,0.1539903223599478,0.16442566108807583,0.1528997795284,B
0.15848963,0,2023-02-22T18:06:07Z,159.38428412544167,46,100.00019836,0.1539903223599478,0.16442566108807583,0.1528997795284,B
0.18478534,0,2023-02-22T18:06:07Z,159.38428412544167,46,100.00019836,0.1539903223599478,0.16442566108807583,0.1528997795284,B
0.21544389,0,2023-02-22T18:06:07Z,159.38428412544167,46,100.00019836,0.1539903223599478,0.16442566108807583,0.1528997795284,B
0.25118914,0,2023-02-22T18:06:07Z,159.38428412544167,46,100.00019836,0.1539903223599478,0.16442566108807583,0.1528997795284,B
0.29286504,0,2023-02-22T18:06:07Z,159.38428412544167,46,100.00019836,0.1539903223599478,0.16442566108807583,0.1528997795284,B
0.34145555,0,2023-02-22T18:06:07Z,159.38428412544167,46,100.00019836,0.1539903223599478,0.16442566108807583,0.1528997795284,B
0.39810795,0,2023-02-22T18:06:07Z,159.38428412544167,46,100.00019836,0.1539903223599478,0.16442566108807583,0.1528997795284,B
0.46415979,0,2023-02-22T18:06:07Z,159.38428412544167,46,100.00019836,0.1539903223599478,0.16442566108807583,0.1528997795284,B
0.54117060,0,2023-02-22T18:06:07Z,159.38428412544167,46,100.00019836,0.1539903223599478,0.16442566108807583,0.1528997795284,B
0.63095856,0,2023-02-22T18:06:07Z,159.38428412544167,46,100.00019836,0.1539903223599478,0.16442566108807583,0.1528997795284,B
0.73564368,0,2023-02-22T18:06:07Z,159.38428412544167,46,100.00019836,0.1539903223599478,0.16442566108807583,0.1528997795284,B
0.85769761,0,2023-02-22T18:06:07Z,159.38428412544167,46,100.00019836,0.1539903223599478,0.16442566108807583,0.1528997795284,B
1.00000191,0.19219379127,2023-02-22T18:06:07Z,159.38428412544167,46,100.00019836,0.1539903223599478,0.16442566108807583,0.1528997795284,B
1.16591668,3.19714140892,2023-02-22T18:06:07Z,159.38428412544167,46,100.00019836,0.1539903223599478,0.16442566108807583,0.1528997795284,B
1.35935903,6.59401845932,2023-02-22T18:06:07Z,159.38428412544167,46,100.00019836,0.1539903223599478,0.16442566108807583,0.1528997795284,B
1.58489633,4.23301267624,2023-02-22T18:06:07Z,159.38428412544167,46,100.00019836,0.1539903223599478,0.16442566108807583,0.1528997795284,B
1.84785342,1.07361161709,2023-02-22T18:06:07Z,159.38428412544167,46,100.00019836,0.1539903223599478,0.16442566108807583,0.1528997795284,B
2.15443897,0.106200389564,2023-02-22T18:06:07Z,159.38428412544167,46,100.00019836,0.1539903223599478,0.16442566108807583,0.1528997795284,B
2.51189137,0.00285048270598,2023-02-22T18:06:07Z,159.38428412544167,46,100.00019836,0.1539903223599478,0.16442566108807583,0.1528997795284,B
2.92865038,3.41088480127e-6,2023-02-22T18:06:07Z,159.38428412544167,46,100.00019836,0.1539903223599478,0.16442566108807583,0.1528997795284,B
3.41455555,0,2023-02-22T18:06:07Z,159.38428412544167,46,100.00019836,0.1539903223599478,0.16442566108807583,0.1528997795284,B
3.98107958,0,2023-02-22T18:06:07Z,159.38428412544167,46,100.00019836,0.1539903223599478,0.16442566108807583,0.1528997795284,B
4.64159775,0,2023-02-22T18:06:07Z,159.38428412544167,46,100.00019836,0.1539903223599478,0.16442566108807583,0.1528997795284,B
5.41170597,0,2023-02-22T18:06:07Z,159.38428412544167,46,100.00019836,0.1539903223599478,0.16442566108807583,0.1528997795284,B
6.30958605,0.0396812222898,2023-02-22T18:06:07Z,159.38428412544167,46,100.00019836,0.1539903223599478,0.16442566108807583,0.1528997795284,B
7.35643721,0.246035262942,2023-02-22T18:06:07Z,159.38428412544167,46,100.00019836,0.1539903223599478,0.16442566108807583,0.1528997795284,B
8.57697582,0.757817387581,2023-02-22T18:06:07Z,159.38428412544167,46,100.00019836,0.1539903223599478,0.16442566108807583,0.1528997795284,B
10.00002003,1.7099519968,2023-02-22T18:06:07Z,159.38428412544167,46,100.00019836,0.1539903223599478,0.16442566108807583,0.1528997795284,B
11.65916729,3.1003715992,2023-02-22T18:06:07Z,159.38428412544167,46,100.00019836,0.1539903223599478,0.16442566108807583,0.1528997795284,B
13.59359074,4.6280798912,2023-02-22T18:06:07Z,159.38428412544167,46,100.00019836,0.1539903223599478,0.16442566108807583,0.1528997795284,B
15.84896278,5.62490177155,2023-02-22T18:06:07Z,159.38428412544167,46,100.00019836,0.1539903223599478,0.16442566108807583,0.1528997795284,B
18.47853470,5.27780723572,2023-02-22T18:06:07Z,159.38428412544167,46,100.00019836,0.1539903223599478,0.16442566108807583,0.1528997795284,B
21.54438972,3.22214245796,2023-02-22T18:06:07Z,159.38428412544167,46,100.00019836,0.1539903223599478,0.16442566108807583,0.1528997795284,B
25.11891365,0.372925817966,2023-02-22T18:06:07Z,159.38428412544167,46,100.00019836,0.1539903223599478,0.16442566108807583,0.1528997795284,B
29.28650284,0,2023-02-22T18:06:07Z,159.38428412544167,46,100.00019836,0.1539903223599478,0.16442566108807583,0.1528997795284,B
34.14555740,0,2023-02-22T18:06:07Z,159.38428412544167,46,100.00019836,0.1539903223599478,0.16442566108807583,0.1528997795284,B
39.81079483,0,2023-02-22T18:06:07Z,159.38428412544167,46,100.00019836,0.1539903223599478,0.16442566108807583,0.1528997795284,B
46.41598129,0,2023-02-22T18:06:07Z,159.38428412544167,46,100.00019836,0.1539903223599478,0.16442566108807583,0.1528997795284,B
54.11705780,0,2023-02-22T18:06:07Z,159.38428412544167,46,100.00019836,0.1539903223599478,0.16442566108807583,0.1528997795284,B
63.09585953,0,2023-02-22T18:06:07Z,159.38428412544167,46,100.00019836,0.1539903223599478,0.16442566108807583,0.1528997795284,B
73.56436920,0,2023-02-22T18:06:07Z,159.38428412544167,46,100.00019836,0.1539903223599478,0.16442566108807583,0.1528997795284,B
85.76976013,0,2023-02-22T18:06:07Z,159.38428412544167,46,100.00019836,0.1539903223599478,0.16442566108807583,0.1528997795284,B
100.00019836,59.6212501526,2023-02-22T18:06:07Z,159.38428412544167,46,100.00019836,0.1539903223599478,0.16442566108807583,0.1528997795284,B
116.59166718,0,2023-02-22T18:06:07Z,159.38428412544167,46,100.00019836,0.1539903223599478,0.16442566108807583,0.1528997795284,B
135.93591309,0,2023-02-22T18:06:07Z,159.38428412544167,46,100.00019836,0.1539903223599478,0.16442566108807583,0.1528997795284,B
158.48962402,0,2023-02-22T18:06:07Z,159.38428412544167,46,100.00019836,0.1539903223599478,0.16442566108807583,0.1528997795284,B
184.78533936,0,2023-02-22T18:06:07Z,159.38428412544167,46,100.00019836,0.1539903223599478,0.16442566108807583,0.1528997795284,B
215.44389343,0,2023-02-22T18:06:07Z,159.38428412544167,46,100.00019836,0.1539903223599478,0.16442566108807583,0.1528997795284,B
251.18913269,0,2023-02-22T18:06:07Z,159.38428412544167,46,100.00019836,0.1539903223599478,0.16442566108807583,0.1528997795284,B
292.86502075,0,2023-02-22T18:06:07Z,159.38428412544167,46,100.00019836,0.1539903223599478,0.16442566108807583,0.1528997795284,B
341.45556641,0,2023-02-22T18:06:07Z,159.38428412544167,46,100.00019836,0.1539903223599478,0.16442566108807583,0.1528997795284,B
398.10794067,0,2023-02-22T18:06:07Z,159.38428412544167,46,100.00019836,0.1539903223599478,0.16442566108807583,0.1528997795284,B
464.15979004,0,2023-02-22T18:06:07Z,159.38428412544167,46,100.00019836,0.1539903223599478,0.16442566108807583,0.1528997795284,B
541.17059326,0,2023-02-22T18:06:07Z,159.38428412544167,46,100.00019836,0.1539903223599478,0.16442566108807583,0.1528997795284,B
630.95855713,0,2023-02-22T18:06:07Z,159.38428412544167,46,100.00019836,0.1539903223599478,0.16442566108807583,0.1528997795284,B
735.64367676,0,2023-02-22T18:06:07Z,159.38428412544167,46,100.00019836,0.1539903223599478,0.16442566108807583,0.1528997795284,B
857.69757080,0,2023-02-22T18:06:07Z,159.38428412544167,46,100.00019836,0.1539903223599478,0.16442566108807583,0.1528997795284,B
1000.00195313,0,2023-02-22T18:06:07Z,159.38428412544167,46,100.00019836,0.1539903223599478,0.16442566108807583,0.1528997795284,B
0.10000020,0,2023-02-22T18:06:08Z,183.24771436065,46,100.00019836,0.13541069111312487,0.14862715859190445,0.1353269188943769,B
0.11659167,0,2023-02-22T18:06:08Z,183.24771436065,46,100.00019836,0.13541069111312487,0.14862715859190445,0.1353269188943769,B
0.13593590,0,2023-02-22T18:06:08Z,183.24771436065,46,100.00019836,0.13541069111312487,0.14862715859190445,0.1353269188943769,B
0.15848963,0,2023-02-22T18:06:08Z,183.24771436065,46,100.00019836,0.13541069111312487,0.14862715859190445,0.1353269188943769,B
0.18478534,0,2023-02-22T18:06:08Z,183.24771436065,46,100.00019836,0.13541069111312487,0.14862715859190445,0.1353269188943769,B
0.21544389,0,2023-02-22T18:06:08Z,183.24771436065,46,100.00019836,0.13541069111312487,0.14862715859190445,0.1353269188943769,B
0.25118914,0,2023-02-22T18:06:08Z,183.24771436065,46,100.00019836,0.13541069111312487,0.14862715859190445,0.1353269188943769,B
0.29286504,0,2023-02-22T18:06:08Z,183.24771436065,46,100.00019836,0.13541069111312487,0.14862715859190445,0.1353269188943769,B
0.34145555,0,2023-02-22T18:06:08Z,183.24771436065,46,100.00019836,0.13541069111312487,0.14862715859190445,0.1353269188943769,B
0.39810795,0,2023-02-22T18:06:08Z,183.24771436065,46,100.00019836,0.13541069111312487,0.14862715859190445,0.1353269188943769,B
0.46415979,0,2023-02-22T18:06:08Z,183.24771436065,46,100.00019836,0.13541069111312487,0.14862715859190445,0.1353269188943769,B
0.54117060,0,2023-02-22T18:06:08Z,183.24771436065,46,100.00019836,0.13541069111312487,0.14862715859190445,0.1353269188943769,B
0.63095856,0,2023-02-22T18:06:08Z,183.24771436065,46,100.00019836,0.13541069111312487,0.14862715859190445,0.1353269188943769,B
0.73564368,0,2023-02-22T18:06:08Z,183.24771436065,46,100.00019836,0.13541069111312487,0.14862715859190445,0.1353269188943769,B
0.85769761,0,2023-02-22T18:06:08Z,183.24771436065,46,100.00019836,0.13541069111312487,0.14862715859190445,0.1353269188943769,B
1.00000191,1.92546285689e-4,2023-02-22T18:06:08Z,183.24771436065,46,100.00019836,0.13541069111312487,0.14862715859190445,0.1353269188943769,B
1.16591668,0.452659755945,2023-02-22T18:06:08Z,183.24771436065,46,100.00019836,0.13541069111312487,0.14862715859190445,0.1353269188943769,B
1.35935903,6.51501512527,2023-02-22T18:06:08Z,183.24771436065,46,100.00019836,0.13541069111312487,0.14862715859190445,0.1353269188943769,B
1.58489633,5.92733001709,2023-02-22T18:06:08Z,183.24771436065,46,100.00019836,0.13541069111312487,0.14862715859190445,0.1353269188943769,B
1.84785342,0.637494444847,2023-02-22T18:06:08Z,183.24771436065,46,100.00019836,0.13541069111312487,0.14862715859190445,0.1353269188943769,B
2.15443897,0.00837039668113,2023-02-22T18:06:08Z,183.24771436065,46,100.00019836,0.13541069111312487,0.14862715859190445,0.1353269188943769,B
2.51189137,6.82517520545e-6,2023-02-22T18:06:08Z,183.24771436065,46,100.00019836,0.13541069111312487,0.14862715859190445,0.1353269188943769,B
2.92865038,1.84615812221e-11,2023-02-22T18:06:08Z,183.24771436065,46,100.00019836,0.13541069111312487,0.14862715859190445,0.1353269188943769,B
3.41455555,0,2023-02-22T18:06:08Z,183.24771436065,46,100.00019836,0.13541069111312487,0.14862715859190445,0.1353269188943769,B
3.98107958,0,2023-02-22T18:06:08Z,183.24771436065,46,100.00019836,0.13541069111312487,0.14862715859190445,0.1353269188943769,B
4.64159775,0,2023-02-22T18:06:08Z,183.24771436065,46,100.00019836,0.13541069111312487,0.14862715859190445,0.1353269188943769,B
5.41170597,0.00221322267316,2023-02-22T18:06:08Z,183.24771436065,46,100.00019836,0.13541069111312487,0.14862715859190445,0.1353269188943769,B
6.30958605,0.0762599557638,2023-02-22T18:06:08Z,183.24771436065,46,100.00019836,0.13541069111312487,0.14862715859190445,0.1353269188943769,B
7.35643721,0.331880480051,2023-02-22T18:06:08Z,183.24771436065,46,100.00019836,0.13541069111312487,0.14862715859190445,0.1353269188943769,B
8.57697582,0.91129308939,2023-02-22T18:06:08Z,183.24771436065,46,100.00019836,0.13541069111312487,0.14862715859190445,0.1353269188943769,B
10.00002003,1.94340908527,2023-02-22T18:06:08Z,183.24771436065,46,100.00019836,0.13541069111312487,0.14862715859190445,0.1353269188943769,B
11.65916729,3.44094228745,2023-02-22T18:06:08Z,183.24771436065,46,100.00019836,0.13541069111312487,0.14862715859190445,0.1353269188943769,B
13.59359074,5.15786886215,2023-02-22T18:06:08Z,183.24771436065,46,100.00019836,0.13541069111312487,0.14862715859190445,0.1353269188943769,B
15.84896278,6.49944925308,2023-02-22T18:06:08Z,183.24771436065,46,100.00019836,0.13541069111312487,0.14862715859190445,0.1353269188943769,B
18.47853470,6.65110778809,2023-02-22T18:06:08Z,183.24771436065,46,100.00019836,0.13541069111312487,0.14862715859190445,0.1353269188943769,B
21.54438972,5.05122041702,2023-02-22T18:06:08Z,183.24771436065,46,100.00019836,0.13541069111312487,0.14862715859190445,0.1353269188943769,B
25.11891365,2.14445471764,2023-02-22T18:06:08Z,183.24771436065,46,100.00019836,0.13541069111312487,0.14862715859190445,0.1353269188943769,B
29.28650284,0,2023-02-22T18:06:08Z,183.24771436065,46,100.00019836,0.13541069111312487,0.14862715859190445,0.1353269188943769,B
34.14555740,0,2023-02-22T18:06:08Z,183.24771436065,46,100.00019836,0.13541069111312487,0.14862715859190445,0.1353269188943769,B
39.81079483,0,2023-02-22T18:06:08Z,183.24771436065,46,100.00019836,0.13541069111312487,0.14862715859190445,0.1353269188943769,B
46.41598129,0,2023-02-22T18:06:08Z,183.24771436065,46,100.00019836,0.13541069111312487,0.14862715859190445,0.1353269188943769,B
54.11705780,0,2023-02-22T18:06:08Z,183.24771436065,46,100.00019836,0.13541069111312487,0.14862715859190445,0.1353269188943769,B
63.09585953,0,2023-02-22T18:06:08Z,183.24771436065,46,100.00019836,0.13541069111312487,0.14862715859190445,0.1353269188943769,B
73.56436920,0,2023-02-22T18:06:08Z,183.24771436065,46,100.00019836,0.13541069111312487,0.14862715859190445,0.1353269188943769,B
85.76976013,0,2023-02-22T18:06:08Z,183.24771436065,46,100.00019836,0.13541069111312487,0.14862715859190445,0.1353269188943769,B
100.00019836,54.2488327026,2023-02-22T18:06:08Z,183.24771436065,46,100.00019836,0.13541069111312487,0.14862715859190445,0.1353269188943769,B
116.59166718,0,2023-02-22T18:06:08Z,183.24771436065,46,100.00019836,0.13541069111312487,0.14862715859190445,0.1353269188943769,B
135.93591309,0,2023-02-22T18:06:08Z,183.24771436065,46,100.00019836,0.13541069111312487,0.14862715859190445,0.1353269188943769,B
158.48962402,0,2023-02-22T18:06:08Z,183.24771436065,46,100.00019836,0.13541069111312487,0.14862715859190445,0.1353269188943769,B
184.78533936,0,2023-02-22T18:06:08Z,183.24771436065,46,100.00019836,0.13541069111312487,0.14862715859190445,0.1353269188943769,B
215.44389343,0,2023-02-22T18:06:08Z,183.24771436065,46,100.00019836,0.13541069111312487,0.14862715859190445,0.1353269188943769,B
251.18913269,0,2023-02-22T18:06:08Z,183.24771436065,46,100.00019836,0.13541069111312487,0.14862715859190445,0.1353269188943769,B
292.86502075,0,2023-02-22T18:06:08Z,183.24771436065,46,100.00019836,0.13541069111312487,0.14862715859190445,0.1353269188943769,B
341.45556641,0,2023-02-22T18:06:08Z,183.24771436065,46,100.00019836,0.13541069111312487,0.14862715859190445,0.1353269188943769,B
398.10794067,0,2023-02-22T18:06:08Z,183.24771436065,46,100.00019836,0.13541069111312487,0.14862715859190445,0.1353269188943769,B
464.15979004,0,2023-02-22T18:06:08Z,183.24771436065,46,100.00019836,0.13541069111312487,0.14862715859190445,0.1353269188943769,B
541.17059326,0,2023-02-22T18:06:08Z,183.24771436065,46,100.00019836,0.13541069111312487,0.14862715859190445,0.1353269188943769,B
630.95855713,0,2023-02-22T18:06:08Z,183.24771436065,46,100.00019836,0.13541069111312487,0.14862715859190445,0.1353269188943769,B
735.64367676,0,2023-02-22T18:06:08Z,183.24771436065,46,100.00019836,0.13541069111312487,0.14862715859190445,0.1353269188943769,B
857.69757080,0,2023-02-22T18:06:08Z,183.24771436065,46,100.00019836,0.13541069111312487,0.14862715859190445,0.1353269188943769,B
1000.00195313,0,2023-02-22T18:06:08Z,183.24771436065,46,100.00019836,0.13541069111312487,0.14862715859190445,0.1353269188943769,B
0.10000020,0,2023-02-22T18:06:09Z,251.83212619345278,46,100.00019836,0.10668800354,0.1509163451194,0.10668800354,A
0.11659167,0,2023-02-22T18:06:09Z,251.83212619345278,46,100.00019836,0.10668800354,0.1509163451194,0.10668800354,A
0.13593590,0,2023-02-22T18:06:09Z,251.83212619345278,46,100.00019836,0.10668800354,0.1509163451194,0.10668800354,A
0.15848963,0,2023-02-22T18:06:09Z,251.83212619345278,46,100.00019836,0.10668800354,0.1509163451194,0.10668800354,A
0.18478534,0,2023-02-22T18:06:09Z,251.83212619345278,46,100.00019836,0.10668800354,0.1509163451194,0.10668800354,A
0.21544389,0,2023-02-22T18:06:09Z,251.83212619345278,46,100.00019836,0.10668800354,0.1509163451194,0.10668800354,A
0.25118914,0,2023-02-22T18:06:09Z,251.83212619345278,46,100.00019836,0.10668800354,0.1509163451194,0.10668800354,A
0.29286504,0,2023-02-22T18:06:09Z,251.83212619345278,46,100.00019836,0.10668800354,0.1509163451194,0.10668800354,A
0.34145555,0,2023-02-22T18:06:09Z,251.83212619345278,46,100.00019836,0.10668800354,0.1509163451194,0.10668800354,A
0.39810795,0,2023-02-22T18:06:09Z,251.83212619345278,46,100.00019836,0.10668800354,0.1509163451194,0.10668800354,A
0.46415979,0,2023-02-22T18:06:09Z,251.83212619345278,46,100.00019836,0.10668800354,0.1509163451194,0.10668800354,A
0.54117060,0,2023-02-22T18:06:09Z,251.83212619345278,46,100.00019836,0.10668800354,0.1509163451194,0.10668800354,A
0.63095856,0,2023-02-22T18:06:09Z,251.83212619345278,46,100.00019836,0.10668800354,0.1509163451194,0.10668800354,A
0.73564368,0,2023-02-22T18:06:09Z,251.83212619345278,46,100.00019836,0.10668800354,0.1509163451194,0.10668800354,A
0.85769761,0,2023-02-22T18:06:09Z,251.83212619345278,46,100.00019836,0.10668800354,0.1509163451194,0.10668800354,A
1.00000191,0,2023-02-22T18:06:09Z,251.83212619345278,46,100.00019836,0.10668800354,0.1509163451194,0.10668800354,A
1.16591668,10.668800354,2023-02-22T18:06:09Z,251.83212619345278,46,100.00019836,0.10668800354,0.1509163451194,0.10668800354,A
1.35935903,0,2023-02-22T18:06:09Z,251.83212619345278,46,100.00019836,0.10668800354,0.1509163451194,0.10668800354,A
1.58489633,0,2023-02-22T18:06:09Z,251.83212619345278,46,100.00019836,0.10668800354,0.1509163451194,0.10668800354,A
1.84785342,0,2023-02-22T18:06:09Z,251.83212619345278,46,100.00019836,0.10668800354,0.1509163451194,0.10668800354,A
2.15443897,0,2023-02-22T18:06:09Z,251.83212619345278,46,100.00019836,0.10668800354,0.1509163451194,0.10668800354,A
2.51189137,0,2023-02-22T18:06:09Z,251.83212619345278,46,100.00019836,0.10668800354,0.1509163451194,0.10668800354,A
2.92865038,0,2023-02-22T18:06:09Z,251.83212619345278,46,100.00019836,0.10668800354,0.1509163451194,0.10668800354,A
3.41455555,0,2023-02-22T18:06:09Z,251.83212619345278,46,100.00019836,0.10668800354,0.1509163451194,0.10668800354,A
3.98107958,0,2023-02-22T18:06:09Z,251.83212619345278,46,100.00019836,0.10668800354,0.1509163451194,0.10668800354,A
4.64159775,0,2023-02-22T18:06:09Z,251.83212619345278,46,100.00019836,0.10668800354,0.1509163451194,0.10668800354,A
5.41170597,0,2023-02-22T18:06:09Z,251.83212619345278,46,100.00019836,0.10668800354,0.1509163451194,0.10668800354,A
6.30958605,0,2023-02-22T18:06:09Z,251.83212619345278,46,100.00019836,0.10668800354,0.1509163451194,0.10668800354,A
7.35643721,1.17356753349,2023-02-22T18:06:09Z,251.83212619345278,46,100.00019836,0.10668800354,0.1509163451194,0.10668800354,A
8.57697582,3.24926662445,2023-02-22T18:06:09Z,251.83212619345278,46,100.00019836,0.10668800354,0.1509163451194,0.10668800354,A
10.00002003,4.50627374649,2023-02-22T18:06:09Z,251.83212619345278,46,100.00019836,0.10668800354,0.1509163451194,0.10668800354,A
11.65916729,4.00201320648,2023-02-22T18:06:09Z,251.83212619345278,46,100.00019836,0.10668800354,0.1509163451194,0.10668800354,A
13.59359074,2.37658381462,2023-02-22T18:06:09Z,251.83212619345278,46,100.00019836,0.10668800354,0.1509163451194,0.10668800354,A
15.84896278,0.916409313679,2023-02-22T18:06:09Z,251.83212619345278,46,100.00019836,0.10668800354,0.1509163451194,0.10668800354,A
18.47853470,0.197594702244,2023-02-22T18:06:09Z,251.83212619345278,46,100.00019836,0.10668800354,0.1509163451194,0.10668800354,A
21.54438972,0.00477032642812,2023-02-22T18:06:09Z,251.83212619345278,46,100.00019836,0.10668800354,0.1509163451194,0.10668800354,A
25.11891365,0,2023-02-22T18:06:09Z,251.83212619345278,46,100.00019836,0.10668800354,0.1509163451194,0.10668800354,A
29.28650284,0,2023-02-22T18:06:09Z,251.83212619345278,46,100.00019836,0.10668800354,0.1509163451194,0.10668800354,A
34.14555740,0,2023-02-22T18:06:09Z,251.83212619345278,46,100.00019836,0.10668800354,0.1509163451194,0.10668800354,A
39.81079483,0,2023-02-22T18:06:09Z,251.83212619345278,46,100.00019836,0.10668800354,0.1509163451194,0.10668800354,A
46.41598129,0,2023-02-22T18:06:09Z,251.83212619345278,46,100.00019836,0.10668800354,0.1509163451194,0.10668800354,A
54.11705780,0,2023-02-22T18:06:09Z,251.83212619345278,46,100.00019836,0.10668800354,0.1509163451194,0.10668800354,A
63.09585953,0,2023-02-22T18:06:09Z,251.83212619345278,46,100.00019836,0.10668800354,0.1509163451194,0.10668800354,A
73.56436920,0,2023-02-22T18:06:09Z,251.83212619345278,46,100.00019836,0.10668800354,0.1509163451194,0.10668800354,A
85.76976013,0,2023-02-22T18:06:09Z,251.83212619345278,46,100.00019836,0.10668800354,0.1509163451194,0.10668800354,A
100.00019836,72.9047164917,2023-02-22T18:06:09Z,251.83212619345278,46,100.00019836,0.10668800354,0.1509163451194,0.10668800354,A
116.59166718,0,2023-02-22T18:06:09Z,251.83212619345278,46,100.00019836,0.10668800354,0.1509163451194,0.10668800354,A
135.93591309,0,2023-02-22T18:06:09Z,251.83212619345278,46,100.00019836,0.10668800354,0.1509163451194,0.10668800354,A
158.48962402,0,2023-02-22T18:06:09Z,251.83212619345278,46,100.00019836,0.10668800354,0.1509163451194,0.10668800354,A
184.78533936,0,2023-02-22T18:06:09Z,251.83212619345278,46,100.00019836,0.10668800354,0.1509163451194,0.10668800354,A
215.44389343,0,2023-02-22T18:06:09Z,251.83212619345278,46,100.00019836,0.10668800354,0.1509163451194,0.10668800354,A
251.18913269,0,2023-02-22T18:06:09Z,251.83212619345278,46,100.00019836,0.10668800354,0.1509163451194,0.10668800354,A
292.86502075,0,2023-02-22T18:06:09Z,251.83212619345278,46,100.00019836,0.10668800354,0.1509163451194,0.10668800354,A
341.45556641,0,2023-02-22T18:06:09Z,251.83212619345278,46,100.00019836,0.10668800354,0.1509163451194,0.10668800354,A
398.10794067,0,2023-02-22T18:06:09Z,251.83212619345278,46,100.00019836,0.10668800354,0.1509163451194,0.10668800354,A
464.15979004,0,2023-02-22T18:06:09Z,251.83212619345278,46,100.00019836,0.10668800354,0.1509163451194,0.10668800354,A
541.17059326,0,2023-02-22T18:06:09Z,251.83212619345278,46,100.00019836,0.10668800354,0.1509163451194,0.10668800354,A
630.95855713,0,2023-02-22T18:06:09Z,251.83212619345278,46,100.00019836,0.10668800354,0.1509163451194,0.10668800354,A
735.64367676,0,2023-02-22T18:06:09Z,251.83212619345278,46,100.00019836,0.10668800354,0.1509163451194,0.10668800354,A
857.69757080,0,2023-02-22T18:06:09Z,251.83212619345278,46,100.00019836,0.10668800354,0.1509163451194,0.10668800354,A
1000.00195313,0,2023-02-22T18:06:09Z,251.83212619345278,46,100.00019836,0.10668800354,0.1509163451194,0.10668800354,A
0.10000020,0,2023-02-22T18:06:10Z,154.4234146542472,46,100.00019836,0.11950778961201779,0.12535126097519778,0.11950778961201779,B
0.11659167,0,2023-02-22T18:06:10Z,154.4234146542472,46,100.00019836,0.11950778961201779,0.12535126097519778,0.11950778961201779,B
0.13593590,0,2023-02-22T18:06:10Z,154.4234146542472,46,100.00019836,0.11950778961201779,0.12535126097519778,0.11950778961201779,B
0.15848963,0,2023-02-22T18:06:10Z,154.4234146542472,46,100.00019836,0.11950778961201779,0.12535126097519778,0.11950778961201779,B
0.18478534,0,2023-02-22T18:06:10Z,154.4234146542472,46,100.00019836,0.11950778961201779,0.12535126097519778,0.11950778961201779,B
0.21544389,0,2023-02-22T18:06:10Z,154.4234146542472,46,100.00019836,0.11950778961201779,0.12535126097519778,0.11950778961201779,B
0.25118914,0,2023-02-22T18:06:10Z,154.4234146542472,46,100.00019836,0.11950778961201779,0.12535126097519778,0.11950778961201779,B
0.29286504,0,2023-02-22T18:06:10Z,154.4234146542472,46,100.00019836,0.11950778961201779,0.12535126097519778,0.11950778961201779,B
0.34145555,0,2023-02-22T18:06:10Z,154.4234146542472,46,100.00019836,0.11950778961201779,0.12535126097519778,0.11950778961201779,B
0.39810795,0,2023-02-22T18:06:10Z,154.4234146542472,46,100.00019836,0.11950778961201779,0.12535126097519778,0.11950778961201779,B
0.46415979,0,2023-02-22T18:06:10Z,154.4234146542472,46,100.00019836,0.11950778961201779,0.12535126097519778,0.11950778961201779,B
0.54117060,0,2023-02-22T18:06:10Z,154.4234146542472,46,100.00019836,0.11950778961201779,0.12535126097519778,0.11950778961201779,B
0.63095856,0,2023-02-22T18:06:10Z,154.4234146542472,46,100.00019836,0.11950778961201779,0.12535126097519778,0.11950778961201779,B
0.73564368,0,2023-02-22T18:06:10Z,154.4234146542472,46,100.00019836,0.11950778961201779,0.12535126097519778,0.11950778961201779,B
0.85769761,0,2023-02-22T18:06:10Z,154.4234146542472,46,100.00019836,0.11950778961201779,0.12535126097519778,0.11950778961201779,B
1.00000191,0,2023-02-22T18:06:10Z,154.4234146542472,46,100.00019836,0.11950778961201779,0.12535126097519778,0.11950778961201779,B
1.16591668,0,2023-02-22T18:06:10Z,154.4234146542472,46,100.00019836,0.11950778961201779,0.12535126097519778,0.11950778961201779,B
1.35935903,11.9507789612,2023-02-22T18:06:10Z,154.4234146542472,46,100.00019836,0.11950778961201779,0.12535126097519778,0.11950778961201779,B
1.58489633,1.7801075284e-12,2023-02-22T18:06:10Z,154.4234146542472,46,100.00019836,0.11950778961201779,0.12535126097519778,0.11950778961201779,B
1.84785342,0,2023-02-22T18:06:10Z,154.4234146542472,46,100.00019836,0.11950778961201779,0.12535126097519778,0.11950778961201779,B
2.15443897,0,2023-02-22T18:06:10Z,154.4234146542472,46,100.00019836,0.11950778961201779,0.12535126097519778,0.11950778961201779,B
2.51189137,0,2023-02-22T18:06:10Z,154.4234146542472,46,100.00019836,0.11950778961201779,0.12535126097519778,0.11950778961201779,B
2.92865038,0,2023-02-22T18:06:10Z,154.4234146542472,46,100.00019836,0.11950778961201779,0.12535126097519778,0.11950778961201779,B
3.41455555,0,2023-02-22T18:06:10Z,154.4234146542472,46,100.00019836,0.11950778961201779,0.12535126097519778,0.11950778961201779,B
3.98107958,0,2023-02-22T18:06:10Z,154.4234146542472,46,100.00019836,0.11950778961201779,0.12535126097519778,0.11950778961201779,B
4.64159775,0,2023-02-22T18:06:10Z,154.4234146542472,46,100.00019836,0.11950778961201779,0.12535126097519778,0.11950778961201779,B
5.41170597,0,2023-02-22T18:06:10Z,154.4234146542472,46,100.00019836,0.11950778961201779,0.12535126097519778,0.11950778961201779,B
6.30958605,0,2023-02-22T18:06:10Z,154.4234146542472,46,100.00019836,0.11950778961201779,0.12535126097519778,0.11950778961201779,B
7.35643721,0.104333527386,2023-02-22T18:06:10Z,154.4234146542472,46,100.00019836,0.11950778961201779,0.12535126097519778,0.11950778961201779,B
8.57697582,0.480013608932,2023-02-22T18:06:10Z,154.4234146542472,46,100.00019836,0.11950778961201779,0.12535126097519778,0.11950778961201779,B
10.00002003,1.31184470654,2023-02-22T18:06:10Z,154.4234146542472,46,100.00019836,0.11950778961201779,0.12535126097519778,0.11950778961201779,B
11.65916729,2.63629436493,2023-02-22T18:06:10Z,154.4234146542472,46,100.00019836,0.11950778961201779,0.12535126097519778,0.11950778961201779,B
13.59359074,4.08858299255,2023-02-22T18:06:10Z,154.4234146542472,46,100.00019836,0.11950778961201779,0.12535126097519778,0.11950778961201779,B
15.84896278,4.85936975479,2023-02-22T18:06:10Z,154.4234146542472,46,100.00019836,0.11950778961201779,0.12535126097519778,0.11950778961201779,B
18.47853470,4.13551330566,2023-02-22T18:06:10Z,154.4234146542472,46,100.00019836,0.11950778961201779,0.12535126097519778,0.11950778961201779,B
21.54438972,1.87367987633,2023-02-22T18:06:10Z,154.4234146542472,46,100.00019836,0.11950778961201779,0.12535126097519778,0.11950778961201779,B
25.11891365,0,2023-02-22T18:06:10Z,154.4234146542472,46,100.00019836,0.11950778961201779,0.12535126097519778,0.11950778961201779,B
29.28650284,0,2023-02-22T18:06:10Z,154.4234146542472,46,100.00019836,0.11950778961201779,0.12535126097519778,0.11950778961201779,B
34.14555740,0,2023-02-22T18:06:10Z,154.4234146542472,46,100.00019836,0.11950778961201779,0.12535126097519778,0.11950778961201779,B
39.81079483,0,2023-02-22T18:06:10Z,154.4234146542472,46,100.00019836,0.11950778961201779,0.12535126097519778,0.11950778961201779,B
46.41598129,0,2023-02-22T18:06:10Z,154.4234146542472,46,100.00019836,0.11950778961201779,0.12535126097519778,0.11950778961201779,B
54.11705780,0,2023-02-22T18:06:10Z,154.4234146542472,46,100.00019836,0.11950778961201779,0.12535126097519778,0.11950778961201779,B
63.09585953,0,2023-02-22T18:06:10Z,154.4234146542472,46,100.00019836,0.11950778961201779,0.12535126097519778,0.11950778961201779,B
73.56436920,0,2023-02-22T18:06:10Z,154.4234146542472,46,100.00019836,0.11950778961201779,0.12535126097519778,0.11950778961201779,B
85.76976013,0,2023-02-22T18:06:10Z,154.4234146542472,46,100.00019836,0.11950778961201779,0.12535126097519778,0.11950778961201779,B
100.00019836,68.5595855713,2023-02-22T18:06:10Z,154.4234146542472,46,100.00019836,0.11950778961201779,0.12535126097519778,0.11950778961201779,B
116.59166718,0,2023-02-22T18:06:10Z,154.4234146542472,46,100.00019836,0.11950778961201779,0.12535126097519778,0.11950778961201779,B
135.93591309,0,2023-02-22T18:06:10Z,154.4234146542472,46,100.00019836,0.11950778961201779,0.12535126097519778,0.11950778961201779,B
158.48962402,0,2023-02-22T18:06:10Z,154.4234146542472,46,100.00019836,0.11950778961201779,0.12535126097519778,0.11950778961201779,B
184.78533936,0,2023-02-22T18:06:10Z,154.4234146542472,46,100.00019836,0.11950778961201779,0.12535126097519778,0.11950778961201779,B
215.44389343,0,2023-02-22T18:06:10Z,154.4234146542472,46,100.00019836,0.11950778961201779,0.12535126097519778,0.11950778961201779,B
251.18913269,0,2023-02-22T18:06:10Z,154.4234146542472,46,100.00019836,0.11950778961201779,0.12535126097519778,0.11950778961201779,B
292.86502075,0,2023-02-22T18:06:10Z,154.4234146542472,46,100.00019836,0.11950778961201779,0.12535126097519778,0.11950778961201779,B
341.45556641,0,2023-02-22T18:06:10Z,154.4234146542472,46,100.00019836,0.11950778961201779,0.12535126097519778,0.11950778961201779,B
398.10794067,0,2023-02-22T18:06:10Z,154.4234146542472,46,100.00019836,0.11950778961201779,0.12535126097519778,0.11950778961201779,B
464.15979004,0,2023-02-22T18:06:10Z,154.4234146542472,46,100.00019836,0.11950778961201779,0.12535126097519778,0.11950778961201779,B
541.17059326,0,2023-02-22T18:06:10Z,154.4234146542472,46,100.00019836,0.11950778961201779,0.12535126097519778,0.11950778961201779,B
630.95855713,0,2023-02-22T18:06:10Z,154.4234146542472,46,100.00019836,0.11950778961201779,0.12535126097519778,0.11950778961201779,B
735.64367676,0,2023-02-22T18:06:10Z,154.4234146542472,46,100.00019836,0.11950778961201779,0.12535126097519778,0.11950778961201779,B
857.69757080,0,2023-02-22T18:06:10Z,154.4234146542472,46,100.00019836,0.11950778961201779,0.12535126097519778,0.11950778961201779,B
1000.00195313,0,2023-02-22T18:06:10Z,154.4234146542472,46,100.00019836,0.11950778961201779,0.12535126097519778,0.11950778961201779,B
0.10000020,0,2023-02-22T18:06:11Z,222.29893832728888,46,100.00019836,0.14169704872487393,0.15747007726993695,0.141692537516355,B
0.11659167,0,2023-02-22T18:06:11Z,222.29893832728888,46,100.00019836,0.14169704872487393,0.15747007726993695,0.141692537516355,B
0.13593590,0,2023-02-22T18:06:11Z,222.29893832728888,46,100.00019836,0.14169704872487393,0.15747007726993695,0.141692537516355,B
0.15848963,0,2023-02-22T18:06:11Z,222.29893832728888,46,100.00019836,0.14169704872487393,0.15747007726993695,0.141692537516355,B
0.18478534,0,2023-02-22T18:06:11Z,222.29893832728888,46,100.00019836,0.14169704872487393,0.15747007726993695,0.141692537516355,B
0.21544389,0,2023-02-22T18:06:11Z,222.29893832728888,46,100.00019836,0.14169704872487393,0.15747007726993695,0.141692537516355,B
0.25118914,0,2023-02-22T18:06:11Z,222.29893832728888,46,100.00019836,0.14169704872487393,0.15747007726993695,0.141692537516355,B
0.29286504,0,2023-02-22T18:06:11Z,222.29893832728888,46,100.00019836,0.14169704872487393,0.15747007726993695,0.141692537516355,B
0.34145555,0,2023-02-22T18:06:11Z,222.29893832728888,46,100.00019836,0.14169704872487393,0.15747007726993695,0.141692537516355,B
0.39810795,0,2023-02-22T18:06:11Z,222.29893832728888,46,100.00019836,0.14169704872487393,0.15747007726993695,0.141692537516355,B
0.46415979,0,2023-02-22T18:06:11Z,222.29893832728888,46,100.00019836,0.14169704872487393,0.15747007726993695,0.141692537516355,B
0.54117060,0,2023-02-22T18:06:11Z,222.29893832728888,46,100.00019836,0.14169704872487393,0.15747007726993695,0.141692537516355,B
0.63095856,0,2023-02-22T18:06:11Z,222.29893832728888,46,100.00019836,0.14169704872487393,0.15747007726993695,0.141692537516355,B
0.73564368,0,2023-02-22T18:06:11Z,222.29893832728888,46,100.00019836,0.14169704872487393,0.15747007726993695,0.141692537516355,B
0.85769761,0,2023-02-22T18:06:11Z,222.29893832728888,46,100.00019836,0.14169704872487393,0.15747007726993695,0.141692537516355,B
1.00000191,1.0083013773,2023-02-22T18:06:11Z,222.29893832728888,46,100.00019836,0.14169704872487393,0.15747007726993695,0.141692537516355,B
1.16591668,7.73270559311,2023-02-22T18:06:11Z,222.29893832728888,46,100.00019836,0.14169704872487393,0.15747007726993695,0.141692537516355,B
1.35935903,4.70736265182,2023-02-22T18:06:11Z,222.29893832728888,46,100.00019836,0.14169704872487393,0.15747007726993695,0.141692537516355,B
1.58489633,0.688947141171,2023-02-22T18:06:11Z,222.29893832728888,46,100.00019836,0.14169704872487393,0.15747007726993695,0.141692537516355,B
1.84785342,0.0319369882345,2023-02-22T18:06:11Z,222.29893832728888,46,100.00019836,0.14169704872487393,0.15747007726993695,0.141692537516355,B
2.15443897,4.49965446023e-4,2023-02-22T18:06:11Z,222.29893832728888,46,100.00019836,0.14169704872487393,0.15747007726993695,0.141692537516355,B
2.51189137,1.15537068268e-6,2023-02-22T18:06:11Z,222.29893832728888,46,100.00019836,0.14169704872487393,0.15747007726993695,0.141692537516355,B
2.92865038,3.51886124406e-11,2023-02-22T18:06:11Z,222.29893832728888,46,100.00019836,0.14169704872487393,0.15747007726993695,0.141692537516355,B
3.41455555,0,2023-02-22T18:06:11Z,222.29893832728888,46,100.00019836,0.14169704872487393,0.15747007726993695,0.141692537516355,B
3.98107958,0,2023-02-22T18:06:11Z,222.29893832728888,46,100.00019836,0.14169704872487393,0.15747007726993695,0.141692537516355,B
4.64159775,0,2023-02-22T18:06:11Z,222.29893832728888,46,100.00019836,0.14169704872487393,0.15747007726993695,0.141692537516355,B
5.41170597,0,2023-02-22T18:06:11Z,222.29893832728888,46,100.00019836,0.14169704872487393,0.15747007726993695,0.141692537516355,B
6.30958605,0.0386792831123,2023-02-22T18:06:11Z,222.29893832728888,46,100.00019836,0.14169704872487393,0.15747007726993695,0.141692537516355,B
7.35643721,0.402885079384,2023-02-22T18:06:11Z,222.29893832728888,46,100.00019836,0.14169704872487393,0.15747007726993695,0.141692537516355,B
8.57697582,1.13573849201,2023-02-22T18:06:11Z,222.29893832728888,46,100.00019836,0.14169704872487393,0.15747007726993695,0.141692537516355,B
10.00002003,2.23235273361,2023-02-22T18:06:11Z,222.29893832728888,46,100.00019836,0.14169704872487393,0.15747007726993695,0.141692537516355,B
11.65916729,3.4644651413,2023-02-22T18:06:11Z,222.29893832728888,46,100.00019836,0.14169704872487393,0.15747007726993695,0.141692537516355,B
13.59359074,4.36947011948,2023-02-22T18:06:11Z,222.29893832728888,46,100.00019836,0.14169704872487393,0.15747007726993695,0.141692537516355,B
15.84896278,4.42180871964,2023-02-22T18:06:11Z,222.29893832728888,46,100.00019836,0.14169704872487393,0.15747007726993695,0.141692537516355,B
18.47853470,3.3591196537,2023-02-22T18:06:11Z,222.29893832728888,46,100.00019836,0.14169704872487393,0.15747007726993695,0.141692537516355,B
21.54438972,1.4513655901,2023-02-22T18:06:11Z,222.29893832728888,46,100.00019836,0.14169704872487393,0.15747007726993695,0.141692537516355,B
25.11891365,0,2023-02-22T18:06:11Z,222.29893832728888,46,100.00019836,0.14169704872487393,0.15747007726993695,0.141692537516355,B
29.28650284,0,2023-02-22T18:06:11Z,222.29893832728888,46,100.00019836,0.14169704872487393,0.15747007726993695,0.141692537516355,B
34.14555740,0,2023-02-22T18:06:11Z,222.29893832728888,46,100.00019836,0.14169704872487393,0.15747007726993695,0.141692537516355,B
39.81079483,0,2023-02-22T18:06:11Z,222.29893832728888,46,100.00019836,0.14169704872487393,0.15747007726993695,0.141692537516355,B
46.41598129,0,2023-02-22T18:06:11Z,222.29893832728888,46,100.00019836,0.14169704872487393,0.15747007726993695,0.141692537516355,B
54.11705780,0,2023-02-22T18:06:11Z,222.29893832728888,46,100.00019836,0.14169704872487393,0.15747007726993695,0.141692537516355,B
63.09585953,0,2023-02-22T18:06:11Z,222.29893832728888,46,100.00019836,0.14169704872487393,0.15747007726993695,0.141692537516355,B
73.56436920,0,2023-02-22T18:06:11Z,222.29893832728888,46,100.00019836,0.14169704872487393,0.15747007726993695,0.141692537516355,B
85.76976013,0,2023-02-22T18:06:11Z,222.29893832728888,46,100.00019836,0.14169704872487393,0.15747007726993695,0.141692537516355,B
100.00019836,64.9544143677,2023-02-22T18:06:11Z,222.29893832728888,46,100.00019836,0.14169704872487393,0.15747007726993695,0.141692537516355,B
116.59166718,0,2023-02-22T18:06:11Z,222.29893832728888,46,100.00019836,0.14169704872487393,0.15747007726993695,0.141692537516355,B
135.93591309,0,2023-02-22T18:06:11Z,222.29893832728888,46,100.00019836,0.14169704872487393,0.15747007726993695,0.141692537516355,B
158.48962402,0,2023-02-22T18:06:11Z,222.29893832728888,46,100.00019836,0.14169704872487393,0.15747007726993695,0.141692537516355,B
184.78533936,0,2023-02-22T18:06:11Z,222.29893832728888,46,100.00019836,0.14169704872487393,0.15747007726993695,0.141692537516355,B
215.44389343,0,2023-02-22T18:06:11Z,222.29893832728888,46,100.00019836,0.14169704872487393,0.15747007726993695,0.141692537516355,B
251.18913269,0,2023-02-22T18:06:11Z,222.29893832728888,46,100.00019836,0.14169704872487393,0.15747007726993695,0.141692537516355,B
292.86502075,0,2023-02-22T18:06:11Z,222.29893832728888,46,100.00019836,0.14169704872487393,0.15747007726993695,0.141692537516355,B
341.45556641,0,2023-02-22T18:06:11Z,222.29893832728888,46,100.00019836,0.14169704872487393,0.15747007726993695,0.141692537516355,B
398.10794067,0,2023-02-22T18:06:11Z,222.29893832728888,46,100.00019836,0.14169704872487393,0.15747007726993695,0.141692537516355,B
464.15979004,0,2023-02-22T18:06:11Z,222.29893832728888,46,100.00019836,0.14169704872487393,0.15747007726993695,0.141692537516355,B
541.17059326,0,2023-02-22T18:06:11Z,222.29893832728888,46,100.00019836,0.14169704872487393,0.15747007726993695,0.141692537516355,B
630.95855713,0,2023-02-22T18:06:11Z,222.29893832728888,46,100.00019836,0.14169704872487393,0.15747007726993695,0.141692537516355,B
735.64367676,0,2023-02-22T18:06:11Z,222.29893832728888,46,100.00019836,0.14169704872487393,0.15747007726993695,0.141692537516355,B
857.69757080,0,2023-02-22T18:06:11Z,222.29893832728888,46,100.00019836,0.14169704872487393,0.15747007726993695,0.141692537516355,B
1000.00195313,0,2023-02-22T18:06:11Z,222.29893832728888,46,100.00019836,0.14169704872487393,0.15747007726993695,0.141692537516355,B
0.10000020,0,2023-02-22T18:06:12Z,227.92395104291666,46,100.00019836,0.17562510269346462,0.1829405891581186,0.16895323485138,B
0.11659167,0,2023-02-22T18:06:12Z,227.92395104291666,46,100.00019836,0.17562510269346462,0.1829405891581186,0.16895323485138,B
0.13593590,0,2023-02-22T18:06:12Z,227.92395104291666,46,100.00019836,0.17562510269346462,0.1829405891581186,0.16895323485138,B
0.15848963,0,2023-02-22T18:06:12Z,227.92395104291666,46,100.00019836,0.17562510269346462,0.1829405891581186,0.16895323485138,B
0.18478534,0,2023-02-22T18:06:12Z,227.92395104291666,46,100.00019836,0.17562510269346462,0.1829405891581186,0.16895323485138,B
0.21544389,0,2023-02-22T18:06:12Z,227.92395104291666,46,100.00019836,0.17562510269346462,0.1829405891581186,0.16895323485138,B
0.25118914,0,2023-02-22T18:06:12Z,227.92395104291666,46,100.00019836,0.17562510269346462,0.1829405891581186,0.16895323485138,B
0.29286504,0,2023-02-22T18:06:12Z,227.92395104291666,46,100.00019836,0.17562510269346462,0.1829405891581186,0.16895323485138,B
0.34145555,0,2023-02-22T18:06:12Z,227.92395104291666,46,100.00019836,0.17562510269346462,0.1829405891581186,0.16895323485138,B
0.39810795,0,2023-02-22T18:06:12Z,227.92395104291666,46,100.00019836,0.17562510269346462,0.1829405891581186,0.16895323485138,B
0.46415979,0,2023-02-22T18:06:12Z,227.92395104291666,46,100.00019836,0.17562510269346462,0.1829405891581186,0.16895323485138,B
0.54117060,0,2023-02-22T18:06:12Z,227.92395104291666,46,100.00019836,0.17562510269346462,0.1829405891581186,0.16895323485138,B
0.63095856,0,2023-02-22T18:06:12Z,227.92395104291666,46,100.00019836,0.17562510269346462,0.1829405891581186,0.16895323485138,B
0.73564368,0,2023-02-22T18:06:12Z,227.92395104291666,46,100.00019836,0.17562510269346462,0.1829405891581186,0.16895323485138,B
0.85769761,0,2023-02-22T18:06:12Z,227.92395104291666,46,100.00019836,0.17562510269346462,0.1829405891581186,0.16895323485138,B
1.00000191,0.441278666258,2023-02-22T18:06:12Z,227.92395104291666,46,100.00019836,0.17562510269346462,0.1829405891581186,0.16895323485138,B
1.16591668,3.07675719261,2023-02-22T18:06:12Z,227.92395104291666,46,100.00019836,0.17562510269346462,0.1829405891581186,0.16895323485138,B
1.35935903,5.85763549805,2023-02-22T18:06:12Z,227.92395104291666,46,100.00019836,0.17562510269346462,0.1829405891581186,0.16895323485138,B
1.58489633,5.13158321381,2023-02-22T18:06:12Z,227.92395104291666,46,100.00019836,0.17562510269346462,0.1829405891581186,0.16895323485138,B
1.84785342,2.38806891441,2023-02-22T18:06:12Z,227.92395104291666,46,100.00019836,0.17562510269346462,0.1829405891581186,0.16895323485138,B
2.15443897,0.596647083759,2023-02-22T18:06:12Z,227.92395104291666,46,100.00019836,0.17562510269346462,0.1829405891581186,0.16895323485138,B
2.51189137,0.0686760172248,2023-02-22T18:06:12Z,227.92395104291666,46,100.00019836,0.17562510269346462,0.1829405891581186,0.16895323485138,B
2.92865038,0.00186368322466,2023-02-22T18:06:12Z,227.92395104291666,46,100.00019836,0.17562510269346462,0.1829405891581186,0.16895323485138,B
3.41455555,0,2023-02-22T18:06:12Z,227.92395104291666,46,100.00019836,0.17562510269346462,0.1829405891581186,0.16895323485138,B
3.98107958,0,2023-02-22T18:06:12Z,227.92395104291666,46,100.00019836,0.17562510269346462,0.1829405891581186,0.16895323485138,B
4.64159775,0,2023-02-22T18:06:12Z,227.92395104291666,46,100.00019836,0.17562510269346462,0.1829405891581186,0.16895323485138,B
5.41170597,0,2023-02-22T18:06:12Z,227.92395104291666,46,100.00019836,0.17562510269346462,0.1829405891581186,0.16895323485138,B
6.30958605,0.0245191995054,2023-02-22T18:06:12Z,227.92395104291666,46,100.00019836,0.17562510269346462,0.1829405891581186,0.16895323485138,B
7.35643721,0.159095749259,2023-02-22T18:06:12Z,227.92395104291666,46,100.00019836,0.17562510269346462,0.1829405891581186,0.16895323485138,B
8.57697582,0.547933697701,2023-02-22T18:06:12Z,227.92395104291666,46,100.00019836,0.17562510269346462,0.1829405891581186,0.16895323485138,B
10.00002003,1.37686860561,2023-02-22T18:06:12Z,227.92395104291666,46,100.00019836,0.17562510269346462,0.1829405891581186,0.16895323485138,B
11.65916729,2.76469659805,2023-02-22T18:06:12Z,227.92395104291666,46,100.00019836,0.17562510269346462,0.1829405891581186,0.16895323485138,B
13.59359074,4.56038475037,2023-02-22T18:06:12Z,227.92395104291666,46,100.00019836,0.17562510269346462,0.1829405891581186,0.16895323485138,B
15.84896278,6.14455413818,2023-02-22T18:06:12Z,227.92395104291666,46,100.00019836,0.17562510269346462,0.1829405891581186,0.16895323485138,B
18.47853470,6.51703643799,2023-02-22T18:06:12Z,227.92395104291666,46,100.00019836,0.17562510269346462,0.1829405891581186,0.16895323485138,B
21.54438972,4.94126081467,2023-02-22T18:06:12Z,227.92395104291666,46,100.00019836,0.17562510269346462,0.1829405891581186,0.16895323485138,B
25.11891365,2.00048208237,2023-02-22T18:06:12Z,227.92395104291666,46,100.00019836,0.17562510269346462,0.1829405891581186,0.16895323485138,B
29.28650284,0.00970111135393,2023-02-22T18:06:12Z,227.92395104291666,46,100.00019836,0.17562510269346462,0.1829405891581186,0.16895323485138,B
34.14555740,0,2023-02-22T18:06:12Z,227.92395104291666,46,100.00019836,0.17562510269346462,0.1829405891581186,0.16895323485138,B
39.81079483,0,2023-02-22T18:06:12Z,227.92395104291666,46,100.00019836,0.17562510269346462,0.1829405891581186,0.16895323485138,B
46.41598129,0,2023-02-22T18:06:12Z,227.92395104291666,46,100.00019836,0.17562510269346462,0.1829405891581186,0.16895323485138,B
54.11705780,0,2023-02-22T18:06:12Z,227.92395104291666,46,100.00019836,0.17562510269346462,0.1829405891581186,0.16895323485138,B
63.09585953,0,2023-02-22T18:06:12Z,227.92395104291666,46,100.00019836,0.17562510269346462,0.1829405891581186,0.16895323485138,B
73.56436920,0,2023-02-22T18:06:12Z,227.92395104291666,46,100.00019836,0.17562510269346462,0.1829405891581186,0.16895323485138,B
85.76976013,0,2023-02-22T18:06:12Z,227.92395104291666,46,100.00019836,0.17562510269346462,0.1829405891581186,0.16895323485138,B
100.00019836,53.3909568787,2023-02-22T18:06:12Z,227.92395104291666,46,100.00019836,0.17562510269346462,0.1829405891581186,0.16895323485138,B
116.59166718,0,2023-02-22T18:06:12Z,227.92395104291666,46,100.00019836,0.17562510269346462,0.1829405891581186,0.16895323485138,B
135.93591309,0,2023-02-22T18:06:12Z,227.92395104291666,46,100.00019836,0.17562510269346462,0.1829405891581186,0.16895323485138,B
158.48962402,0,2023-02-22T18:06:12Z,227.92395104291666,46,100.00019836,0.17562510269346462,0.1829405891581186,0.16895323485138,B
184.78533936,0,2023-02-22T18:06:12Z,227.92395104291666,46,100.00019836,0.17562510269346462,0.1829405891581186,0.16895323485138,B
215.44389343,0,2023-02-22T18:06:12Z,227.92395104291666,46,100.00019836,0.17562510269346462,0.1829405891581186,0.16895323485138,B
251.18913269,0,2023-02-22T18:06:12Z,227.92395104291666,46,100.00019836,0.17562510269346462,0.1829405891581186,0.16895323485138,B
292.86502075,0,2023-02-22T18:06:12Z,227.92395104291666,46,100.00019836,0.17562510269346462,0.1829405891581186,0.16895323485138,B
341.45556641,0,2023-02-22T18:06:12Z,227.92395104291666,46,100.00019836,0.17562510269346462,0.1829405891581186,0.16895323485138,B
398.10794067,0,2023-02-22T18:06:12Z,227.92395104291666,46,100.00019836,0.17562510269346462,0.1829405891581186,0.16895323485138,B
464.15979004,0,2023-02-22T18:06:12Z,227.92395104291666,46,100.00019836,0.17562510269346462,0.1829405891581186,0.16895323485138,B
541.17059326,0,2023-02-22T18:06:12Z,227.92395104291666,46,100.00019836,0.17562510269346462,0.1829405891581186,0.16895323485138,B
630.95855713,0,2023-02-22T18:06:12Z,227.92395104291666,46,100.00019836,0.17562510269346462,0.1829405891581186,0.16895323485138,B
735.64367676,0,2023-02-22T18:06:12Z,227.92395104291666,46,100.00019836,0.17562510269346462,0.1829405891581186,0.16895323485138,B
857.69757080,0,2023-02-22T18:06:12Z,227.92395104291666,46,100.00019836,0.17562510269346462,0.1829405891581186,0.16895323485138,B
1000.00195313,0,2023-02-22T18:06:12Z,227.92395104291666,46,100.00019836,0.17562510269346462,0.1829405891581186,0.16895323485138,B
0.10000020,0,2023-02-22T18:06:13Z,217.02522065916665,46,100.00019836,0.18157857793902898,0.2044685014761938,0.17643520385022998,B
0.11659167,0,2023-02-22T18:06:13Z,217.02522065916665,46,100.00019836,0.18157857793902898,0.2044685014761938,0.17643520385022998,B
0.13593590,0,2023-02-22T18:06:13Z,217.02522065916665,46,100.00019836,0.18157857793902898,0.2044685014761938,0.17643520385022998,B
0.15848963,0,2023-02-22T18:06:13Z,217.02522065916665,46,100.00019836,0.18157857793902898,0.2044685014761938,0.17643520385022998,B
0.18478534,0,2023-02-22T18:06:13Z,217.02522065916665,46,100.00019836,0.18157857793902898,0.2044685014761938,0.17643520385022998,B
0.21544389,0,2023-02-22T18:06:13Z,217.02522065916665,46,100.00019836,0.18157857793902898,0.2044685014761938,0.17643520385022998,B
0.25118914,0,2023-02-22T18:06:13Z,217.02522065916665,46,100.00019836,0.18157857793902898,0.2044685014761938,0.17643520385022998,B
0.29286504,0,2023-02-22T18:06:13Z,217.02522065916665,46,100.00019836,0.18157857793902898,0.2044685014761938,0.17643520385022998,B
0.34145555,0,2023-02-22T18:06:13Z,217.02522065916665,46,100.00019836,0.18157857793902898,0.2044685014761938,0.17643520385022998,B
0.39810795,0,2023-02-22T18:06:13Z,217.02522065916665,46,100.00019836,0.18157857793902898,0.2044685014761938,0.17643520385022998,B
0.46415979,0,2023-02-22T18:06:13Z,217.02522065916665,46,100.00019836,0.18157857793902898,0.2044685014761938,0.17643520385022998,B
0.54117060,0,2023-02-22T18:06:13Z,217.02522065916665,46,100.00019836,0.18157857793902898,0.2044685014761938,0.17643520385022998,B
0.63095856,0,2023-02-22T18:06:13Z,217.02522065916665,46,100.00019836,0.18157857793902898,0.2044685014761938,0.17643520385022998,B
0.73564368,0,2023-02-22T18:06:13Z,217.02522065916665,46,100.00019836,0.18157857793902898,0.2044685014761938,0.17643520385022998,B
0.85769761,0,2023-02-22T18:06:13Z,217.02522065916665,46,100.00019836,0.18157857793902898,0.2044685014761938,0.17643520385022998,B
1.00000191,0.372546702623,2023-02-22T18:06:13Z,217.02522065916665,46,100.00019836,0.18157857793902898,0.2044685014761938,0.17643520385022998,B
1.16591668,3.19926738739,2023-02-22T18:06:13Z,217.02522065916665,46,100.00019836,0.18157857793902898,0.2044685014761938,0.17643520385022998,B
1.35935903,6.39134407043,2023-02-22T18:06:13Z,217.02522065916665,46,100.00019836,0.18157857793902898,0.2044685014761938,0.17643520385022998,B
1.58489633,5.40782213211,2023-02-22T18:06:13Z,217.02522065916665,46,100.00019836,0.18157857793902898,0.2044685014761938,0.17643520385022998,B
1.84785342,2.27254009247,2023-02-22T18:06:13Z,217.02522065916665,46,100.00019836,0.18157857793902898,0.2044685014761938,0.17643520385022998,B
2.15443897,0.474139243364,2023-02-22T18:06:13Z,217.02522065916665,46,100.00019836,0.18157857793902898,0.2044685014761938,0.17643520385022998,B
2.51189137,0.0397034920752,2023-02-22T18:06:13Z,217.02522065916665,46,100.00019836,0.18157857793902898,0.2044685014761938,0.17643520385022998,B
2.92865038,4.94673440699e-4,2023-02-22T18:06:13Z,217.02522065916665,46,100.00019836,0.18157857793902898,0.2044685014761938,0.17643520385022998,B
3.41455555,0,2023-02-22T18:06:13Z,217.02522065916665,46,100.00019836,0.18157857793902898,0.2044685014761938,0.17643520385022998,B
3.98107958,0,2023-02-22T18:06:13Z,217.02522065916665,46,100.00019836,0.18157857793902898,0.2044685014761938,0.17643520385022998,B
4.64159775,0,2023-02-22T18:06:13Z,217.02522065916665,46,100.00019836,0.18157857793902898,0.2044685014761938,0.17643520385022998,B
5.41170597,0.00568490568548,2023-02-22T18:06:13Z,217.02522065916665,46,100.00019836,0.18157857793902898,0.2044685014761938,0.17643520385022998,B
6.30958605,0.195721581578,2023-02-22T18:06:13Z,217.02522065916665,46,100.00019836,0.18157857793902898,0.2044685014761938,0.17643520385022998,B
7.35643721,0.648593962193,2023-02-22T18:06:13Z,217.02522065916665,46,100.00019836,0.18157857793902898,0.2044685014761938,0.17643520385022998,B
8.57697582,1.43899190426,2023-02-22T18:06:13Z,217.02522065916665,46,100.00019836,0.18157857793902898,0.2044685014761938,0.17643520385022998,B
10.00002003,2.56466627121,2023-02-22T18:06:13Z,217.02522065916665,46,100.00019836,0.18157857793902898,0.2044685014761938,0.17643520385022998,B
11.65916729,3.87705612183,2023-02-22T18:06:13Z,217.02522065916665,46,100.00019836,0.18157857793902898,0.2044685014761938,0.17643520385022998,B
13.59359074,5.03697872162,2023-02-22T18:06:13Z,217.02522065916665,46,100.00019836,0.18157857793902898,0.2044685014761938,0.17643520385022998,B
15.84896278,5.5489563942,2023-02-22T18:06:13Z,217.02522065916665,46,100.00019836,0.18157857793902898,0.2044685014761938,0.17643520385022998,B
18.47853470,4.93677043915,2023-02-22T18:06:13Z,217.02522065916665,46,100.00019836,0.18157857793902898,0.2044685014761938,0.17643520385022998,B
21.54438972,3.05281662941,2023-02-22T18:06:13Z,217.02522065916665,46,100.00019836,0.18157857793902898,0.2044685014761938,0.17643520385022998,B
25.11891365,0.480445563793,2023-02-22T18:06:13Z,217.02522065916665,46,100.00019836,0.18157857793902898,0.2044685014761938,0.17643520385022998,B
29.28650284,0,2023-02-22T18:06:13Z,217.02522065916665,46,100.00019836,0.18157857793902898,0.2044685014761938,0.17643520385022998,B
34.14555740,0,2023-02-22T18:06:13Z,217.02522065916665,46,100.00019836,0.18157857793902898,0.2044685014761938,0.17643520385022998,B
39.81079483,0,2023-02-22T18:06:13Z,217.02522065916665,46,100.00019836,0.18157857793902898,0.2044685014761938,0.17643520385022998,B
46.41598129,0,2023-02-22T18:06:13Z,217.02522065916665,46,100.00019836,0.18157857793902898,0.2044685014761938,0.17643520385022998,B
54.11705780,0,2023-02-22T18:06:13Z,217.02522065916665,46,100.00019836,0.18157857793902898,0.2044685014761938,0.17643520385022998,B
63.09585953,0,2023-02-22T18:06:13Z,217.02522065916665,46,100.00019836,0.18157857793902898,0.2044685014761938,0.17643520385022998,B
73.56436920,0,2023-02-22T18:06:13Z,217.02522065916665,46,100.00019836,0.18157857793902898,0.2044685014761938,0.17643520385022998,B
85.76976013,0,2023-02-22T18:06:13Z,217.02522065916665,46,100.00019836,0.18157857793902898,0.2044685014761938,0.17643520385022998,B
100.00019836,54.0554580688,2023-02-22T18:06:13Z,217.02522065916665,46,100.00019836,0.18157857793902898,0.2044685014761938,0.17643520385022998,B
116.59166718,0,2023-02-22T18:06:13Z,217.02522065916665,46,100.00019836,0.18157857793902898,0.2044685014761938,0.17643520385022998,B
135.93591309,0,2023-02-22T18:06:13Z,217.02522065916665,46,100.00019836,0.18157857793902898,0.2044685014761938,0.17643520385022998,B
158.48962402,0,2023-02-22T18:06:13Z,217.02522065916665,46,100.00019836,0.18157857793902898,0.2044685014761938,0.17643520385022998,B
184.78533936,0,2023-02-22T18:06:13Z,217.02522065916665,46,100.00019836,0.18157857793902898,0.2044685014761938,0.17643520385022998,B
215.44389343,0,2023-02-22T18:06:13Z,217.02522065916665,46,100.00019836,0.18157857793902898,0.2044685014761938,0.17643520385022998,B
251.18913269,0,2023-02-22T18:06:13Z,217.02522065916665,46,100.00019836,0.18157857793902898,0.2044685014761938,0.17643520385022998,B
292.86502075,0,2023-02-22T18:06:13Z,217.02522065916665,46,100.00019836,0.18157857793902898,0.2044685014761938,0.17643520385022998,B
341.45556641,0,2023-02-22T18:06:13Z,217.02522065916665,46,100.00019836,0.18157857793902898,0.2044685014761938,0.17643520385022998,B
398.10794067,0,2023-02-22T18:06:13Z,217.02522065916665,46,100.00019836,0.18157857793902898,0.2044685014761938,0.17643520385022998,B
464.15979004,0,2023-02-22T18:06:13Z,217.02522065916665,46,100.00019836,0.18157857793902898,0.2044685014761938,0.17643520385022998,B
541.17059326,0,2023-02-22T18:06:13Z,217.02522065916665,46,100.00019836,0.18157857793902898,0.2044685014761938,0.17643520385022998,B
630.95855713,0,2023-02-22T18:06:13Z,217.02522065916665,46,100.00019836,0.18157857793902898,0.2044685014761938,0.17643520385022998,B
735.64367676,0,2023-02-22T18:06:13Z,217.02522065916665,46,100.00019836,0.18157857793902898,0.2044685014761938,0.17643520385022998,B
857.69757080,0,2023-02-22T18:06:13Z,217.02522065916665,46,100.00019836,0.18157857793902898,0.2044685014761938,0.17643520385022998,B
1000.00195313,0,2023-02-22T18:06:13Z,217.02522065916665,46,100.00019836,0.18157857793902898,0.2044685014761938,0.17643520385022998,B
0.10000020,0,2023-02-22T18:06:14Z,229.7920758988889,46,100.00019836,0.14974178268275784,0.15739718102202155,0.1495590400684314,B
0.11659167,0,2023-02-22T18:06:14Z,229.7920758988889,46,100.00019836,0.14974178268275784,0.15739718102202155,0.1495590400684314,B
0.13593590,0,2023-02-22T18:06:14Z,229.7920758988889,46,100.00019836,0.14974178268275784,0.15739718102202155,0.1495590400684314,B
0.15848963,0,2023-02-22T18:06:14Z,229.7920758988889,46,100.00019836,0.14974178268275784,0.15739718102202155,0.1495590400684314,B
0.18478534,0,2023-02-22T18:06:14Z,229.7920758988889,46,100.00019836,0.14974178268275784,0.15739718102202155,0.1495590400684314,B
0.21544389,0,2023-02-22T18:06:14Z,229.7920758988889,46,100.00019836,0.14974178268275784,0.15739718102202155,0.1495590400684314,B
0.25118914,0,2023-02-22T18:06:14Z,229.7920758988889,46,100.00019836,0.14974178268275784,0.15739718102202155,0.1495590400684314,B
0.29286504,0,2023-02-22T18:06:14Z,229.7920758988889,46,100.00019836,0.14974178268275784,0.15739718102202155,0.1495590400684314,B
0.34145555,0,2023-02-22T18:06:14Z,229.7920758988889,46,100.00019836,0.14974178268275784,0.15739718102202155,0.1495590400684314,B
0.39810795,0,2023-02-22T18:06:14Z,229.7920758988889,46,100.00019836,0.14974178268275784,0.15739718102202155,0.1495590400684314,B
0.46415979,0,2023-02-22T18:06:14Z,229.7920758988889,46,100.00019836,0.14974178268275784,0.15739718102202155,0.1495590400684314,B
0.54117060,0,2023-02-22T18:06:14Z,229.7920758988889,46,100.00019836,0.14974178268275784,0.15739718102202155,0.1495590400684314,B
0.63095856,0,2023-02-22T18:06:14Z,229.7920758988889,46,100.00019836,0.14974178268275784,0.15739718102202155,0.1495590400684314,B
0.73564368,0,2023-02-22T18:06:14Z,229.7920758988889,46,100.00019836,0.14974178268275784,0.15739718102202155,0.1495590400684314,B
0.85769761,0,2023-02-22T18:06:14Z,229.7920758988889,46,100.00019836,0.14974178268275784,0.15739718102202155,0.1495590400684314,B
1.00000191,2.40950521402e-5,2023-02-22T18:06:14Z,229.7920758988889,46,100.00019836,0.14974178268275784,0.15739718102202155,0.1495590400684314,B
1.16591668,0.195421203971,2023-02-22T18:06:14Z,229.7920758988889,46,100.00019836,0.14974178268275784,0.15739718102202155,0.1495590400684314,B
1.35935903,5.68089580536,2023-02-22T18:06:14Z,229.7920758988889,46,100.00019836,0.14974178268275784,0.15739718102202155,0.1495590400684314,B
1.58489633,7.95736598969,2023-02-22T18:06:14Z,229.7920758988889,46,100.00019836,0.14974178268275784,0.15739718102202155,0.1495590400684314,B
1.84785342,1.12219691277,2023-02-22T18:06:14Z,229.7920758988889,46,100.00019836,0.14974178268275784,0.15739718102202155,0.1495590400684314,B
2.15443897,0.0182527285069,2023-02-22T18:06:14Z,229.7920758988889,46,100.00019836,0.14974178268275784,0.15739718102202155,0.1495590400684314,B
2.51189137,2.15326381294e-5,2023-02-22T18:06:14Z,229.7920758988889,46,100.00019836,0.14974178268275784,0.15739718102202155,0.1495590400684314,B
2.92865038,2.87614154715e-10,2023-02-22T18:06:14Z,229.7920758988889,46,100.00019836,0.14974178268275784,0.15739718102202155,0.1495590400684314,B
3.41455555,1.81621680263e-21,2023-02-22T18:06:14Z,229.7920758988889,46,100.00019836,0.14974178268275784,0.15739718102202155,0.1495590400684314,B
3.98107958,0,2023-02-22T18:06:14Z,229.7920758988889,46,100.00019836,0.14974178268275784,0.15739718102202155,0.1495590400684314,B
4.64159775,0,2023-02-22T18:06:14Z,229.7920758988889,46,100.00019836,0.14974178268275784,0.15739718102202155,0.1495590400684314,B
5.41170597,0.00154960306827,2023-02-22T18:06:14Z,229.7920758988889,46,100.00019836,0.14974178268275784,0.15739718102202155,0.1495590400684314,B
6.30958605,0.0333327874541,2023-02-22T18:06:14Z,229.7920758988889,46,100.00019836,0.14974178268275784,0.15739718102202155,0.1495590400684314,B
7.35643721,0.172231003642,2023-02-22T18:06:14Z,229.7920758988889,46,100.00019836,0.14974178268275784,0.15739718102202155,0.1495590400684314,B
8.57697582,0.558426439762,2023-02-22T18:06:14Z,229.7920758988889,46,100.00019836,0.14974178268275784,0.15739718102202155,0.1495590400684314,B
10.00002003,1.37646877766,2023-02-22T18:06:14Z,229.7920758988889,46,100.00019836,0.14974178268275784,0.15739718102202155,0.1495590400684314,B
11.65916729,2.75616955757,2023-02-22T18:06:14Z,229.7920758988889,46,100.00019836,0.14974178268275784,0.15739718102202155,0.1495590400684314,B
13.59359074,4.5681476593,2023-02-22T18:06:14Z,229.7920758988889,46,100.00019836,0.14974178268275784,0.15739718102202155,0.1495590400684314,B
15.84896278,6.1989865303,2023-02-22T18:06:14Z,229.7920758988889,46,100.00019836,0.14974178268275784,0.15739718102202155,0.1495590400684314,B
18.47853470,6.5943198204,2023-02-22T18:06:14Z,229.7920758988889,46,100.00019836,0.14974178268275784,0.15739718102202155,0.1495590400684314,B
21.54438972,4.91998291016,2023-02-22T18:06:14Z,229.7920758988889,46,100.00019836,0.14974178268275784,0.15739718102202155,0.1495590400684314,B
25.11891365,1.80392491817,2023-02-22T18:06:14Z,229.7920758988889,46,100.00019836,0.14974178268275784,0.15739718102202155,0.1495590400684314,B
29.28650284,0,2023-02-22T18:06:14Z,229.7920758988889,46,100.00019836,0.14974178268275784,0.15739718102202155,0.1495590400684314,B
34.14555740,0,2023-02-22T18:06:14Z,229.7920758988889,46,100.00019836,0.14974178268275784,0.15739718102202155,0.1495590400684314,B
39.81079483,0,2023-02-22T18:06:14Z,229.7920758988889,46,100.00019836,0.14974178268275784,0.15739718102202155,0.1495590400684314,B
46.41598129,0,2023-02-22T18:06:14Z,229.7920758988889,46,100.00019836,0.14974178268275784,0.15739718102202155,0.1495590400684314,B
54.11705780,0,2023-02-22T18:06:14Z,229.7920758988889,46,100.00019836,0.14974178268275784,0.15739718102202155,0.1495590400684314,B
63.09585953,0,2023-02-22T18:06:14Z,229.7920758988889,46,100.00019836,0.14974178268275784,0.15739718102202155,0.1495590400684314,B
73.56436920,0,2023-02-22T18:06:14Z,229.7920758988889,46,100.00019836,0.14974178268275784,0.15739718102202155,0.1495590400684314,B
85.76976013,0,2023-02-22T18:06:14Z,229.7920758988889,46,100.00019836,0.14974178268275784,0.15739718102202155,0.1495590400684314,B
100.00019836,56.0422821045,2023-02-22T18:06:14Z,229.7920758988889,46,100.00019836,0.14974178268275784,0.15739718102202155,0.1495590400684314,B
116.59166718,0,2023-02-22T18:06:14Z,229.7920758988889,46,100.00019836,0.14974178268275784,0.15739718102202155,0.1495590400684314,B
135.93591309,0,2023-02-22T18:06:14Z,229.7920758988889,46,100.00019836,0.14974178268275784,0.15739718102202155,0.1495590400684314,B
158.48962402,0,2023-02-22T18:06:14Z,229.7920758988889,46,100.00019836,0.14974178268275784,0.15739718102202155,0.1495590400684314,B
184.78533936,0,2023-02-22T18:06:14Z,229.7920758988889,46,100.00019836,0.14974178268275784,0.15739718102202155,0.1495590400684314,B
215.44389343,0,2023-02-22T18:06:14Z,229.7920758988889,46,100.00019836,0.14974178268275784,0.15739718102202155,0.1495590400684314,B
251.18913269,0,2023-02-22T18:06:14Z,229.7920758988889,46,100.00019836,0.14974178268275784,0.15739718102202155,0.1495590400684314,B
292.86502075,0,2023-02-22T18:06:14Z,229.7920758988889,46,100.00019836,0.14974178268275784,0.15739718102202155,0.1495590400684314,B
341.45556641,0,2023-02-22T18:06:14Z,229.7920758988889,46,100.00019836,0.14974178268275784,0.15739718102202155,0.1495590400684314,B
398.10794067,0,2023-02-22T18:06:14Z,229.7920758988889,46,100.00019836,0.14974178268275784,0.15739718102202155,0.1495590400684314,B
464.15979004,0,2023-02-22T18:06:14Z,229.7920758988889,46,100.00019836,0.14974178268275784,0.15739718102202155,0.1495590400684314,B
541.17059326,0,2023-02-22T18:06:14Z,229.7920758988889,46,100.00019836,0.14974178268275784,0.15739718102202155,0.1495590400684314,B
630.95855713,0,2023-02-22T18:06:14Z,229.7920758988889,46,100.00019836,0.14974178268275784,0.15739718102202155,0.1495590400684314,B
735.64367676,0,2023-02-22T18:06:14Z,229.7920758988889,46,100.00019836,0.14974178268275784,0.15739718102202155,0.1495590400684314,B
857.69757080,0,2023-02-22T18:06:14Z,229.7920758988889,46,100.00019836,0.14974178268275784,0.15739718102202155,0.1495590400684314,B
1000.00195313,0,2023-02-22T18:06:14Z,229.7920758988889,46,100.00019836,0.14974178268275784,0.15739718102202155,0.1495590400684314,B
0.10000020,0,2023-02-22T18:06:15Z,207.09424167220834,46,100.00019836,0.13661440361117275,0.14731995910231974,0.1366002830136583,B
0.11659167,0,2023-02-22T18:06:15Z,207.09424167220834,46,100.00019836,0.13661440361117275,0.14731995910231974,0.1366002830136583,B
0.13593590,0,2023-02-22T18:06:15Z,207.09424167220834,46,100.00019836,0.13661440361117275,0.14731995910231974,0.1366002830136583,B
0.15848963,0,2023-02-22T18:06:15Z,207.09424167220834,46,100.00019836,0.13661440361117275,0.14731995910231974,0.1366002830136583,B
0.18478534,0,2023-02-22T18:06:15Z,207.09424167220834,46,100.00019836,0.13661440361117275,0.14731995910231974,0.1366002830136583,B
0.21544389,0,2023-02-22T18:06:15Z,207.09424167220834,46,100.00019836,0.13661440361117275,0.14731995910231974,0.1366002830136583,B
0.25118914,0,2023-02-22T18:06:15Z,207.09424167220834,46,100.00019836,0.13661440361117275,0.14731995910231974,0.1366002830136583,B
0.29286504,0,2023-02-22T18:06:15Z,207.09424167220834,46,100.00019836,0.13661440361117275,0.14731995910231974,0.1366002830136583,B
0.34145555,0,2023-02-22T18:06:15Z,207.09424167220834,46,100.00019836,0.13661440361117275,0.14731995910231974,0.1366002830136583,B
0.39810795,0,2023-02-22T18:06:15Z,207.09424167220834,46,100.00019836,0.13661440361117275,0.14731995910231974,0.1366002830136583,B
0.46415979,0,2023-02-22T18:06:15Z,207.09424167220834,46,100.00019836,0.13661440361117275,0.14731995910231974,0.1366002830136583,B
0.54117060,0,2023-02-22T18:06:15Z,207.09424167220834,46,100.00019836,0.13661440361117275,0.14731995910231974,0.1366002830136583,B
0.63095856,0,2023-02-22T18:06:15Z,207.09424167220834,46,100.00019836,0.13661440361117275,0.14731995910231974,0.1366002830136583,B
0.73564368,0,2023-02-22T18:06:15Z,207.09424167220834,46,100.00019836,0.13661440361117275,0.14731995910231974,0.1366002830136583,B
0.85769761,0,2023-02-22T18:06:15Z,207.09424167220834,46,100.00019836,0.13661440361117275,0.14731995910231974,0.1366002830136583,B
1.00000191,1.52729640831e-4,2023-02-22T18:06:15Z,207.09424167220834,46,100.00019836,0.13661440361117275,0.14731995910231974,0.1366002830136583,B
1.16591668,0.524859249592,2023-02-22T18:06:15Z,207.09424167220834,46,100.00019836,0.13661440361117275,0.14731995910231974,0.1366002830136583,B
1.35935903,7.73341560364,2023-02-22T18:06:15Z,207.09424167220834,46,100.00019836,0.13661440361117275,0.14731995910231974,0.1366002830136583,B
1.58489633,5.11494159698,2023-02-22T18:06:15Z,207.09424167220834,46,100.00019836,0.13661440361117275,0.14731995910231974,0.1366002830136583,B
1.84785342,0.286659121513,2023-02-22T18:06:15Z,207.09424167220834,46,100.00019836,0.13661440361117275,0.14731995910231974,0.1366002830136583,B
2.15443897,0.00141175137833,2023-02-22T18:06:15Z,207.09424167220834,46,100.00019836,0.13661440361117275,0.14731995910231974,0.1366002830136583,B
2.51189137,3.08372960944e-7,2023-02-22T18:06:15Z,207.09424167220834,46,100.00019836,0.13661440361117275,0.14731995910231974,0.1366002830136583,B
2.92865038,1.51729011842e-13,2023-02-22T18:06:15Z,207.09424167220834,46,100.00019836,0.13661440361117275,0.14731995910231974,0.1366002830136583,B
3.41455555,0,2023-02-22T18:06:15Z,207.09424167220834,46,100.00019836,0.13661440361117275,0.14731995910231974,0.1366002830136583,B
3.98107958,0,2023-02-22T18:06:15Z,207.09424167220834,46,100.00019836,0.13661440361117275,0.14731995910231974,0.1366002830136583,B
4.64159775,0,2023-02-22T18:06:15Z,207.09424167220834,46,100.00019836,0.13661440361117275,0.14731995910231974,0.1366002830136583,B
5.41170597,0,2023-02-22T18:06:15Z,207.09424167220834,46,100.00019836,0.13661440361117275,0.14731995910231974,0.1366002830136583,B
6.30958605,0.0483893863857,2023-02-22T18:06:15Z,207.09424167220834,46,100.00019836,0.13661440361117275,0.14731995910231974,0.1366002830136583,B
7.35643721,0.256266504526,2023-02-22T18:06:15Z,207.09424167220834,46,100.00019836,0.13661440361117275,0.14731995910231974,0.1366002830136583,B
8.57697582,0.765899658203,2023-02-22T18:06:15Z,207.09424167220834,46,100.00019836,0.13661440361117275,0.14731995910231974,0.1366002830136583,B
10.00002003,1.7170009613,2023-02-22T18:06:15Z,207.09424167220834,46,100.00019836,0.13661440361117275,0.14731995910231974,0.1366002830136583,B
11.65916729,3.13141894341,2023-02-22T18:06:15Z,207.09424167220834,46,100.00019836,0.13661440361117275,0.14731995910231974,0.1366002830136583,B
13.59359074,4.75096464157,2023-02-22T18:06:15Z,207.09424167220834,46,100.00019836,0.13661440361117275,0.14731995910231974,0.1366002830136583,B
15.84896278,5.93637514114,2023-02-22T18:06:15Z,207.09424167220834,46,100.00019836,0.13661440361117275,0.14731995910231974,0.1366002830136583,B
18.47853470,5.8359336853,2023-02-22T18:06:15Z,207.09424167220834,46,100.00019836,0.13661440361117275,0.14731995910231974,0.1366002830136583,B
21.54438972,3.96915793419,2023-02-22T18:06:15Z,207.09424167220834,46,100.00019836,0.13661440361117275,0.14731995910231974,0.1366002830136583,B
25.11891365,1.10075938702,2023-02-22T18:06:15Z,207.09424167220834,46,100.00019836,0.13661440361117275,0.14731995910231974,0.1366002830136583,B
29.28650284,0,2023-02-22T18:06:15Z,207.09424167220834,46,100.00019836,0.13661440361117275,0.14731995910231974,0.1366002830136583,B
34.14555740,0,2023-02-22T18:06:15Z,207.09424167220834,46,100.00019836,0.13661440361117275,0.14731995910231974,0.1366002830136583,B
39.81079483,0,2023-02-22T18:06:15Z,207.09424167220834,46,100.00019836,0.13661440361117275,0.14731995910231974,0.1366002830136583,B
46.41598129,0,2023-02-22T18:06:15Z,207.09424167220834,46,100.00019836,0.13661440361117275,0.14731995910231974,0.1366002830136583,B
54.11705780,0,2023-02-22T18:06:15Z,207.09424167220834,46,100.00019836,0.13661440361117275,0.14731995910231974,0.1366002830136583,B
63.09585953,0,2023-02-22T18:06:15Z,207.09424167220834,46,100.00019836,0.13661440361117275,0.14731995910231974,0.1366002830136583,B
73.56436920,0,2023-02-22T18:06:15Z,207.09424167220834,46,100.00019836,0.13661440361117275,0.14731995910231974,0.1366002830136583,B
85.76976013,0,2023-02-22T18:06:15Z,207.09424167220834,46,100.00019836,0.13661440361117275,0.14731995910231974,0.1366002830136583,B
100.00019836,58.8263931274,2023-02-22T18:06:15Z,207.09424167220834,46,100.00019836,0.13661440361117275,0.14731995910231974,0.1366002830136583,B
116.59166718,0,2023-02-22T18:06:15Z,207.09424167220834,46,100.00019836,0.13661440361117275,0.14731995910231974,0.1366002830136583,B
135.93591309,0,2023-02-22T18:06:15Z,207.09424167220834,46,100.00019836,0.13661440361117275,0.14731995910231974,0.1366002830136583,B
158.48962402,0,2023-02-22T18:06:15Z,207.09424167220834,46,100.00019836,0.13661440361117275,0.14731995910231974,0.1366002830136583,B
184.78533936,0,2023-02-22T18:06:15Z,207.09424167220834,46,100.00019836,0.13661440361117275,0.14731995910231974,0.1366002830136583,B
215.44389343,0,2023-02-22T18:06:15Z,207.09424167220834,46,100.00019836,0.13661440361117275,0.14731995910231974,0.1366002830136583,B
251.18913269,0,2023-02-22T18:06:15Z,207.09424167220834,46,100.00019836,0.13661440361117275,0.14731995910231974,0.1366002830136583,B
292.86502075,0,2023-02-22T18:06:15Z,207.09424167220834,46,100.00019836,0.13661440361117275,0.14731995910231974,0.1366002830136583,B
341.45556641,0,2023-02-22T18:06:15Z,207.09424167220834,46,100.00019836,0.13661440361117275,0.14731995910231974,0.1366002830136583,B
398.10794067,0,2023-02-22T18:06:15Z,207.09424167220834,46,100.00019836,0.13661440361117275,0.14731995910231974,0.1366002830136583,B
464.15979004,0,2023-02-22T18:06:15Z,207.09424167220834,46,100.00019836,0.13661440361117275,0.14731995910231974,0.1366002830136583,B
541.17059326,0,2023-02-22T18:06:15Z,207.09424167220834,46,100.00019836,0.13661440361117275,0.14731995910231974,0.1366002830136583,B
630.95855713,0,2023-02-22T18:06:15Z,207.09424167220834,46,100.00019836,0.13661440361117275,0.14731995910231974,0.1366002830136583,B
735.64367676,0,2023-02-22T18:06:15Z,207.09424167220834,46,100.00019836,0.13661440361117275,0.14731995910231974,0.1366002830136583,B
857.69757080,0,2023-02-22T18:06:15Z,207.09424167220834,46,100.00019836,0.13661440361117275,0.14731995910231974,0.1366002830136583,B
1000.00195313,0,2023-02-22T18:06:15Z,207.09424167220834,46,100.00019836,0.13661440361117275,0.14731995910231974,0.1366002830136583,B
0.10000020,0,2023-02-22T18:06:16Z,227.25000953686111,46,100.00019836,0.1680557282079983,0.1862341813554083,0.16564348518839,B
0.11659167,0,2023-02-22T18:06:16Z,227.25000953686111,46,100.00019836,0.1680557282079983,0.1862341813554083,0.16564348518839,B
0.13593590,0,2023-02-22T18:06:16Z,227.25000953686111,46,100.00019836,0.1680557282079983,0.1862341813554083,0.16564348518839,B
0.15848963,0,2023-02-22T18:06:16Z,227.25000953686111,46,100.00019836,0.1680557282079983,0.1862341813554083,0.16564348518839,B
0.18478534,0,2023-02-22T18:06:16Z,227.25000953686111,46,100.00019836,0.1680557282079983,0.1862341813554083,0.16564348518839,B
0.21544389,0,2023-02-22T18:06:16Z,227.25000953686111,46,100.00019836,0.1680557282079983,0.1862341813554083,0.16564348518839,B
0.25118914,0,2023-02-22T18:06:16Z,227.25000953686111,46,100.00019836,0.1680557282079983,0.1862341813554083,0.16564348518839,B
0.29286504,0,2023-02-22T18:06:16Z,227.25000953686111,46,100.00019836,0.1680557282079983,0.1862341813554083,0.16564348518839,B
0.34145555,0,2023-02-22T18:06:16Z,227.25000953686111,46,100.00019836,0.1680557282079983,0.1862341813554083,0.16564348518839,B
0.39810795,0,2023-02-22T18:06:16Z,227.25000953686111,46,100.00019836,0.1680557282079983,0.1862341813554083,0.16564348518839,B
0.46415979,0,2023-02-22T18:06:16Z,227.25000953686111,46,100.00019836,0.1680557282079983,0.1862341813554083,0.16564348518839,B
0.54117060,0,2023-02-22T18:06:16Z,227.25000953686111,46,100.00019836,0.1680557282079983,0.1862341813554083,0.16564348518839,B
0.63095856,0,2023-02-22T18:06:16Z,227.25000953686111,46,100.00019836,0.1680557282079983,0.1862341813554083,0.16564348518839,B
0.73564368,0,2023-02-22T18:06:16Z,227.25000953686111,46,100.00019836,0.1680557282079983,0.1862341813554083,0.16564348518839,B
0.85769761,0,2023-02-22T18:06:16Z,227.25000953686111,46,100.00019836,0.1680557282079983,0.1862341813554083,0.16564348518839,B
1.00000191,0.515325725079,2023-02-22T18:06:16Z,227.25000953686111,46,100.00019836,0.1680557282079983,0.1862341813554083,0.16564348518839,B
1.16591668,3.85858225822,2023-02-22T18:06:16Z,227.25000953686111,46,100.00019836,0.1680557282079983,0.1862341813554083,0.16564348518839,B
1.35935903,6.38476991653,2023-02-22T18:06:16Z,227.25000953686111,46,100.00019836,0.1680557282079983,0.1862341813554083,0.16564348518839,B
1.58489633,4.36145496368,2023-02-22T18:06:16Z,227.25000953686111,46,100.00019836,0.1680557282079983,0.1862341813554083,0.16564348518839,B
1.84785342,1.44421565533,2023-02-22T18:06:16Z,227.25000953686111,46,100.00019836,0.1680557282079983,0.1862341813554083,0.16564348518839,B
2.15443897,0.228168681264,2023-02-22T18:06:16Z,227.25000953686111,46,100.00019836,0.1680557282079983,0.1862341813554083,0.16564348518839,B
2.51189137,0.0129955150187,2023-02-22T18:06:16Z,227.25000953686111,46,100.00019836,0.1680557282079983,0.1862341813554083,0.16564348518839,B
2.92865038,6.01056781306e-5,2023-02-22T18:06:16Z,227.25000953686111,46,100.00019836,0.1680557282079983,0.1862341813554083,0.16564348518839,B
3.41455555,0,2023-02-22T18:06:16Z,227.25000953686111,46,100.00019836,0.1680557282079983,0.1862341813554083,0.16564348518839,B
3.98107958,0,2023-02-22T18:06:16Z,227.25000953686111,46,100.00019836,0.1680557282079983,0.1862341813554083,0.16564348518839,B
4.64159775,0,2023-02-22T18:06:16Z,227.25000953686111,46,100.00019836,0.1680557282079983,0.1862341813554083,0.16564348518839,B
5.41170597,0,2023-02-22T18:06:16Z,227.25000953686111,46,100.00019836,0.1680557282079983,0.1862341813554083,0.16564348518839,B
6.30958605,0.134312182665,2023-02-22T18:06:16Z,227.25000953686111,46,100.00019836,0.1680557282079983,0.1862341813554083,0.16564348518839,B
7.35643721,0.502719700336,2023-02-22T18:06:16Z,227.25000953686111,46,100.00019836,0.1680557282079983,0.1862341813554083,0.16564348518839,B
8.57697582,1.18081343174,2023-02-22T18:06:16Z,227.25000953686111,46,100.00019836,0.1680557282079983,0.1862341813554083,0.16564348518839,B
10.00002003,2.20034241676,2023-02-22T18:06:16Z,227.25000953686111,46,100.00019836,0.1680557282079983,0.1862341813554083,0.16564348518839,B
11.65916729,3.46629428864,2023-02-22T18:06:16Z,227.25000953686111,46,100.00019836,0.1680557282079983,0.1862341813554083,0.16564348518839,B
13.59359074,4.6953701973,2023-02-22T18:06:16Z,227.25000953686111,46,100.00019836,0.1680557282079983,0.1862341813554083,0.16564348518839,B
15.84896278,5.41651821136,2023-02-22T18:06:16Z,227.25000953686111,46,100.00019836,0.1680557282079983,0.1862341813554083,0.16564348518839,B
18.47853470,5.10808992386,2023-02-22T18:06:16Z,227.25000953686111,46,100.00019836,0.1680557282079983,0.1862341813554083,0.16564348518839,B
21.54438972,3.48749756813,2023-02-22T18:06:16Z,227.25000953686111,46,100.00019836,0.1680557282079983,0.1862341813554083,0.16564348518839,B
25.11891365,0.909631729126,2023-02-22T18:06:16Z,227.25000953686111,46,100.00019836,0.1680557282079983,0.1862341813554083,0.16564348518839,B
29.28650284,0,2023-02-22T18:06:16Z,227.25000953686111,46,100.00019836,0.1680557282079983,0.1862341813554083,0.16564348518839,B
34.14555740,0,2023-02-22T18:06:16Z,227.25000953686111,46,100.00019836,0.1680557282079983,0.1862341813554083,0.16564348518839,B
39.81079483,0,2023-02-22T18:06:16Z,227.25000953686111,46,100.00019836,0.1680557282079983,0.1862341813554083,0.16564348518839,B
46.41598129,0,2023-02-22T18:06:16Z,227.25000953686111,46,100.00019836,0.1680557282079983,0.1862341813554083,0.16564348518839,B
54.11705780,0,2023-02-22T18:06:16Z,227.25000953686111,46,100.00019836,0.1680557282079983,0.1862341813554083,0.16564348518839,B
63.09585953,0,2023-02-22T18:06:16Z,227.25000953686111,46,100.00019836,0.1680557282079983,0.1862341813554083,0.16564348518839,B
73.56436920,0,2023-02-22T18:06:16Z,227.25000953686111,46,100.00019836,0.1680557282079983,0.1862341813554083,0.16564348518839,B
85.76976013,0,2023-02-22T18:06:16Z,227.25000953686111,46,100.00019836,0.1680557282079983,0.1862341813554083,0.16564348518839,B
100.00019836,56.0928421021,2023-02-22T18:06:16Z,227.25000953686111,46,100.00019836,0.1680557282079983,0.1862341813554083,0.16564348518839,B
116.59166718,0,2023-02-22T18:06:16Z,227.25000953686111,46,100.00019836,0.1680557282079983,0.1862341813554083,0.16564348518839,B
135.93591309,0,2023-02-22T18:06:16Z,227.25000953686111,46,100.00019836,0.1680557282079983,0.1862341813554083,0.16564348518839,B
158.48962402,0,2023-02-22T18:06:16Z,227.25000953686111,46,100.00019836,0.1680557282079983,0.1862341813554083,0.16564348518839,B
184.78533936,0,2023-02-22T18:06:16Z,227.25000953686111,46,100.00019836,0.1680557282079983,0.1862341813554083,0.16564348518839,B
215.44389343,0,2023-02-22T18:06:16Z,227.25000953686111,46,100.00019836,0.1680557282079983,0.1862341813554083,0.16564348518839,B
251.18913269,0,2023-02-22T18:06:16Z,227.25000953686111,46,100.00019836,0.1680557282079983,0.1862341813554083,0.16564348518839,B
292.86502075,0,2023-02-22T18:06:16Z,227.25000953686111,46,100.00019836,0.1680557282079983,0.1862341813554083,0.16564348518839,B
341.45556641,0,2023-02-22T18:06:16Z,227.25000953686111,46,100.00019836,0.1680557282079983,0.1862341813554083,0.16564348518839,B
398.10794067,0,2023-02-22T18:06:16Z,227.25000953686111,46,100.00019836,0.1680557282079983,0.1862341813554083,0.16564348518839,B
464.15979004,0,2023-02-22T18:06:16Z,227.25000953686111,46,100.00019836,0.1680557282079983,0.1862341813554083,0.16564348518839,B
541.17059326,0,2023-02-22T18:06:16Z,227.25000953686111,46,100.00019836,0.1680557282079983,0.1862341813554083,0.16564348518839,B
630.95855713,0,2023-02-22T18:06:16Z,227.25000953686111,46,100.00019836,0.1680557282079983,0.1862341813554083,0.16564348518839,B
735.64367676,0,2023-02-22T18:06:16Z,227.25000953686111,46,100.00019836,0.1680557282079983,0.1862341813554083,0.16564348518839,B
857.69757080,0,2023-02-22T18:06:16Z,227.25000953686111,46,100.00019836,0.1680557282079983,0.1862341813554083,0.16564348518839,B
1000.00195313,0,2023-02-22T18:06:16Z,227.25000953686111,46,100.00019836,0.1680557282079983,0.1862341813554083,0.16564348518839,B
0.10000020,0,2023-02-22T18:06:17Z,211.94609620821944,46,100.00019836,0.15169651044466242,0.18110649249453833,0.15095039814722,B
0.11659167,0,2023-02-22T18:06:17Z,211.94609620821944,46,100.00019836,0.15169651044466242,0.18110649249453833,0.15095039814722,B
0.13593590,0,2023-02-22T18:06:17Z,211.94609620821944,46,100.00019836,0.15169651044466242,0.18110649249453833,0.15095039814722,B
0.15848963,0,2023-02-22T18:06:17Z,211.94609620821944,46,100.00019836,0.15169651044466242,0.18110649249453833,0.15095039814722,B
0.18478534,0,2023-02-22T18:06:17Z,211.94609620821944,46,100.00019836,0.15169651044466242,0.18110649249453833,0.15095039814722,B
0.21544389,0,2023-02-22T18:06:17Z,211.94609620821944,46,100.00019836,0.15169651044466242,0.18110649249453833,0.15095039814722,B
0.25118914,0,2023-02-22T18:06:17Z,211.94609620821944,46,100.00019836,0.15169651044466242,0.18110649249453833,0.15095039814722,B
0.29286504,0,2023-02-22T18:06:17Z,211.94609620821944,46,100.00019836,0.15169651044466242,0.18110649249453833,0.15095039814722,B
0.34145555,0,2023-02-22T18:06:17Z,211.94609620821944,46,100.00019836,0.15169651044466242,0.18110649249453833,0.15095039814722,B
0.39810795,0,2023-02-22T18:06:17Z,211.94609620821944,46,100.00019836,0.15169651044466242,0.18110649249453833,0.15095039814722,B
0.46415979,0,2023-02-22T18:06:17Z,211.94609620821944,46,100.00019836,0.15169651044466242,0.18110649249453833,0.15095039814722,B
0.54117060,0,2023-02-22T18:06:17Z,211.94609620821944,46,100.00019836,0.15169651044466242,0.18110649249453833,0.15095039814722,B
0.63095856,0,2023-02-22T18:06:17Z,211.94609620821944,46,100.00019836,0.15169651044466242,0.18110649249453833,0.15095039814722,B
0.73564368,0,2023-02-22T18:06:17Z,211.94609620821944,46,100.00019836,0.15169651044466242,0.18110649249453833,0.15095039814722,B
0.85769761,0,2023-02-22T18:06:17Z,211.94609620821944,46,100.00019836,0.15169651044466242,0.18110649249453833,0.15095039814722,B
1.00000191,0.332125872374,2023-02-22T18:06:17Z,211.94609620821944,46,100.00019836,0.15169651044466242,0.18110649249453833,0.15095039814722,B
1.16591668,3.96182250977,2023-02-22T18:06:17Z,211.94609620821944,46,100.00019836,0.15169651044466242,0.18110649249453833,0.15095039814722,B
1.35935903,6.49757242203,2023-02-22T18:06:17Z,211.94609620821944,46,100.00019836,0.15169651044466242,0.18110649249453833,0.15095039814722,B
1.58489633,3.5157516002700002,2023-02-22T18:06:17Z,211.94609620821944,46,100.00019836,0.15169651044466242,0.18110649249453833,0.15095039814722,B
1.84785342,0.787767410278,2023-02-22T18:06:17Z,211.94609620821944,46,100.00019836,0.15169651044466242,0.18110649249453833,0.15095039814722,B
2.15443897,0.0725993737578,2023-02-22T18:06:17Z,211.94609620821944,46,100.00019836,0.15169651044466242,0.18110649249453833,0.15095039814722,B
2.51189137,0.00200800248422,2023-02-22T18:06:17Z,211.94609620821944,46,100.00019836,0.15169651044466242,0.18110649249453833,0.15095039814722,B
2.92865038,3.85350222132e-6,2023-02-22T18:06:17Z,211.94609620821944,46,100.00019836,0.15169651044466242,0.18110649249453833,0.15095039814722,B
3.41455555,0,2023-02-22T18:06:17Z,211.94609620821944,46,100.00019836,0.15169651044466242,0.18110649249453833,0.15095039814722,B
3.98107958,0,2023-02-22T18:06:17Z,211.94609620821944,46,100.00019836,0.15169651044466242,0.18110649249453833,0.15095039814722,B
4.64159775,0,2023-02-22T18:06:17Z,211.94609620821944,46,100.00019836,0.15169651044466242,0.18110649249453833,0.15095039814722,B
5.41170597,0.00961945299059,2023-02-22T18:06:17Z,211.94609620821944,46,100.00019836,0.15169651044466242,0.18110649249453833,0.15095039814722,B
6.30958605,0.296181291342,2023-02-22T18:06:17Z,211.94609620821944,46,100.00019836,0.15169651044466242,0.18110649249453833,0.15095039814722,B
7.35643721,0.870511472225,2023-02-22T18:06:17Z,211.94609620821944,46,100.00019836,0.15169651044466242,0.18110649249453833,0.15095039814722,B
8.57697582,1.76468598843,2023-02-22T18:06:17Z,211.94609620821944,46,100.00019836,0.15169651044466242,0.18110649249453833,0.15095039814722,B
10.00002003,2.89990353584,2023-02-22T18:06:17Z,211.94609620821944,46,100.00019836,0.15169651044466242,0.18110649249453833,0.15095039814722,B
11.65916729,4.05014181137,2023-02-22T18:06:17Z,211.94609620821944,46,100.00019836,0.15169651044466242,0.18110649249453833,0.15095039814722,B
13.59359074,4.85356664658,2023-02-22T18:06:17Z,211.94609620821944,46,100.00019836,0.15169651044466242,0.18110649249453833,0.15095039814722,B
15.84896278,4.91079425812,2023-02-22T18:06:17Z,211.94609620821944,46,100.00019836,0.15169651044466242,0.18110649249453833,0.15095039814722,B
18.47853470,3.96903610229,2023-02-22T18:06:17Z,211.94609620821944,46,100.00019836,0.15169651044466242,0.18110649249453833,0.15095039814722,B
21.54438972,2.11456346512,2023-02-22T18:06:17Z,211.94609620821944,46,100.00019836,0.15169651044466242,0.18110649249453833,0.15095039814722,B
25.11891365,0,2023-02-22T18:06:17Z,211.94609620821944,46,100.00019836,0.15169651044466242,0.18110649249453833,0.15095039814722,B
29.28650284,0,2023-02-22T18:06:17Z,211.94609620821944,46,100.00019836,0.15169651044466242,0.18110649249453833,0.15095039814722,B
34.14555740,0,2023-02-22T18:06:17Z,211.94609620821944,46,100.00019836,0.15169651044466242,0.18110649249453833,0.15095039814722,B
39.81079483,0,2023-02-22T18:06:17Z,211.94609620821944,46,100.00019836,0.15169651044466242,0.18110649249453833,0.15095039814722,B
46.41598129,0,2023-02-22T18:06:17Z,211.94609620821944,46,100.00019836,0.15169651044466242,0.18110649249453833,0.15095039814722,B
54.11705780,0,2023-02-22T18:06:17Z,211.94609620821944,46,100.00019836,0.15169651044466242,0.18110649249453833,0.15095039814722,B
63.09585953,0,2023-02-22T18:06:17Z,211.94609620821944,46,100.00019836,0.15169651044466242,0.18110649249453833,0.15095039814722,B
73.56436920,0,2023-02-22T18:06:17Z,211.94609620821944,46,100.00019836,0.15169651044466242,0.18110649249453833,0.15095039814722,B
85.76976013,0,2023-02-22T18:06:17Z,211.94609620821944,46,100.00019836,0.15169651044466242,0.18110649249453833,0.15095039814722,B
100.00019836,59.0913467407,2023-02-22T18:06:17Z,211.94609620821944,46,100.00019836,0.15169651044466242,0.18110649249453833,0.15095039814722,B
116.59166718,0,2023-02-22T18:06:17Z,211.94609620821944,46,100.00019836,0.15169651044466242,0.18110649249453833,0.15095039814722,B
135.93591309,0,2023-02-22T18:06:17Z,211.94609620821944,46,100.00019836,0.15169651044466242,0.18110649249453833,0.15095039814722,B
158.48962402,0,2023-02-22T18:06:17Z,211.94609620821944,46,100.00019836,0.15169651044466242,0.18110649249453833,0.15095039814722,B
184.78533936,0,2023-02-22T18:06:17Z,211.94609620821944,46,100.00019836,0.15169651044466242,0.18110649249453833,0.15095039814722,B
215.44389343,0,2023-02-22T18:06:17Z,211.94609620821944,46,100.00019836,0.15169651044466242,0.18110649249453833,0.15095039814722,B
251.18913269,0,2023-02-22T18:06:17Z,211.94609620821944,46,100.00019836,0.15169651044466242,0.18110649249453833,0.15095039814722,B
292.86502075,0,2023-02-22T18:06:17Z,211.94609620821944,46,100.00019836,0.15169651044466242,0.18110649249453833,0.15095039814722,B
341.45556641,0,2023-02-22T18:06:17Z,211.94609620821944,46,100.00019836,0.15169651044466242,0.18110649249453833,0.15095039814722,B
398.10794067,0,2023-02-22T18:06:17Z,211.94609620821944,46,100.00019836,0.15169651044466242,0.18110649249453833,0.15095039814722,B
464.15979004,0,2023-02-22T18:06:17Z,211.94609620821944,46,100.00019836,0.15169651044466242,0.18110649249453833,0.15095039814722,B
541.17059326,0,2023-02-22T18:06:17Z,211.94609620821944,46,100.00019836,0.15169651044466242,0.18110649249453833,0.15095039814722,B
630.95855713,0,2023-02-22T18:06:17Z,211.94609620821944,46,100.00019836,0.15169651044466242,0.18110649249453833,0.15095039814722,B
735.64367676,0,2023-02-22T18:06:17Z,211.94609620821944,46,100.00019836,0.15169651044466242,0.18110649249453833,0.15095039814722,B
857.69757080,0,2023-02-22T18:06:17Z,211.94609620821944,46,100.00019836,0.15169651044466242,0.18110649249453833,0.15095039814722,B
1000.00195313,0,2023-02-22T18:06:17Z,211.94609620821944,46,100.00019836,0.15169651044466242,0.18110649249453833,0.15095039814722,B
0.10000020,0,2023-02-22T18:06:18Z,182.78665563790278,46,100.00019836,0.1789934730532502,0.1959604309502032,0.16834200471633,B
0.11659167,0,2023-02-22T18:06:18Z,182.78665563790278,46,100.00019836,0.1789934730532502,0.1959604309502032,0.16834200471633,B
0.13593590,0,2023-02-22T18:06:18Z,182.78665563790278,46,100.00019836,0.1789934730532502,0.1959604309502032,0.16834200471633,B
0.15848963,0,2023-02-22T18:06:18Z,182.78665563790278,46,100.00019836,0.1789934730532502,0.1959604309502032,0.16834200471633,B
0.18478534,0,2023-02-22T18:06:18Z,182.78665563790278,46,100.00019836,0.1789934730532502,0.1959604309502032,0.16834200471633,B
0.21544389,0,2023-02-22T18:06:18Z,182.78665563790278,46,100.00019836,0.1789934730532502,0.1959604309502032,0.16834200471633,B
0.25118914,0,2023-02-22T18:06:18Z,182.78665563790278,46,100.00019836,0.1789934730532502,0.1959604309502032,0.16834200471633,B
0.29286504,0,2023-02-22T18:06:18Z,182.78665563790278,46,100.00019836,0.1789934730532502,0.1959604309502032,0.16834200471633,B
0.34145555,0,2023-02-22T18:06:18Z,182.78665563790278,46,100.00019836,0.1789934730532502,0.1959604309502032,0.16834200471633,B
0.39810795,0,2023-02-22T18:06:18Z,182.78665563790278,46,100.00019836,0.1789934730532502,0.1959604309502032,0.16834200471633,B
0.46415979,0,2023-02-22T18:06:18Z,182.78665563790278,46,100.00019836,0.1789934730532502,0.1959604309502032,0.16834200471633,B
0.54117060,0,2023-02-22T18:06:18Z,182.78665563790278,46,100.00019836,0.1789934730532502,0.1959604309502032,0.16834200471633,B
0.63095856,0,2023-02-22T18:06:18Z,182.78665563790278,46,100.00019836,0.1789934730532502,0.1959604309502032,0.16834200471633,B
0.73564368,0,2023-02-22T18:06:18Z,182.78665563790278,46,100.00019836,0.1789934730532502,0.1959604309502032,0.16834200471633,B
0.85769761,0,2023-02-22T18:06:18Z,182.78665563790278,46,100.00019836,0.1789934730532502,0.1959604309502032,0.16834200471633,B
1.00000191,0.469772666693,2023-02-22T18:06:18Z,182.78665563790278,46,100.00019836,0.1789934730532502,0.1959604309502032,0.16834200471633,B
1.16591668,3.02078771591,2023-02-22T18:06:18Z,182.78665563790278,46,100.00019836,0.1789934730532502,0.1959604309502032,0.16834200471633,B
1.35935903,5.52111148834,2023-02-22T18:06:18Z,182.78665563790278,46,100.00019836,0.1789934730532502,0.1959604309502032,0.16834200471633,B
1.58489633,5.07407236099,2023-02-22T18:06:18Z,182.78665563790278,46,100.00019836,0.1789934730532502,0.1959604309502032,0.16834200471633,B
1.84785342,2.7484562397,2023-02-22T18:06:18Z,182.78665563790278,46,100.00019836,0.1789934730532502,0.1959604309502032,0.16834200471633,B
2.15443897,0.89843505621,2023-02-22T18:06:18Z,182.78665563790278,46,100.00019836,0.1789934730532502,0.1959604309502032,0.16834200471633,B
2.51189137,0.157507017255,2023-02-22T18:06:18Z,182.78665563790278,46,100.00019836,0.1789934730532502,0.1959604309502032,0.16834200471633,B
2.92865038,0.00919825490564,2023-02-22T18:06:18Z,182.78665563790278,46,100.00019836,0.1789934730532502,0.1959604309502032,0.16834200471633,B
3.41455555,6.50532138025e-6,2023-02-22T18:06:18Z,182.78665563790278,46,100.00019836,0.1789934730532502,0.1959604309502032,0.16834200471633,B
3.98107958,0,2023-02-22T18:06:18Z,182.78665563790278,46,100.00019836,0.1789934730532502,0.1959604309502032,0.16834200471633,B
4.64159775,0,2023-02-22T18:06:18Z,182.78665563790278,46,100.00019836,0.1789934730532502,0.1959604309502032,0.16834200471633,B
5.41170597,0.0215806365013,2023-02-22T18:06:18Z,182.78665563790278,46,100.00019836,0.1789934730532502,0.1959604309502032,0.16834200471633,B
6.30958605,0.165368482471,2023-02-22T18:06:18Z,182.78665563790278,46,100.00019836,0.1789934730532502,0.1959604309502032,0.16834200471633,B
7.35643721,0.479146003723,2023-02-22T18:06:18Z,182.78665563790278,46,100.00019836,0.1789934730532502,0.1959604309502032,0.16834200471633,B
8.57697582,1.030600667,2023-02-22T18:06:18Z,182.78665563790278,46,100.00019836,0.1789934730532502,0.1959604309502032,0.16834200471633,B
10.00002003,1.86469650269,2023-02-22T18:06:18Z,182.78665563790278,46,100.00019836,0.1789934730532502,0.1959604309502032,0.16834200471633,B
11.65916729,2.96338582039,2023-02-22T18:06:18Z,182.78665563790278,46,100.00019836,0.1789934730532502,0.1959604309502032,0.16834200471633,B
13.59359074,4.19324827194,2023-02-22T18:06:18Z,182.78665563790278,46,100.00019836,0.1789934730532502,0.1959604309502032,0.16834200471633,B
15.84896278,5.26097154617,2023-02-22T18:06:18Z,182.78665563790278,46,100.00019836,0.1789934730532502,0.1959604309502032,0.16834200471633,B
18.47853470,5.72332286835,2023-02-22T18:06:18Z,182.78665563790278,46,100.00019836,0.1789934730532502,0.1959604309502032,0.16834200471633,B
21.54438972,5.10529136658,2023-02-22T18:06:18Z,182.78665563790278,46,100.00019836,0.1789934730532502,0.1959604309502032,0.16834200471633,B
25.11891365,3.19295787811,2023-02-22T18:06:18Z,182.78665563790278,46,100.00019836,0.1789934730532502,0.1959604309502032,0.16834200471633,B
29.28650284,0.494333446026,2023-02-22T18:06:18Z,182.78665563790278,46,100.00019836,0.1789934730532502,0.1959604309502032,0.16834200471633,B
34.14555740,0,2023-02-22T18:06:18Z,182.78665563790278,46,100.00019836,0.1789934730532502,0.1959604309502032,0.16834200471633,B
39.81079483,0,2023-02-22T18:06:18Z,182.78665563790278,46,100.00019836,0.1789934730532502,0.1959604309502032,0.16834200471633,B
46.41598129,0,2023-02-22T18:06:18Z,182.78665563790278,46,100.00019836,0.1789934730532502,0.1959604309502032,0.16834200471633,B
54.11705780,0,2023-02-22T18:06:18Z,182.78665563790278,46,100.00019836,0.1789934730532502,0.1959604309502032,0.16834200471633,B
63.09585953,0,2023-02-22T18:06:18Z,182.78665563790278,46,100.00019836,0.1789934730532502,0.1959604309502032,0.16834200471633,B
73.56436920,0,2023-02-22T18:06:18Z,182.78665563790278,46,100.00019836,0.1789934730532502,0.1959604309502032,0.16834200471633,B
85.76976013,0,2023-02-22T18:06:18Z,182.78665563790278,46,100.00019836,0.1789934730532502,0.1959604309502032,0.16834200471633,B
100.00019836,51.6057510376,2023-02-22T18:06:18Z,182.78665563790278,46,100.00019836,0.1789934730532502,0.1959604309502032,0.16834200471633,B
116.59166718,0,2023-02-22T18:06:18Z,182.78665563790278,46,100.00019836,0.1789934730532502,0.1959604309502032,0.16834200471633,B
135.93591309,0,2023-02-22T18:06:18Z,182.78665563790278,46,100.00019836,0.1789934730532502,0.1959604309502032,0.16834200471633,B
158.48962402,0,2023-02-22T18:06:18Z,182.78665563790278,46,100.00019836,0.1789934730532502,0.1959604309502032,0.16834200471633,B
184.78533936,0,2023-02-22T18:06:18Z,182.78665563790278,46,100.00019836,0.1789934730532502,0.1959604309502032,0.16834200471633,B
215.44389343,0,2023-02-22T18:06:18Z,182.78665563790278,46,100.00019836,0.1789934730532502,0.1959604309502032,0.16834200471633,B
251.18913269,0,2023-02-22T18:06:18Z,182.78665563790278,46,100.00019836,0.1789934730532502,0.1959604309502032,0.16834200471633,B
292.86502075,0,2023-02-22T18:06:18Z,182.78665563790278,46,100.00019836,0.1789934730532502,0.1959604309502032,0.16834200471633,B
341.45556641,0,2023-02-22T18:06:18Z,182.78665563790278,46,100.00019836,0.1789934730532502,0.1959604309502032,0.16834200471633,B
398.10794067,0,2023-02-22T18:06:18Z,182.78665563790278,46,100.00019836,0.1789934730532502,0.1959604309502032,0.16834200471633,B
464.15979004,0,2023-02-22T18:06:18Z,182.78665563790278,46,100.00019836,0.1789934730532502,0.1959604309502032,0.16834200471633,B
541.17059326,0,2023-02-22T18:06:18Z,182.78665563790278,46,100.00019836,0.1789934730532502,0.1959604309502032,0.16834200471633,B
630.95855713,0,2023-02-22T18:06:18Z,182.78665563790278,46,100.00019836,0.1789934730532502,0.1959604309502032,0.16834200471633,B
735.64367676,0,2023-02-22T18:06:18Z,182.78665563790278,46,100.00019836,0.1789934730532502,0.1959604309502032,0.16834200471633,B
857.69757080,0,2023-02-22T18:06:18Z,182.78665563790278,46,100.00019836,0.1789934730532502,0.1959604309502032,0.16834200471633,B
1000.00195313,0,2023-02-22T18:06:18Z,182.78665563790278,46,100.00019836,0.1789934730532502,0.1959604309502032,0.16834200471633,B
0.10000020,0,2023-02-22T18:06:19Z,247.11498218130555,46,100.00019836,0.16372237068914416,0.18346923691537417,0.16271827548752,B
0.11659167,0,2023-02-22T18:06:19Z,247.11498218130555,46,100.00019836,0.16372237068914416,0.18346923691537417,0.16271827548752,B
0.13593590,0,2023-02-22T18:06:19Z,247.11498218130555,46,100.00019836,0.16372237068914416,0.18346923691537417,0.16271827548752,B
0.15848963,0,2023-02-22T18:06:19Z,247.11498218130555,46,100.00019836,0.16372237068914416,0.18346923691537417,0.16271827548752,B
0.18478534,0,2023-02-22T18:06:19Z,247.11498218130555,46,100.00019836,0.16372237068914416,0.18346923691537417,0.16271827548752,B
0.21544389,0,2023-02-22T18:06:19Z,247.11498218130555,46,100.00019836,0.16372237068914416,0.18346923691537417,0.16271827548752,B
0.25118914,0,2023-02-22T18:06:19Z,247.11498218130555,46,100.00019836,0.16372237068914416,0.18346923691537417,0.16271827548752,B
0.29286504,0,2023-02-22T18:06:19Z,247.11498218130555,46,100.00019836,0.16372237068914416,0.18346923691537417,0.16271827548752,B
0.34145555,0,2023-02-22T18:06:19Z,247.11498218130555,46,100.00019836,0.16372237068914416,0.18346923691537417,0.16271827548752,B
0.39810795,0,2023-02-22T18:06:19Z,247.11498218130555,46,100.00019836,0.16372237068914416,0.18346923691537417,0.16271827548752,B
0.46415979,0,2023-02-22T18:06:19Z,247.11498218130555,46,100.00019836,0.16372237068914416,0.18346923691537417,0.16271827548752,B
0.54117060,0,2023-02-22T18:06:19Z,247.11498218130555,46,100.00019836,0.16372237068914416,0.18346923691537417,0.16271827548752,B
0.63095856,0,2023-02-22T18:06:19Z,247.11498218130555,46,100.00019836,0.16372237068914416,0.18346923691537417,0.16271827548752,B
0.73564368,0,2023-02-22T18:06:19Z,247.11498218130555,46,100.00019836,0.16372237068914416,0.18346923691537417,0.16271827548752,B
0.85769761,0,2023-02-22T18:06:19Z,247.11498218130555,46,100.00019836,0.16372237068914416,0.18346923691537417,0.16271827548752,B
1.00000191,0.257556766272,2023-02-22T18:06:19Z,247.11498218130555,46,100.00019836,0.16372237068914416,0.18346923691537417,0.16271827548752,B
1.16591668,3.69704318047,2023-02-22T18:06:19Z,247.11498218130555,46,100.00019836,0.16372237068914416,0.18346923691537417,0.16271827548752,B
1.35935903,7.0307507515,2023-02-22T18:06:19Z,247.11498218130555,46,100.00019836,0.16372237068914416,0.18346923691537417,0.16271827548752,B
1.58489633,4.25718307495,2023-02-22T18:06:19Z,247.11498218130555,46,100.00019836,0.16372237068914416,0.18346923691537417,0.16271827548752,B
1.84785342,1.02929377556,2023-02-22T18:06:19Z,247.11498218130555,46,100.00019836,0.16372237068914416,0.18346923691537417,0.16271827548752,B
2.15443897,0.0978515818715,2023-02-22T18:06:19Z,247.11498218130555,46,100.00019836,0.16372237068914416,0.18346923691537417,0.16271827548752,B
2.51189137,0.00255494471639,2023-02-22T18:06:19Z,247.11498218130555,46,100.00019836,0.16372237068914416,0.18346923691537417,0.16271827548752,B
2.92865038,2.99357452604e-6,2023-02-22T18:06:19Z,247.11498218130555,46,100.00019836,0.16372237068914416,0.18346923691537417,0.16271827548752,B
3.41455555,0,2023-02-22T18:06:19Z,247.11498218130555,46,100.00019836,0.16372237068914416,0.18346923691537417,0.16271827548752,B
3.98107958,0,2023-02-22T18:06:19Z,247.11498218130555,46,100.00019836,0.16372237068914416,0.18346923691537417,0.16271827548752,B
4.64159775,0,2023-02-22T18:06:19Z,247.11498218130555,46,100.00019836,0.16372237068914416,0.18346923691537417,0.16271827548752,B
5.41170597,0,2023-02-22T18:06:19Z,247.11498218130555,46,100.00019836,0.16372237068914416,0.18346923691537417,0.16271827548752,B
6.30958605,0.152278184891,2023-02-22T18:06:19Z,247.11498218130555,46,100.00019836,0.16372237068914416,0.18346923691537417,0.16271827548752,B
7.35643721,0.556153655052,2023-02-22T18:06:19Z,247.11498218130555,46,100.00019836,0.16372237068914416,0.18346923691537417,0.16271827548752,B
8.57697582,1.26625478268,2023-02-22T18:06:19Z,247.11498218130555,46,100.00019836,0.16372237068914416,0.18346923691537417,0.16271827548752,B
10.00002003,2.29846453667,2023-02-22T18:06:19Z,247.11498218130555,46,100.00019836,0.16372237068914416,0.18346923691537417,0.16271827548752,B
11.65916729,3.54470133781,2023-02-22T18:06:19Z,247.11498218130555,46,100.00019836,0.16372237068914416,0.18346923691537417,0.16271827548752,B
13.59359074,4.72311973572,2023-02-22T18:06:19Z,247.11498218130555,46,100.00019836,0.16372237068914416,0.18346923691537417,0.16271827548752,B
15.84896278,5.38818740845,2023-02-22T18:06:19Z,247.11498218130555,46,100.00019836,0.16372237068914416,0.18346923691537417,0.16271827548752,B
18.47853470,5.05459690094,2023-02-22T18:06:19Z,247.11498218130555,46,100.00019836,0.16372237068914416,0.18346923691537417,0.16271827548752,B
21.54438972,3.43517804146,2023-02-22T18:06:19Z,247.11498218130555,46,100.00019836,0.16372237068914416,0.18346923691537417,0.16271827548752,B
25.11891365,0.738427996635,2023-02-22T18:06:19Z,247.11498218130555,46,100.00019836,0.16372237068914416,0.18346923691537417,0.16271827548752,B
29.28650284,0,2023-02-22T18:06:19Z,247.11498218130555,46,100.00019836,0.16372237068914416,0.18346923691537417,0.16271827548752,B
34.14555740,0,2023-02-22T18:06:19Z,247.11498218130555,46,100.00019836,0.16372237068914416,0.18346923691537417,0.16271827548752,B
39.81079483,0,2023-02-22T18:06:19Z,247.11498218130555,46,100.00019836,0.16372237068914416,0.18346923691537417,0.16271827548752,B
46.41598129,0,2023-02-22T18:06:19Z,247.11498218130555,46,100.00019836,0.16372237068914416,0.18346923691537417,0.16271827548752,B
54.11705780,0,2023-02-22T18:06:19Z,247.11498218130555,46,100.00019836,0.16372237068914416,0.18346923691537417,0.16271827548752,B
63.09585953,0,2023-02-22T18:06:19Z,247.11498218130555,46,100.00019836,0.16372237068914416,0.18346923691537417,0.16271827548752,B
73.56436920,0,2023-02-22T18:06:19Z,247.11498218130555,46,100.00019836,0.16372237068914416,0.18346923691537417,0.16271827548752,B
85.76976013,0,2023-02-22T18:06:19Z,247.11498218130555,46,100.00019836,0.16372237068914416,0.18346923691537417,0.16271827548752,B
100.00019836,56.4704017639,2023-02-22T18:06:19Z,247.11498218130555,46,100.00019836,0.16372237068914416,0.18346923691537417,0.16271827548752,B
116.59166718,0,2023-02-22T18:06:19Z,247.11498218130555,46,100.00019836,0.16372237068914416,0.18346923691537417,0.16271827548752,B
135.93591309,0,2023-02-22T18:06:19Z,247.11498218130555,46,100.00019836,0.16372237068914416,0.18346923691537417,0.16271827548752,B
158.48962402,0,2023-02-22T18:06:19Z,247.11498218130555,46,100.00019836,0.16372237068914416,0.18346923691537417,0.16271827548752,B
184.78533936,0,2023-02-22T18:06:19Z,247.11498218130555,46,100.00019836,0.16372237068914416,0.18346923691537417,0.16271827548752,B
215.44389343,0,2023-02-22T18:06:19Z,247.11498218130555,46,100.00019836,0.16372237068914416,0.18346923691537417,0.16271827548752,B
251.18913269,0,2023-02-22T18:06:19Z,247.11498218130555,46,100.00019836,0.16372237068914416,0.18346923691537417,0.16271827548752,B
292.86502075,0,2023-02-22T18:06:19Z,247.11498218130555,46,100.00019836,0.16372237068914416,0.18346923691537417,0.16271827548752,B
341.45556641,0,2023-02-22T18:06:19Z,247.11498218130555,46,100.00019836,0.16372237068914416,0.18346923691537417,0.16271827548752,B
398.10794067,0,2023-02-22T18:06:19Z,247.11498218130555,46,100.00019836,0.16372237068914416,0.18346923691537417,0.16271827548752,B
464.15979004,0,2023-02-22T18:06:19Z,247.11498218130555,46,100.00019836,0.16372237068914416,0.18346923691537417,0.16271827548752,B
541.17059326,0,2023-02-22T18:06:19Z,247.11498218130555,46,100.00019836,0.16372237068914416,0.18346923691537417,0.16271827548752,B
630.95855713,0,2023-02-22T18:06:19Z,247.11498218130555,46,100.00019836,0.16372237068914416,0.18346923691537417,0.16271827548752,B
735.64367676,0,2023-02-22T18:06:19Z,247.11498218130555,46,100.00019836,0.16372237068914416,0.18346923691537417,0.16271827548752,B
857.69757080,0,2023-02-22T18:06:19Z,247.11498218130555,46,100.00019836,0.16372237068914416,0.18346923691537417,0.16271827548752,B
1000.00195313,0,2023-02-22T18:06:19Z,247.11498218130555,46,100.00019836,0.16372237068914416,0.18346923691537417,0.16271827548752,B
0.10000020,0,2023-02-22T18:06:20Z,232.7855637868611,46,100.00019836,0.16338225976172505,0.17043437300789208,0.16033561587335002,B
0.11659167,0,2023-02-22T18:06:20Z,232.7855637868611,46,100.00019836,0.16338225976172505,0.17043437300789208,0.16033561587335002,B
0.13593590,0,2023-02-22T18:06:20Z,232.7855637868611,46,100.00019836,0.16338225976172505,0.17043437300789208,0.16033561587335002,B
0.15848963,0,2023-02-22T18:06:20Z,232.7855637868611,46,100.00019836,0.16338225976172505,0.17043437300789208,0.16033561587335002,B
0.18478534,0,2023-02-22T18:06:20Z,232.7855637868611,46,100.00019836,0.16338225976172505,0.17043437300789208,0.16033561587335002,B
0.21544389,0,2023-02-22T18:06:20Z,232.7855637868611,46,100.00019836,0.16338225976172505,0.17043437300789208,0.16033561587335002,B
0.25118914,0,2023-02-22T18:06:20Z,232.7855637868611,46,100.00019836,0.16338225976172505,0.17043437300789208,0.16033561587335002,B
0.29286504,0,2023-02-22T18:06:20Z,232.7855637868611,46,100.00019836,0.16338225976172505,0.17043437300789208,0.16033561587335002,B
0.34145555,0,2023-02-22T18:06:20Z,232.7855637868611,46,100.00019836,0.16338225976172505,0.17043437300789208,0.16033561587335002,B
0.39810795,0,2023-02-22T18:06:20Z,232.7855637868611,46,100.00019836,0.16338225976172505,0.17043437300789208,0.16033561587335002,B
0.46415979,0,2023-02-22T18:06:20Z,232.7855637868611,46,100.00019836,0.16338225976172505,0.17043437300789208,0.16033561587335002,B
0.54117060,0,2023-02-22T18:06:20Z,232.7855637868611,46,100.00019836,0.16338225976172505,0.17043437300789208,0.16033561587335002,B
0.63095856,0,2023-02-22T18:06:20Z,232.7855637868611,46,100.00019836,0.16338225976172505,0.17043437300789208,0.16033561587335002,B
0.73564368,0,2023-02-22T18:06:20Z,232.7855637868611,46,100.00019836,0.16338225976172505,0.17043437300789208,0.16033561587335002,B
0.85769761,0,2023-02-22T18:06:20Z,232.7855637868611,46,100.00019836,0.16338225976172505,0.17043437300789208,0.16033561587335002,B
1.00000191,0.324580311775,2023-02-22T18:06:20Z,232.7855637868611,46,100.00019836,0.16338225976172505,0.17043437300789208,0.16033561587335002,B
1.16591668,3.18364691734,2023-02-22T18:06:20Z,232.7855637868611,46,100.00019836,0.16338225976172505,0.17043437300789208,0.16033561587335002,B
1.35935903,6.1550292968799996,2023-02-22T18:06:20Z,232.7855637868611,46,100.00019836,0.16338225976172505,0.17043437300789208,0.16033561587335002,B
1.58489633,4.68435525894,2023-02-22T18:06:20Z,232.7855637868611,46,100.00019836,0.16338225976172505,0.17043437300789208,0.16033561587335002,B
1.84785342,1.6859498024,2023-02-22T18:06:20Z,232.7855637868611,46,100.00019836,0.16338225976172505,0.17043437300789208,0.16033561587335002,B
2.15443897,0.286589473486,2023-02-22T18:06:20Z,232.7855637868611,46,100.00019836,0.16338225976172505,0.17043437300789208,0.16033561587335002,B
2.51189137,0.0179493259639,2023-02-22T18:06:20Z,232.7855637868611,46,100.00019836,0.16338225976172505,0.17043437300789208,0.16033561587335002,B
2.92865038,1.25589387608e-4,2023-02-22T18:06:20Z,232.7855637868611,46,100.00019836,0.16338225976172505,0.17043437300789208,0.16033561587335002,B
3.41455555,0,2023-02-22T18:06:20Z,232.7855637868611,46,100.00019836,0.16338225976172505,0.17043437300789208,0.16033561587335002,B
3.98107958,0,2023-02-22T18:06:20Z,232.7855637868611,46,100.00019836,0.16338225976172505,0.17043437300789208,0.16033561587335002,B
4.64159775,0,2023-02-22T18:06:20Z,232.7855637868611,46,100.00019836,0.16338225976172505,0.17043437300789208,0.16033561587335002,B
5.41170597,0,2023-02-22T18:06:20Z,232.7855637868611,46,100.00019836,0.16338225976172505,0.17043437300789208,0.16033561587335002,B
6.30958605,0.0139205735177,2023-02-22T18:06:20Z,232.7855637868611,46,100.00019836,0.16338225976172505,0.17043437300789208,0.16033561587335002,B
7.35643721,0.149949982762,2023-02-22T18:06:20Z,232.7855637868611,46,100.00019836,0.16338225976172505,0.17043437300789208,0.16033561587335002,B
8.57697582,0.541340768337,2023-02-22T18:06:20Z,232.7855637868611,46,100.00019836,0.16338225976172505,0.17043437300789208,0.16033561587335002,B
10.00002003,1.34889793396,2023-02-22T18:06:20Z,232.7855637868611,46,100.00019836,0.16338225976172505,0.17043437300789208,0.16033561587335002,B
11.65916729,2.64992308617,2023-02-22T18:06:20Z,232.7855637868611,46,100.00019836,0.16338225976172505,0.17043437300789208,0.16033561587335002,B
13.59359074,4.25951528549,2023-02-22T18:06:20Z,232.7855637868611,46,100.00019836,0.16338225976172505,0.17043437300789208,0.16033561587335002,B
15.84896278,5.58266019821,2023-02-22T18:06:20Z,232.7855637868611,46,100.00019836,0.16338225976172505,0.17043437300789208,0.16033561587335002,B
18.47853470,5.724152565,2023-02-22T18:06:20Z,232.7855637868611,46,100.00019836,0.16338225976172505,0.17043437300789208,0.16033561587335002,B
21.54438972,4.04798269272,2023-02-22T18:06:20Z,232.7855637868611,46,100.00019836,0.16338225976172505,0.17043437300789208,0.16033561587335002,B
25.11891365,1.11682939529,2023-02-22T18:06:20Z,232.7855637868611,46,100.00019836,0.16338225976172505,0.17043437300789208,0.16033561587335002,B
29.28650284,0,2023-02-22T18:06:20Z,232.7855637868611,46,100.00019836,0.16338225976172505,0.17043437300789208,0.16033561587335002,B
34.14555740,0,2023-02-22T18:06:20Z,232.7855637868611,46,100.00019836,0.16338225976172505,0.17043437300789208,0.16033561587335002,B
39.81079483,0,2023-02-22T18:06:20Z,232.7855637868611,46,100.00019836,0.16338225976172505,0.17043437300789208,0.16033561587335002,B
46.41598129,0,2023-02-22T18:06:20Z,232.7855637868611,46,100.00019836,0.16338225976172505,0.17043437300789208,0.16033561587335002,B
54.11705780,0,2023-02-22T18:06:20Z,232.7855637868611,46,100.00019836,0.16338225976172505,0.17043437300789208,0.16033561587335002,B
63.09585953,0,2023-02-22T18:06:20Z,232.7855637868611,46,100.00019836,0.16338225976172505,0.17043437300789208,0.16033561587335002,B
73.56436920,0,2023-02-22T18:06:20Z,232.7855637868611,46,100.00019836,0.16338225976172505,0.17043437300789208,0.16033561587335002,B
85.76976013,0,2023-02-22T18:06:20Z,232.7855637868611,46,100.00019836,0.16338225976172505,0.17043437300789208,0.16033561587335002,B
100.00019836,58.2266044617,2023-02-22T18:06:20Z,232.7855637868611,46,100.00019836,0.16338225976172505,0.17043437300789208,0.16033561587335002,B
116.59166718,0,2023-02-22T18:06:20Z,232.7855637868611,46,100.00019836,0.16338225976172505,0.17043437300789208,0.16033561587335002,B
135.93591309,0,2023-02-22T18:06:20Z,232.7855637868611,46,100.00019836,0.16338225976172505,0.17043437300789208,0.16033561587335002,B
158.48962402,0,2023-02-22T18:06:20Z,232.7855637868611,46,100.00019836,0.16338225976172505,0.17043437300789208,0.16033561587335002,B
184.78533936,0,2023-02-22T18:06:20Z,232.7855637868611,46,100.00019836,0.16338225976172505,0.17043437300789208,0.16033561587335002,B
215.44389343,0,2023-02-22T18:06:20Z,232.7855637868611,46,100.00019836,0.16338225976172505,0.17043437300789208,0.16033561587335002,B
251.18913269,0,2023-02-22T18:06:20Z,232.7855637868611,46,100.00019836,0.16338225976172505,0.17043437300789208,0.16033561587335002,B
292.86502075,0,2023-02-22T18:06:20Z,232.7855637868611,46,100.00019836,0.16338225976172505,0.17043437300789208,0.16033561587335002,B
341.45556641,0,2023-02-22T18:06:20Z,232.7855637868611,46,100.00019836,0.16338225976172505,0.17043437300789208,0.16033561587335002,B
398.10794067,0,2023-02-22T18:06:20Z,232.7855637868611,46,100.00019836,0.16338225976172505,0.17043437300789208,0.16033561587335002,B
464.15979004,0,2023-02-22T18:06:20Z,232.7855637868611,46,100.00019836,0.16338225976172505,0.17043437300789208,0.16033561587335002,B
541.17059326,0,2023-02-22T18:06:20Z,232.7855637868611,46,100.00019836,0.16338225976172505,0.17043437300789208,0.16033561587335002,B
630.95855713,0,2023-02-22T18:06:20Z,232.7855637868611,46,100.00019836,0.16338225976172505,0.17043437300789208,0.16033561587335002,B
735.64367676,0,2023-02-22T18:06:20Z,232.7855637868611,46,100.00019836,0.16338225976172505,0.17043437300789208,0.16033561587335002,B
857.69757080,0,2023-02-22T18:06:20Z,232.7855637868611,46,100.00019836,0.16338225976172505,0.17043437300789208,0.16033561587335002,B
1000.00195313,0,2023-02-22T18:06:20Z,232.7855637868611,46,100.00019836,0.16338225976172505,0.17043437300789208,0.16033561587335002,B
0.10000020,0,2023-02-22T18:06:21Z,218.9372880723889,37,25.11891365,0.1860269979669172,0.2093218383474572,0.17424402594572,B
0.11659167,0,2023-02-22T18:06:21Z,218.9372880723889,37,25.11891365,0.1860269979669172,0.2093218383474572,0.17424402594572,B
0.13593590,0,2023-02-22T18:06:21Z,218.9372880723889,37,25.11891365,0.1860269979669172,0.2093218383474572,0.17424402594572,B
0.15848963,0,2023-02-22T18:06:21Z,218.9372880723889,37,25.11891365,0.1860269979669172,0.2093218383474572,0.17424402594572,B
0.18478534,0,2023-02-22T18:06:21Z,218.9372880723889,37,25.11891365,0.1860269979669172,0.2093218383474572,0.17424402594572,B
0.21544389,0,2023-02-22T18:06:21Z,218.9372880723889,37,25.11891365,0.1860269979669172,0.2093218383474572,0.17424402594572,B
0.25118914,0,2023-02-22T18:06:21Z,218.9372880723889,37,25.11891365,0.1860269979669172,0.2093218383474572,0.17424402594572,B
0.29286504,0,2023-02-22T18:06:21Z,218.9372880723889,37,25.11891365,0.1860269979669172,0.2093218383474572,0.17424402594572,B
0.34145555,0,2023-02-22T18:06:21Z,218.9372880723889,37,25.11891365,0.1860269979669172,0.2093218383474572,0.17424402594572,B
0.39810795,0,2023-02-22T18:06:21Z,218.9372880723889,37,25.11891365,0.1860269979669172,0.2093218383474572,0.17424402594572,B
0.46415979,0,2023-02-22T18:06:21Z,218.9372880723889,37,25.11891365,0.1860269979669172,0.2093218383474572,0.17424402594572,B
0.54117060,0,2023-02-22T18:06:21Z,218.9372880723889,37,25.11891365,0.1860269979669172,0.2093218383474572,0.17424402594572,B
0.63095856,0,2023-02-22T18:06:21Z,218.9372880723889,37,25.11891365,0.1860269979669172,0.2093218383474572,0.17424402594572,B
0.73564368,0,2023-02-22T18:06:21Z,218.9372880723889,37,25.11891365,0.1860269979669172,0.2093218383474572,0.17424402594572,B
0.85769761,0,2023-02-22T18:06:21Z,218.9372880723889,37,25.11891365,0.1860269979669172,0.2093218383474572,0.17424402594572,B
1.00000191,0.474880814552,2023-02-22T18:06:21Z,218.9372880723889,37,25.11891365,0.1860269979669172,0.2093218383474572,0.17424402594572,B
1.16591668,2.90759921074,2023-02-22T18:06:21Z,218.9372880723889,37,25.11891365,0.1860269979669172,0.2093218383474572,0.17424402594572,B
1.35935903,5.59181213379,2023-02-22T18:06:21Z,218.9372880723889,37,25.11891365,0.1860269979669172,0.2093218383474572,0.17424402594572,B
1.58489633,5.42227602005,2023-02-22T18:06:21Z,218.9372880723889,37,25.11891365,0.1860269979669172,0.2093218383474572,0.17424402594572,B
1.84785342,3.02783441544,2023-02-22T18:06:21Z,218.9372880723889,37,25.11891365,0.1860269979669172,0.2093218383474572,0.17424402594572,B
2.15443897,0.993496835232,2023-02-22T18:06:21Z,218.9372880723889,37,25.11891365,0.1860269979669172,0.2093218383474572,0.17424402594572,B
2.51189137,0.173750817776,2023-02-22T18:06:21Z,218.9372880723889,37,25.11891365,0.1860269979669172,0.2093218383474572,0.17424402594572,B
2.92865038,0.0110253961757,2023-02-22T18:06:21Z,218.9372880723889,37,25.11891365,0.1860269979669172,0.2093218383474572,0.17424402594572,B
3.41455555,2.4152936021e-5,2023-02-22T18:06:21Z,218.9372880723889,37,25.11891365,0.1860269979669172,0.2093218383474572,0.17424402594572,B
3.98107958,0,2023-02-22T18:06:21Z,218.9372880723889,37,25.11891365,0.1860269979669172,0.2093218383474572,0.17424402594572,B
4.64159775,0,2023-02-22T18:06:21Z,218.9372880723889,37,25.11891365,0.1860269979669172,0.2093218383474572,0.17424402594572,B
5.41170597,0.036137022078,2023-02-22T18:06:21Z,218.9372880723889,37,25.11891365,0.1860269979669172,0.2093218383474572,0.17424402594572,B
6.30958605,0.219868198037,2023-02-22T18:06:21Z,218.9372880723889,37,25.11891365,0.1860269979669172,0.2093218383474572,0.17424402594572,B
7.35643721,0.651048541069,2023-02-22T18:06:21Z,218.9372880723889,37,25.11891365,0.1860269979669172,0.2093218383474572,0.17424402594572,B
8.57697582,1.42243027687,2023-02-22T18:06:21Z,218.9372880723889,37,25.11891365,0.1860269979669172,0.2093218383474572,0.17424402594572,B
10.00002003,2.55871033669,2023-02-22T18:06:21Z,218.9372880723889,37,25.11891365,0.1860269979669172,0.2093218383474572,0.17424402594572,B
11.65916729,3.9462852478,2023-02-22T18:06:21Z,218.9372880723889,37,25.11891365,0.1860269979669172,0.2093218383474572,0.17424402594572,B
13.59359074,5.27520084381,2023-02-22T18:06:21Z,218.9372880723889,37,25.11891365,0.1860269979669172,0.2093218383474572,0.17424402594572,B
15.84896278,6.04987716675,2023-02-22T18:06:21Z,218.9372880723889,37,25.11891365,0.1860269979669172,0.2093218383474572,0.17424402594572,B
18.47853470,5.74327754974,2023-02-22T18:06:21Z,218.9372880723889,37,25.11891365,0.1860269979669172,0.2093218383474572,0.17424402594572,B
21.54438972,4.11113071442,2023-02-22T18:06:21Z,218.9372880723889,37,25.11891365,0.1860269979669172,0.2093218383474572,0.17424402594572,B
25.11891365,1.60223817825,2023-02-22T18:06:21Z,218.9372880723889,37,25.11891365,0.1860269979669172,0.2093218383474572,0.17424402594572,B
29.28650284,0,2023-02-22T18:06:21Z,218.9372880723889,37,25.11891365,0.1860269979669172,0.2093218383474572,0.17424402594572,B
34.14555740,0,2023-02-22T18:06:21Z,218.9372880723889,37,25.11891365,0.1860269979669172,0.2093218383474572,0.17424402594572,B
39.81079483,0,2023-02-22T18:06:21Z,218.9372880723889,37,25.11891365,0.1860269979669172,0.2093218383474572,0.17424402594572,B
46.41598129,0,2023-02-22T18:06:21Z,218.9372880723889,37,25.11891365,0.1860269979669172,0.2093218383474572,0.17424402594572,B
54.11705780,0,2023-02-22T18:06:21Z,218.9372880723889,37,25.11891365,0.1860269979669172,0.2093218383474572,0.17424402594572,B
63.09585953,0,2023-02-22T18:06:21Z,218.9372880723889,37,25.11891365,0.1860269979669172,0.2093218383474572,0.17424402594572,B
73.56436920,0,2023-02-22T18:06:21Z,218.9372880723889,37,25.11891365,0.1860269979669172,0.2093218383474572,0.17424402594572,B
85.76976013,0,2023-02-22T18:06:21Z,218.9372880723889,37,25.11891365,0.1860269979669172,0.2093218383474572,0.17424402594572,B
100.00019836,49.7810974121,2023-02-22T18:06:21Z,218.9372880723889,37,25.11891365,0.1860269979669172,0.2093218383474572,0.17424402594572,B
116.59166718,0,2023-02-22T18:06:21Z,218.9372880723889,37,25.11891365,0.1860269979669172,0.2093218383474572,0.17424402594572,B
135.93591309,0,2023-02-22T18:06:21Z,218.9372880723889,37,25.11891365,0.1860269979669172,0.2093218383474572,0.17424402594572,B
158.48962402,0,2023-02-22T18:06:21Z,218.9372880723889,37,25.11891365,0.1860269979669172,0.2093218383474572,0.17424402594572,B
184.78533936,0,2023-02-22T18:06:21Z,218.9372880723889,37,25.11891365,0.1860269979669172,0.2093218383474572,0.17424402594572,B
215.44389343,0,2023-02-22T18:06:21Z,218.9372880723889,37,25.11891365,0.1860269979669172,0.2093218383474572,0.17424402594572,B
251.18913269,0,2023-02-22T18:06:21Z,218.9372880723889,37,25.11891365,0.1860269979669172,0.2093218383474572,0.17424402594572,B
292.86502075,0,2023-02-22T18:06:21Z,218.9372880723889,37,25.11891365,0.1860269979669172,0.2093218383474572,0.17424402594572,B
341.45556641,0,2023-02-22T18:06:21Z,218.9372880723889,37,25.11891365,0.1860269979669172,0.2093218383474572,0.17424402594572,B
398.10794067,0,2023-02-22T18:06:21Z,218.9372880723889,37,25.11891365,0.1860269979669172,0.2093218383474572,0.17424402594572,B
464.15979004,0,2023-02-22T18:06:21Z,218.9372880723889,37,25.11891365,0.1860269979669172,0.2093218383474572,0.17424402594572,B
541.17059326,0,2023-02-22T18:06:21Z,218.9372880723889,37,25.11891365,0.1860269979669172,0.2093218383474572,0.17424402594572,B
630.95855713,0,2023-02-22T18:06:21Z,218.9372880723889,37,25.11891365,0.1860269979669172,0.2093218383474572,0.17424402594572,B
735.64367676,0,2023-02-22T18:06:21Z,218.9372880723889,37,25.11891365,0.1860269979669172,0.2093218383474572,0.17424402594572,B
857.69757080,0,2023-02-22T18:06:21Z,218.9372880723889,37,25.11891365,0.1860269979669172,0.2093218383474572,0.17424402594572,B
1000.00195313,0,2023-02-22T18:06:21Z,218.9372880723889,37,25.11891365,0.1860269979669172,0.2093218383474572,0.17424402594572,B
0.10000020,0,2023-02-22T18:06:22Z,164.01756223045,46,100.00019836,0.1625443086789065,0.1871633389328405,0.16001361727713997,B
0.11659167,0,2023-02-22T18:06:22Z,164.01756223045,46,100.00019836,0.1625443086789065,0.1871633389328405,0.16001361727713997,B
0.13593590,0,2023-02-22T18:06:22Z,164.01756223045,46,100.00019836,0.1625443086789065,0.1871633389328405,0.16001361727713997,B
0.15848963,0,2023-02-22T18:06:22Z,164.01756223045,46,100.00019836,0.1625443086789065,0.1871633389328405,0.16001361727713997,B
0.18478534,0,2023-02-22T18:06:22Z,164.01756223045,46,100.00019836,0.1625443086789065,0.1871633389328405,0.16001361727713997,B
0.21544389,0,2023-02-22T18:06:22Z,164.01756223045,46,100.00019836,0.1625443086789065,0.1871633389328405,0.16001361727713997,B
0.25118914,0,2023-02-22T18:06:22Z,164.01756223045,46,100.00019836,0.1625443086789065,0.1871633389328405,0.16001361727713997,B
0.29286504,0,2023-02-22T18:06:22Z,164.01756223045,46,100.00019836,0.1625443086789065,0.1871633389328405,0.16001361727713997,B
0.34145555,0,2023-02-22T18:06:22Z,164.01756223045,46,100.00019836,0.1625443086789065,0.1871633389328405,0.16001361727713997,B
0.39810795,0,2023-02-22T18:06:22Z,164.01756223045,46,100.00019836,0.1625443086789065,0.1871633389328405,0.16001361727713997,B
0.46415979,0,2023-02-22T18:06:22Z,164.01756223045,46,100.00019836,0.1625443086789065,0.1871633389328405,0.16001361727713997,B
0.54117060,0,2023-02-22T18:06:22Z,164.01756223045,46,100.00019836,0.1625443086789065,0.1871633389328405,0.16001361727713997,B
0.63095856,0,2023-02-22T18:06:22Z,164.01756223045,46,100.00019836,0.1625443086789065,0.1871633389328405,0.16001361727713997,B
0.73564368,0,2023-02-22T18:06:22Z,164.01756223045,46,100.00019836,0.1625443086789065,0.1871633389328405,0.16001361727713997,B
0.85769761,0,2023-02-22T18:06:22Z,164.01756223045,46,100.00019836,0.1625443086789065,0.1871633389328405,0.16001361727713997,B
1.00000191,0.259875655174,2023-02-22T18:06:22Z,164.01756223045,46,100.00019836,0.1625443086789065,0.1871633389328405,0.16001361727713997,B
1.16591668,3.10027551651,2023-02-22T18:06:22Z,164.01756223045,46,100.00019836,0.1625443086789065,0.1871633389328405,0.16001361727713997,B
1.35935903,6.32641410828,2023-02-22T18:06:22Z,164.01756223045,46,100.00019836,0.1625443086789065,0.1871633389328405,0.16001361727713997,B
1.58489633,4.72874689102,2023-02-22T18:06:22Z,164.01756223045,46,100.00019836,0.1625443086789065,0.1871633389328405,0.16001361727713997,B
1.84785342,1.58604955673,2023-02-22T18:06:22Z,164.01756223045,46,100.00019836,0.1625443086789065,0.1871633389328405,0.16001361727713997,B
2.15443897,0.240083917975,2023-02-22T18:06:22Z,164.01756223045,46,100.00019836,0.1625443086789065,0.1871633389328405,0.16001361727713997,B
2.51189137,0.012900439091,2023-02-22T18:06:22Z,164.01756223045,46,100.00019836,0.1625443086789065,0.1871633389328405,0.16001361727713997,B
2.92865038,8.47831106512e-5,2023-02-22T18:06:22Z,164.01756223045,46,100.00019836,0.1625443086789065,0.1871633389328405,0.16001361727713997,B
3.41455555,0,2023-02-22T18:06:22Z,164.01756223045,46,100.00019836,0.1625443086789065,0.1871633389328405,0.16001361727713997,B
3.98107958,0,2023-02-22T18:06:22Z,164.01756223045,46,100.00019836,0.1625443086789065,0.1871633389328405,0.16001361727713997,B
4.64159775,0,2023-02-22T18:06:22Z,164.01756223045,46,100.00019836,0.1625443086789065,0.1871633389328405,0.16001361727713997,B
5.41170597,0.0115931080654,2023-02-22T18:06:22Z,164.01756223045,46,100.00019836,0.1625443086789065,0.1871633389328405,0.16001361727713997,B
6.30958605,0.240705654025,2023-02-22T18:06:22Z,164.01756223045,46,100.00019836,0.1625443086789065,0.1871633389328405,0.16001361727713997,B
7.35643721,0.716470837593,2023-02-22T18:06:22Z,164.01756223045,46,100.00019836,0.1625443086789065,0.1871633389328405,0.16001361727713997,B
8.57697582,1.49313342571,2023-02-22T18:06:22Z,164.01756223045,46,100.00019836,0.1625443086789065,0.1871633389328405,0.16001361727713997,B
10.00002003,2.54530954361,2023-02-22T18:06:22Z,164.01756223045,46,100.00019836,0.1625443086789065,0.1871633389328405,0.16001361727713997,B
11.65916729,3.71768546104,2023-02-22T18:06:22Z,164.01756223045,46,100.00019836,0.1625443086789065,0.1871633389328405,0.16001361727713997,B
13.59359074,4.69957065582,2023-02-22T18:06:22Z,164.01756223045,46,100.00019836,0.1625443086789065,0.1871633389328405,0.16001361727713997,B
15.84896278,5.06804227829,2023-02-22T18:06:22Z,164.01756223045,46,100.00019836,0.1625443086789065,0.1871633389328405,0.16001361727713997,B
18.47853470,4.43434429169,2023-02-22T18:06:22Z,164.01756223045,46,100.00019836,0.1625443086789065,0.1871633389328405,0.16001361727713997,B
21.54438972,2.66607165337,2023-02-22T18:06:22Z,164.01756223045,46,100.00019836,0.1625443086789065,0.1871633389328405,0.16001361727713997,B
25.11891365,0.110290586948,2023-02-22T18:06:22Z,164.01756223045,46,100.00019836,0.1625443086789065,0.1871633389328405,0.16001361727713997,B
29.28650284,0,2023-02-22T18:06:22Z,164.01756223045,46,100.00019836,0.1625443086789065,0.1871633389328405,0.16001361727713997,B
34.14555740,0,2023-02-22T18:06:22Z,164.01756223045,46,100.00019836,0.1625443086789065,0.1871633389328405,0.16001361727713997,B
39.81079483,0,2023-02-22T18:06:22Z,164.01756223045,46,100.00019836,0.1625443086789065,0.1871633389328405,0.16001361727713997,B
46.41598129,0,2023-02-22T18:06:22Z,164.01756223045,46,100.00019836,0.1625443086789065,0.1871633389328405,0.16001361727713997,B
54.11705780,0,2023-02-22T18:06:22Z,164.01756223045,46,100.00019836,0.1625443086789065,0.1871633389328405,0.16001361727713997,B
63.09585953,0,2023-02-22T18:06:22Z,164.01756223045,46,100.00019836,0.1625443086789065,0.1871633389328405,0.16001361727713997,B
73.56436920,0,2023-02-22T18:06:22Z,164.01756223045,46,100.00019836,0.1625443086789065,0.1871633389328405,0.16001361727713997,B
85.76976013,1.3061718997e-14,2023-02-22T18:06:22Z,164.01756223045,46,100.00019836,0.1625443086789065,0.1871633389328405,0.16001361727713997,B
100.00019836,58.0423545837,2023-02-22T18:06:22Z,164.01756223045,46,100.00019836,0.1625443086789065,0.1871633389328405,0.16001361727713997,B
116.59166718,0,2023-02-22T18:06:22Z,164.01756223045,46,100.00019836,0.1625443086789065,0.1871633389328405,0.16001361727713997,B
135.93591309,0,2023-02-22T18:06:22Z,164.01756223045,46,100.00019836,0.1625443086789065,0.1871633389328405,0.16001361727713997,B
158.48962402,0,2023-02-22T18:06:22Z,164.01756223045,46,100.00019836,0.1625443086789065,0.1871633389328405,0.16001361727713997,B
184.78533936,0,2023-02-22T18:06:22Z,164.01756223045,46,100.00019836,0.1625443086789065,0.1871633389328405,0.16001361727713997,B
215.44389343,0,2023-02-22T18:06:22Z,164.01756223045,46,100.00019836,0.1625443086789065,0.1871633389328405,0.16001361727713997,B
251.18913269,0,2023-02-22T18:06:22Z,164.01756223045,46,100.00019836,0.1625443086789065,0.1871633389328405,0.16001361727713997,B
292.86502075,0,2023-02-22T18:06:22Z,164.01756223045,46,100.00019836,0.1625443086789065,0.1871633389328405,0.16001361727713997,B
341.45556641,0,2023-02-22T18:06:22Z,164.01756223045,46,100.00019836,0.1625443086789065,0.1871633389328405,0.16001361727713997,B
398.10794067,0,2023-02-22T18:06:22Z,164.01756223045,46,100.00019836,0.1625443086789065,0.1871633389328405,0.16001361727713997,B
464.15979004,0,2023-02-22T18:06:22Z,164.01756223045,46,100.00019836,0.1625443086789065,0.1871633389328405,0.16001361727713997,B
541.17059326,0,2023-02-22T18:06:22Z,164.01756223045,46,100.00019836,0.1625443086789065,0.1871633389328405,0.16001361727713997,B
630.95855713,0,2023-02-22T18:06:22Z,164.01756223045,46,100.00019836,0.1625443086789065,0.1871633389328405,0.16001361727713997,B
735.64367676,0,2023-02-22T18:06:22Z,164.01756223045,46,100.00019836,0.1625443086789065,0.1871633389328405,0.16001361727713997,B
857.69757080,0,2023-02-22T18:06:22Z,164.01756223045,46,100.00019836,0.1625443086789065,0.1871633389328405,0.16001361727713997,B
1000.00195313,0,2023-02-22T18:06:22Z,164.01756223045,46,100.00019836,0.1625443086789065,0.1871633389328405,0.16001361727713997,B
0.10000020,0,2023-02-22T18:06:23Z,164.94397015039166,46,100.00019836,0.17771276801970448,0.1853801442697365,0.16671097934257,B
0.11659167,0,2023-02-22T18:06:23Z,164.94397015039166,46,100.00019836,0.17771276801970448,0.1853801442697365,0.16671097934257,B
0.13593590,0,2023-02-22T18:06:23Z,164.94397015039166,46,100.00019836,0.17771276801970448,0.1853801442697365,0.16671097934257,B
0.15848963,0,2023-02-22T18:06:23Z,164.94397015039166,46,100.00019836,0.17771276801970448,0.1853801442697365,0.16671097934257,B
0.18478534,0,2023-02-22T18:06:23Z,164.94397015039166,46,100.00019836,0.17771276801970448,0.1853801442697365,0.16671097934257,B
0.21544389,0,2023-02-22T18:06:23Z,164.94397015039166,46,100.00019836,0.17771276801970448,0.1853801442697365,0.16671097934257,B
0.25118914,0,2023-02-22T18:06:23Z,164.94397015039166,46,100.00019836,0.17771276801970448,0.1853801442697365,0.16671097934257,B
0.29286504,0,2023-02-22T18:06:23Z,164.94397015039166,46,100.00019836,0.17771276801970448,0.1853801442697365,0.16671097934257,B
0.34145555,0,2023-02-22T18:06:23Z,164.94397015039166,46,100.00019836,0.17771276801970448,0.1853801442697365,0.16671097934257,B
0.39810795,0,2023-02-22T18:06:23Z,164.94397015039166,46,100.00019836,0.17771276801970448,0.1853801442697365,0.16671097934257,B
0.46415979,0,2023-02-22T18:06:23Z,164.94397015039166,46,100.00019836,0.17771276801970448,0.1853801442697365,0.16671097934257,B
0.54117060,0,2023-02-22T18:06:23Z,164.94397015039166,46,100.00019836,0.17771276801970448,0.1853801442697365,0.16671097934257,B
0.63095856,0,2023-02-22T18:06:23Z,164.94397015039166,46,100.00019836,0.17771276801970448,0.1853801442697365,0.16671097934257,B
0.73564368,0,2023-02-22T18:06:23Z,164.94397015039166,46,100.00019836,0.17771276801970448,0.1853801442697365,0.16671097934257,B
0.85769761,0,2023-02-22T18:06:23Z,164.94397015039166,46,100.00019836,0.17771276801970448,0.1853801442697365,0.16671097934257,B
1.00000191,0.693281829357,2023-02-22T18:06:23Z,164.94397015039166,46,100.00019836,0.17771276801970448,0.1853801442697365,0.16671097934257,B
1.16591668,3.33903169632,2023-02-22T18:06:23Z,164.94397015039166,46,100.00019836,0.17771276801970448,0.1853801442697365,0.16671097934257,B
1.35935903,5.35959720612,2023-02-22T18:06:23Z,164.94397015039166,46,100.00019836,0.17771276801970448,0.1853801442697365,0.16671097934257,B
1.58489633,4.69788217545,2023-02-22T18:06:23Z,164.94397015039166,46,100.00019836,0.17771276801970448,0.1853801442697365,0.16671097934257,B
1.84785342,2.58130502701,2023-02-22T18:06:23Z,164.94397015039166,46,100.00019836,0.17771276801970448,0.1853801442697365,0.16671097934257,B
2.15443897,0.906096100807,2023-02-22T18:06:23Z,164.94397015039166,46,100.00019836,0.17771276801970448,0.1853801442697365,0.16671097934257,B
2.51189137,0.181314870715,2023-02-22T18:06:23Z,164.94397015039166,46,100.00019836,0.17771276801970448,0.1853801442697365,0.16671097934257,B
2.92865038,0.0127669116482,2023-02-22T18:06:23Z,164.94397015039166,46,100.00019836,0.17771276801970448,0.1853801442697365,0.16671097934257,B
3.41455555,9.84543248705e-7,2023-02-22T18:06:23Z,164.94397015039166,46,100.00019836,0.17771276801970448,0.1853801442697365,0.16671097934257,B
3.98107958,0,2023-02-22T18:06:23Z,164.94397015039166,46,100.00019836,0.17771276801970448,0.1853801442697365,0.16671097934257,B
4.64159775,0,2023-02-22T18:06:23Z,164.94397015039166,46,100.00019836,0.17771276801970448,0.1853801442697365,0.16671097934257,B
5.41170597,0,2023-02-22T18:06:23Z,164.94397015039166,46,100.00019836,0.17771276801970448,0.1853801442697365,0.16671097934257,B
6.30958605,0.0334926694632,2023-02-22T18:06:23Z,164.94397015039166,46,100.00019836,0.17771276801970448,0.1853801442697365,0.16671097934257,B
7.35643721,0.184045314789,2023-02-22T18:06:23Z,164.94397015039166,46,100.00019836,0.17771276801970448,0.1853801442697365,0.16671097934257,B
8.57697582,0.549199640751,2023-02-22T18:06:23Z,164.94397015039166,46,100.00019836,0.17771276801970448,0.1853801442697365,0.16671097934257,B
10.00002003,1.2464017868,2023-02-22T18:06:23Z,164.94397015039166,46,100.00019836,0.17771276801970448,0.1853801442697365,0.16671097934257,B
11.65916729,2.35314846039,2023-02-22T18:06:23Z,164.94397015039166,46,100.00019836,0.17771276801970448,0.1853801442697365,0.16671097934257,B
13.59359074,3.80702280998,2023-02-22T18:06:23Z,164.94397015039166,46,100.00019836,0.17771276801970448,0.1853801442697365,0.16671097934257,B
15.84896278,5.28767347336,2023-02-22T18:06:23Z,164.94397015039166,46,100.00019836,0.17771276801970448,0.1853801442697365,0.16671097934257,B
18.47853470,6.18546581268,2023-02-22T18:06:23Z,164.94397015039166,46,100.00019836,0.17771276801970448,0.1853801442697365,0.16671097934257,B
21.54438972,5.80311393738,2023-02-22T18:06:23Z,164.94397015039166,46,100.00019836,0.17771276801970448,0.1853801442697365,0.16671097934257,B
25.11891365,3.89614295959,2023-02-22T18:06:23Z,164.94397015039166,46,100.00019836,0.17771276801970448,0.1853801442697365,0.16671097934257,B
29.28650284,1.316177845,2023-02-22T18:06:23Z,164.94397015039166,46,100.00019836,0.17771276801970448,0.1853801442697365,0.16671097934257,B
34.14555740,0,2023-02-22T18:06:23Z,164.94397015039166,46,100.00019836,0.17771276801970448,0.1853801442697365,0.16671097934257,B
39.81079483,0,2023-02-22T18:06:23Z,164.94397015039166,46,100.00019836,0.17771276801970448,0.1853801442697365,0.16671097934257,B
46.41598129,0,2023-02-22T18:06:23Z,164.94397015039166,46,100.00019836,0.17771276801970448,0.1853801442697365,0.16671097934257,B
54.11705780,0,2023-02-22T18:06:23Z,164.94397015039166,46,100.00019836,0.17771276801970448,0.1853801442697365,0.16671097934257,B
63.09585953,0,2023-02-22T18:06:23Z,164.94397015039166,46,100.00019836,0.17771276801970448,0.1853801442697365,0.16671097934257,B
73.56436920,0,2023-02-22T18:06:23Z,164.94397015039166,46,100.00019836,0.17771276801970448,0.1853801442697365,0.16671097934257,B
85.76976013,0,2023-02-22T18:06:23Z,164.94397015039166,46,100.00019836,0.17771276801970448,0.1853801442697365,0.16671097934257,B
100.00019836,51.5668411255,2023-02-22T18:06:23Z,164.94397015039166,46,100.00019836,0.17771276801970448,0.1853801442697365,0.16671097934257,B
116.59166718,0,2023-02-22T18:06:23Z,164.94397015039166,46,100.00019836,0.17771276801970448,0.1853801442697365,0.16671097934257,B
135.93591309,0,2023-02-22T18:06:23Z,164.94397015039166,46,100.00019836,0.17771276801970448,0.1853801442697365,0.16671097934257,B
158.48962402,0,2023-02-22T18:06:23Z,164.94397015039166,46,100.00019836,0.17771276801970448,0.1853801442697365,0.16671097934257,B
184.78533936,0,2023-02-22T18:06:23Z,164.94397015039166,46,100.00019836,0.17771276801970448,0.1853801442697365,0.16671097934257,B
215.44389343,0,2023-02-22T18:06:23Z,164.94397015039166,46,100.00019836,0.17771276801970448,0.1853801442697365,0.16671097934257,B
251.18913269,0,2023-02-22T18:06:23Z,164.94397015039166,46,100.00019836,0.17771276801970448,0.1853801442697365,0.16671097934257,B
292.86502075,0,2023-02-22T18:06:23Z,164.94397015039166,46,100.00019836,0.17771276801970448,0.1853801442697365,0.16671097934257,B
341.45556641,0,2023-02-22T18:06:23Z,164.94397015039166,46,100.00019836,0.17771276801970448,0.1853801442697365,0.16671097934257,B
398.10794067,0,2023-02-22T18:06:23Z,164.94397015039166,46,100.00019836,0.17771276801970448,0.1853801442697365,0.16671097934257,B
464.15979004,0,2023-02-22T18:06:23Z,164.94397015039166,46,100.00019836,0.17771276801970448,0.1853801442697365,0.16671097934257,B
541.17059326,0,2023-02-22T18:06:23Z,164.94397015039166,46,100.00019836,0.17771276801970448,0.1853801442697365,0.16671097934257,B
630.95855713,0,2023-02-22T18:06:23Z,164.94397015039166,46,100.00019836,0.17771276801970448,0.1853801442697365,0.16671097934257,B
735.64367676,0,2023-02-22T18:06:23Z,164.94397015039166,46,100.00019836,0.17771276801970448,0.1853801442697365,0.16671097934257,B
857.69757080,0,2023-02-22T18:06:23Z,164.94397015039166,46,100.00019836,0.17771276801970448,0.1853801442697365,0.16671097934257,B
1000.00195313,0,2023-02-22T18:06:23Z,164.94397015039166,46,100.00019836,0.17771276801970448,0.1853801442697365,0.16671097934257,B
0.10000020,0,2023-02-22T18:06:24Z,233.99885325969444,46,100.00019836,0.13948939321088838,0.14534628031824792,0.1394739452671861,B
0.11659167,0,2023-02-22T18:06:24Z,233.99885325969444,46,100.00019836,0.13948939321088838,0.14534628031824792,0.1394739452671861,B
0.13593590,0,2023-02-22T18:06:24Z,233.99885325969444,46,100.00019836,0.13948939321088838,0.14534628031824792,0.1394739452671861,B
0.15848963,0,2023-02-22T18:06:24Z,233.99885325969444,46,100.00019836,0.13948939321088838,0.14534628031824792,0.1394739452671861,B
0.18478534,0,2023-02-22T18:06:24Z,233.99885325969444,46,100.00019836,0.13948939321088838,0.14534628031824792,0.1394739452671861,B
0.21544389,0,2023-02-22T18:06:24Z,233.99885325969444,46,100.00019836,0.13948939321088838,0.14534628031824792,0.1394739452671861,B
0.25118914,0,2023-02-22T18:06:24Z,233.99885325969444,46,100.00019836,0.13948939321088838,0.14534628031824792,0.1394739452671861,B
0.29286504,0,2023-02-22T18:06:24Z,233.99885325969444,46,100.00019836,0.13948939321088838,0.14534628031824792,0.1394739452671861,B
0.34145555,0,2023-02-22T18:06:24Z,233.99885325969444,46,100.00019836,0.13948939321088838,0.14534628031824792,0.1394739452671861,B
0.39810795,0,2023-02-22T18:06:24Z,233.99885325969444,46,100.00019836,0.13948939321088838,0.14534628031824792,0.1394739452671861,B
0.46415979,0,2023-02-22T18:06:24Z,233.99885325969444,46,100.00019836,0.13948939321088838,0.14534628031824792,0.1394739452671861,B
0.54117060,0,2023-02-22T18:06:24Z,233.99885325969444,46,100.00019836,0.13948939321088838,0.14534628031824792,0.1394739452671861,B
0.63095856,0,2023-02-22T18:06:24Z,233.99885325969444,46,100.00019836,0.13948939321088838,0.14534628031824792,0.1394739452671861,B
0.73564368,0,2023-02-22T18:06:24Z,233.99885325969444,46,100.00019836,0.13948939321088838,0.14534628031824792,0.1394739452671861,B
0.85769761,0,2023-02-22T18:06:24Z,233.99885325969444,46,100.00019836,0.13948939321088838,0.14534628031824792,0.1394739452671861,B
1.00000191,2.1579108278e-8,2023-02-22T18:06:24Z,233.99885325969444,46,100.00019836,0.13948939321088838,0.14534628031824792,0.1394739452671861,B
1.16591668,0.0232495218515,2023-02-22T18:06:24Z,233.99885325969444,46,100.00019836,0.13948939321088838,0.14534628031824792,0.1394739452671861,B
1.35935903,4.49267053604,2023-02-22T18:06:24Z,233.99885325969444,46,100.00019836,0.13948939321088838,0.14534628031824792,0.1394739452671861,B
1.58489633,8.86082267761,2023-02-22T18:06:24Z,233.99885325969444,46,100.00019836,0.13948939321088838,0.14534628031824792,0.1394739452671861,B
1.84785342,0.570651769638,2023-02-22T18:06:24Z,233.99885325969444,46,100.00019836,0.13948939321088838,0.14534628031824792,0.1394739452671861,B
2.15443897,0.00154469709378,2023-02-22T18:06:24Z,233.99885325969444,46,100.00019836,0.13948939321088838,0.14534628031824792,0.1394739452671861,B
2.51189137,9.7276434019e-8,2023-02-22T18:06:24Z,233.99885325969444,46,100.00019836,0.13948939321088838,0.14534628031824792,0.1394739452671861,B
2.92865038,1.31820679792e-14,2023-02-22T18:06:24Z,233.99885325969444,46,100.00019836,0.13948939321088838,0.14534628031824792,0.1394739452671861,B
3.41455555,7.07417119547e-29,2023-02-22T18:06:24Z,233.99885325969444,46,100.00019836,0.13948939321088838,0.14534628031824792,0.1394739452671861,B
3.98107958,0,2023-02-22T18:06:24Z,233.99885325969444,46,100.00019836,0.13948939321088838,0.14534628031824792,0.1394739452671861,B
4.64159775,0,2023-02-22T18:06:24Z,233.99885325969444,46,100.00019836,0.13948939321088838,0.14534628031824792,0.1394739452671861,B
5.41170597,1.13167392556e-4,2023-02-22T18:06:24Z,233.99885325969444,46,100.00019836,0.13948939321088838,0.14534628031824792,0.1394739452671861,B
6.30958605,0.0179944336414,2023-02-22T18:06:24Z,233.99885325969444,46,100.00019836,0.13948939321088838,0.14534628031824792,0.1394739452671861,B
7.35643721,0.121046952903,2023-02-22T18:06:24Z,233.99885325969444,46,100.00019836,0.13948939321088838,0.14534628031824792,0.1394739452671861,B
8.57697582,0.446534156799,2023-02-22T18:06:24Z,233.99885325969444,46,100.00019836,0.13948939321088838,0.14534628031824792,0.1394739452671861,B
10.00002003,1.19694960117,2023-02-22T18:06:24Z,233.99885325969444,46,100.00019836,0.13948939321088838,0.14534628031824792,0.1394739452671861,B
11.65916729,2.54988884926,2023-02-22T18:06:24Z,233.99885325969444,46,100.00019836,0.13948939321088838,0.14534628031824792,0.1394739452671861,B
13.59359074,4.43954753876,2023-02-22T18:06:24Z,233.99885325969444,46,100.00019836,0.13948939321088838,0.14534628031824792,0.1394739452671861,B
15.84896278,6.2860212326,2023-02-22T18:06:24Z,233.99885325969444,46,100.00019836,0.13948939321088838,0.14534628031824792,0.1394739452671861,B
18.47853470,6.98512172699,2023-02-22T18:06:24Z,233.99885325969444,46,100.00019836,0.13948939321088838,0.14534628031824792,0.1394739452671861,B
21.54438972,5.56326436996,2023-02-22T18:06:24Z,233.99885325969444,46,100.00019836,0.13948939321088838,0.14534628031824792,0.1394739452671861,B
25.11891365,2.46696186066,2023-02-22T18:06:24Z,233.99885325969444,46,100.00019836,0.13948939321088838,0.14534628031824792,0.1394739452671861,B
29.28650284,0.127904489636,2023-02-22T18:06:24Z,233.99885325969444,46,100.00019836,0.13948939321088838,0.14534628031824792,0.1394739452671861,B
34.14555740,0,2023-02-22T18:06:24Z,233.99885325969444,46,100.00019836,0.13948939321088838,0.14534628031824792,0.1394739452671861,B
39.81079483,0,2023-02-22T18:06:24Z,233.99885325969444,46,100.00019836,0.13948939321088838,0.14534628031824792,0.1394739452671861,B
46.41598129,0,2023-02-22T18:06:24Z,233.99885325969444,46,100.00019836,0.13948939321088838,0.14534628031824792,0.1394739452671861,B
54.11705780,0,2023-02-22T18:06:24Z,233.99885325969444,46,100.00019836,0.13948939321088838,0.14534628031824792,0.1394739452671861,B
63.09585953,0,2023-02-22T18:06:24Z,233.99885325969444,46,100.00019836,0.13948939321088838,0.14534628031824792,0.1394739452671861,B
73.56436920,0,2023-02-22T18:06:24Z,233.99885325969444,46,100.00019836,0.13948939321088838,0.14534628031824792,0.1394739452671861,B
85.76976013,0,2023-02-22T18:06:24Z,233.99885325969444,46,100.00019836,0.13948939321088838,0.14534628031824792,0.1394739452671861,B
100.00019836,55.8497123718,2023-02-22T18:06:24Z,233.99885325969444,46,100.00019836,0.13948939321088838,0.14534628031824792,0.1394739452671861,B
116.59166718,0,2023-02-22T18:06:24Z,233.99885325969444,46,100.00019836,0.13948939321088838,0.14534628031824792,0.1394739452671861,B
135.93591309,0,2023-02-22T18:06:24Z,233.99885325969444,46,100.00019836,0.13948939321088838,0.14534628031824792,0.1394739452671861,B
158.48962402,0,2023-02-22T18:06:24Z,233.99885325969444,46,100.00019836,0.13948939321088838,0.14534628031824792,0.1394739452671861,B
184.78533936,0,2023-02-22T18:06:24Z,233.99885325969444,46,100.00019836,0.13948939321088838,0.14534628031824792,0.1394739452671861,B
215.44389343,0,2023-02-22T18:06:24Z,233.99885325969444,46,100.00019836,0.13948939321088838,0.14534628031824792,0.1394739452671861,B
251.18913269,0,2023-02-22T18:06:24Z,233.99885325969444,46,100.00019836,0.13948939321088838,0.14534628031824792,0.1394739452671861,B
292.86502075,0,2023-02-22T18:06:24Z,233.99885325969444,46,100.00019836,0.13948939321088838,0.14534628031824792,0.1394739452671861,B
341.45556641,0,2023-02-22T18:06:24Z,233.99885325969444,46,100.00019836,0.13948939321088838,0.14534628031824792,0.1394739452671861,B
398.10794067,0,2023-02-22T18:06:24Z,233.99885325969444,46,100.00019836,0.13948939321088838,0.14534628031824792,0.1394739452671861,B
464.15979004,0,2023-02-22T18:06:24Z,233.99885325969444,46,100.00019836,0.13948939321088838,0.14534628031824792,0.1394739452671861,B
541.17059326,0,2023-02-22T18:06:24Z,233.99885325969444,46,100.00019836,0.13948939321088838,0.14534628031824792,0.1394739452671861,B
630.95855713,0,2023-02-22T18:06:24Z,233.99885325969444,46,100.00019836,0.13948939321088838,0.14534628031824792,0.1394739452671861,B
735.64367676,0,2023-02-22T18:06:24Z,233.99885325969444,46,100.00019836,0.13948939321088838,0.14534628031824792,0.1394739452671861,B
857.69757080,0,2023-02-22T18:06:24Z,233.99885325969444,46,100.00019836,0.13948939321088838,0.14534628031824792,0.1394739452671861,B
1000.00195313,0,2023-02-22T18:06:24Z,233.99885325969444,46,100.00019836,0.13948939321088838,0.14534628031824792,0.1394739452671861,B
0.10000020,0,2023-02-22T18:06:25Z,176.53077337479723,37,25.11891365,0.1309749338777,0.19905830122548,0.0942195165158,B
0.11659167,0,2023-02-22T18:06:25Z,176.53077337479723,37,25.11891365,0.1309749338777,0.19905830122548,0.0942195165158,B
0.13593590,0,2023-02-22T18:06:25Z,176.53077337479723,37,25.11891365,0.1309749338777,0.19905830122548,0.0942195165158,B
0.15848963,0,2023-02-22T18:06:25Z,176.53077337479723,37,25.11891365,0.1309749338777,0.19905830122548,0.0942195165158,B
0.18478534,0,2023-02-22T18:06:25Z,176.53077337479723,37,25.11891365,0.1309749338777,0.19905830122548,0.0942195165158,B
0.21544389,0,2023-02-22T18:06:25Z,176.53077337479723,37,25.11891365,0.1309749338777,0.19905830122548,0.0942195165158,B
0.25118914,0,2023-02-22T18:06:25Z,176.53077337479723,37,25.11891365,0.1309749338777,0.19905830122548,0.0942195165158,B
0.29286504,0,2023-02-22T18:06:25Z,176.53077337479723,37,25.11891365,0.1309749338777,0.19905830122548,0.0942195165158,B
0.34145555,0,2023-02-22T18:06:25Z,176.53077337479723,37,25.11891365,0.1309749338777,0.19905830122548,0.0942195165158,B
0.39810795,0,2023-02-22T18:06:25Z,176.53077337479723,37,25.11891365,0.1309749338777,0.19905830122548,0.0942195165158,B
0.46415979,0,2023-02-22T18:06:25Z,176.53077337479723,37,25.11891365,0.1309749338777,0.19905830122548,0.0942195165158,B
0.54117060,0,2023-02-22T18:06:25Z,176.53077337479723,37,25.11891365,0.1309749338777,0.19905830122548,0.0942195165158,B
0.63095856,0,2023-02-22T18:06:25Z,176.53077337479723,37,25.11891365,0.1309749338777,0.19905830122548,0.0942195165158,B
0.73564368,0,2023-02-22T18:06:25Z,176.53077337479723,37,25.11891365,0.1309749338777,0.19905830122548,0.0942195165158,B
0.85769761,0,2023-02-22T18:06:25Z,176.53077337479723,37,25.11891365,0.1309749338777,0.19905830122548,0.0942195165158,B
1.00000191,1.04361605644,2023-02-22T18:06:25Z,176.53077337479723,37,25.11891365,0.1309749338777,0.19905830122548,0.0942195165158,B
1.16591668,1.84022676945,2023-02-22T18:06:25Z,176.53077337479723,37,25.11891365,0.1309749338777,0.19905830122548,0.0942195165158,B
1.35935903,2.258061409,2023-02-22T18:06:25Z,176.53077337479723,37,25.11891365,0.1309749338777,0.19905830122548,0.0942195165158,B
1.58489633,2.28308057785,2023-02-22T18:06:25Z,176.53077337479723,37,25.11891365,0.1309749338777,0.19905830122548,0.0942195165158,B
1.84785342,1.99696683884,2023-02-22T18:06:25Z,176.53077337479723,37,25.11891365,0.1309749338777,0.19905830122548,0.0942195165158,B
2.15443897,1.52986586094,2023-02-22T18:06:25Z,176.53077337479723,37,25.11891365,0.1309749338777,0.19905830122548,0.0942195165158,B
2.51189137,1.00952458382,2023-02-22T18:06:25Z,176.53077337479723,37,25.11891365,0.1309749338777,0.19905830122548,0.0942195165158,B
2.92865038,0.541626095772,2023-02-22T18:06:25Z,176.53077337479723,37,25.11891365,0.1309749338777,0.19905830122548,0.0942195165158,B
3.41455555,0.220532476902,2023-02-22T18:06:25Z,176.53077337479723,37,25.11891365,0.1309749338777,0.19905830122548,0.0942195165158,B
3.98107958,0.118377096951,2023-02-22T18:06:25Z,176.53077337479723,37,25.11891365,0.1309749338777,0.19905830122548,0.0942195165158,B
4.64159775,0.255615621805,2023-02-22T18:06:25Z,176.53077337479723,37,25.11891365,0.1309749338777,0.19905830122548,0.0942195165158,B
5.41170597,0.629802584648,2023-02-22T18:06:25Z,176.53077337479723,37,25.11891365,0.1309749338777,0.19905830122548,0.0942195165158,B
6.30958605,1.23081934452,2023-02-22T18:06:25Z,176.53077337479723,37,25.11891365,0.1309749338777,0.19905830122548,0.0942195165158,B
7.35643721,2.01820135117,2023-02-22T18:06:25Z,176.53077337479723,37,25.11891365,0.1309749338777,0.19905830122548,0.0942195165158,B
8.57697582,2.92951345444,2023-02-22T18:06:25Z,176.53077337479723,37,25.11891365,0.1309749338777,0.19905830122548,0.0942195165158,B
10.00002003,3.87572336197,2023-02-22T18:06:25Z,176.53077337479723,37,25.11891365,0.1309749338777,0.19905830122548,0.0942195165158,B
11.65916729,4.73762559891,2023-02-22T18:06:25Z,176.53077337479723,37,25.11891365,0.1309749338777,0.19905830122548,0.0942195165158,B
13.59359074,5.36679267883,2023-02-22T18:06:25Z,176.53077337479723,37,25.11891365,0.1309749338777,0.19905830122548,0.0942195165158,B
15.84896278,5.60131216049,2023-02-22T18:06:25Z,176.53077337479723,37,25.11891365,0.1309749338777,0.19905830122548,0.0942195165158,B
18.47853470,5.30491304398,2023-02-22T18:06:25Z,176.53077337479723,37,25.11891365,0.1309749338777,0.19905830122548,0.0942195165158,B
21.54438972,4.42367076874,2023-02-22T18:06:25Z,176.53077337479723,37,25.11891365,0.1309749338777,0.19905830122548,0.0942195165158,B
25.11891365,3.06046271324,2023-02-22T18:06:25Z,176.53077337479723,37,25.11891365,0.1309749338777,0.19905830122548,0.0942195165158,B
29.28650284,1.53638267517,2023-02-22T18:06:25Z,176.53077337479723,37,25.11891365,0.1309749338777,0.19905830122548,0.0942195165158,B
34.14555740,0.387451499701,2023-02-22T18:06:25Z,176.53077337479723,37,25.11891365,0.1309749338777,0.19905830122548,0.0942195165158,B
39.81079483,0.248489037156,2023-02-22T18:06:25Z,176.53077337479723,37,25.11891365,0.1309749338777,0.19905830122548,0.0942195165158,B
46.41598129,1.6149636507,2023-02-22T18:06:25Z,176.53077337479723,37,25.11891365,0.1309749338777,0.19905830122548,0.0942195165158,B
54.11705780,4.52642011642,2023-02-22T18:06:25Z,176.53077337479723,37,25.11891365,0.1309749338777,0.19905830122548,0.0942195165158,B
63.09585953,8.28596496582,2023-02-22T18:06:25Z,176.53077337479723,37,25.11891365,0.1309749338777,0.19905830122548,0.0942195165158,B
73.56436920,11.3772888184,2023-02-22T18:06:25Z,176.53077337479723,37,25.11891365,0.1309749338777,0.19905830122548,0.0942195165158,B
85.76976013,11.8031253815,2023-02-22T18:06:25Z,176.53077337479723,37,25.11891365,0.1309749338777,0.19905830122548,0.0942195165158,B
100.00019836,7.94358253479,2023-02-22T18:06:25Z,176.53077337479723,37,25.11891365,0.1309749338777,0.19905830122548,0.0942195165158,B
116.59166718,0,2023-02-22T18:06:25Z,176.53077337479723,37,25.11891365,0.1309749338777,0.19905830122548,0.0942195165158,B
135.93591309,0,2023-02-22T18:06:25Z,176.53077337479723,37,25.11891365,0.1309749338777,0.19905830122548,0.0942195165158,B
158.48962402,0,2023-02-22T18:06:25Z,176.53077337479723,37,25.11891365,0.1309749338777,0.19905830122548,0.0942195165158,B
184.78533936,0,2023-02-22T18:06:25Z,176.53077337479723,37,25.11891365,0.1309749338777,0.19905830122548,0.0942195165158,B
215.44389343,0,2023-02-22T18:06:25Z,176.53077337479723,37,25.11891365,0.1309749338777,0.19905830122548,0.0942195165158,B
251.18913269,0,2023-02-22T18:06:25Z,176.53077337479723,37,25.11891365,0.1309749338777,0.19905830122548,0.0942195165158,B
292.86502075,0,2023-02-22T18:06:25Z,176.53077337479723,37,25.11891365,0.1309749338777,0.19905830122548,0.0942195165158,B
341.45556641,0,2023-02-22T18:06:25Z,176.53077337479723,37,25.11891365,0.1309749338777,0.19905830122548,0.0942195165158,B
398.10794067,0,2023-02-22T18:06:25Z,176.53077337479723,37,25.11891365,0.1309749338777,0.19905830122548,0.0942195165158,B
464.15979004,0,2023-02-22T18:06:25Z,176.53077337479723,37,25.11891365,0.1309749338777,0.19905830122548,0.0942195165158,B
541.17059326,0,2023-02-22T18:06:25Z,176.53077337479723,37,25.11891365,0.1309749338777,0.19905830122548,0.0942195165158,B
630.95855713,0,2023-02-22T18:06:25Z,176.53077337479723,37,25.11891365,0.1309749338777,0.19905830122548,0.0942195165158,B
735.64367676,0,2023-02-22T18:06:25Z,176.53077337479723,37,25.11891365,0.1309749338777,0.19905830122548,0.0942195165158,B
857.69757080,0,2023-02-22T18:06:25Z,176.53077337479723,37,25.11891365,0.1309749338777,0.19905830122548,0.0942195165158,B
1000.00195313,0,2023-02-22T18:06:25Z,176.53077337479723,37,25.11891365,0.1309749338777,0.19905830122548,0.0942195165158,B
0.10000020,0,2023-02-22T18:06:26Z,212.1088797252222,37,25.11891365,0.16412844725866144,0.18264365770838842,0.157579728365021,B
0.11659167,0,2023-02-22T18:06:26Z,212.1088797252222,37,25.11891365,0.16412844725866144,0.18264365770838842,0.157579728365021,B
0.13593590,0,2023-02-22T18:06:26Z,212.1088797252222,37,25.11891365,0.16412844725866144,0.18264365770838842,0.157579728365021,B
0.15848963,0,2023-02-22T18:06:26Z,212.1088797252222,37,25.11891365,0.16412844725866144,0.18264365770838842,0.157579728365021,B
0.18478534,0,2023-02-22T18:06:26Z,212.1088797252222,37,25.11891365,0.16412844725866144,0.18264365770838842,0.157579728365021,B
0.21544389,0,2023-02-22T18:06:26Z,212.1088797252222,37,25.11891365,0.16412844725866144,0.18264365770838842,0.157579728365021,B
0.25118914,0,2023-02-22T18:06:26Z,212.1088797252222,37,25.11891365,0.16412844725866144,0.18264365770838842,0.157579728365021,B
0.29286504,0,2023-02-22T18:06:26Z,212.1088797252222,37,25.11891365,0.16412844725866144,0.18264365770838842,0.157579728365021,B
0.34145555,0,2023-02-22T18:06:26Z,212.1088797252222,37,25.11891365,0.16412844725866144,0.18264365770838842,0.157579728365021,B
0.39810795,0,2023-02-22T18:06:26Z,212.1088797252222,37,25.11891365,0.16412844725866144,0.18264365770838842,0.157579728365021,B
0.46415979,0,2023-02-22T18:06:26Z,212.1088797252222,37,25.11891365,0.16412844725866144,0.18264365770838842,0.157579728365021,B
0.54117060,0,2023-02-22T18:06:26Z,212.1088797252222,37,25.11891365,0.16412844725866144,0.18264365770838842,0.157579728365021,B
0.63095856,0,2023-02-22T18:06:26Z,212.1088797252222,37,25.11891365,0.16412844725866144,0.18264365770838842,0.157579728365021,B
0.73564368,0,2023-02-22T18:06:26Z,212.1088797252222,37,25.11891365,0.16412844725866144,0.18264365770838842,0.157579728365021,B
0.85769761,0,2023-02-22T18:06:26Z,212.1088797252222,37,25.11891365,0.16412844725866144,0.18264365770838842,0.157579728365021,B
1.00000191,0.0393490791321,2023-02-22T18:06:26Z,212.1088797252222,37,25.11891365,0.16412844725866144,0.18264365770838842,0.157579728365021,B
1.16591668,1.34322535992,2023-02-22T18:06:26Z,212.1088797252222,37,25.11891365,0.16412844725866144,0.18264365770838842,0.157579728365021,B
1.35935903,5.22592306137,2023-02-22T18:06:26Z,212.1088797252222,37,25.11891365,0.16412844725866144,0.18264365770838842,0.157579728365021,B
1.58489633,6.18936824799,2023-02-22T18:06:26Z,212.1088797252222,37,25.11891365,0.16412844725866144,0.18264365770838842,0.157579728365021,B
1.84785342,2.96010708809,2023-02-22T18:06:26Z,212.1088797252222,37,25.11891365,0.16412844725866144,0.18264365770838842,0.157579728365021,B
2.15443897,0.607792496681,2023-02-22T18:06:26Z,212.1088797252222,37,25.11891365,0.16412844725866144,0.18264365770838842,0.157579728365021,B
2.51189137,0.0461784638464,2023-02-22T18:06:26Z,212.1088797252222,37,25.11891365,0.16412844725866144,0.18264365770838842,0.157579728365021,B
2.92865038,7.2859285865e-4,2023-02-22T18:06:26Z,212.1088797252222,37,25.11891365,0.16412844725866144,0.18264365770838842,0.157579728365021,B
3.41455555,2.69839517841e-7,2023-02-22T18:06:26Z,212.1088797252222,37,25.11891365,0.16412844725866144,0.18264365770838842,0.157579728365021,B
3.98107958,0,2023-02-22T18:06:26Z,212.1088797252222,37,25.11891365,0.16412844725866144,0.18264365770838842,0.157579728365021,B
4.64159775,1.72066138475e-4,2023-02-22T18:06:26Z,212.1088797252222,37,25.11891365,0.16412844725866144,0.18264365770838842,0.157579728365021,B
5.41170597,0.0315493047237,2023-02-22T18:06:26Z,212.1088797252222,37,25.11891365,0.16412844725866144,0.18264365770838842,0.157579728365021,B
6.30958605,0.167906701565,2023-02-22T18:06:26Z,212.1088797252222,37,25.11891365,0.16412844725866144,0.18264365770838842,0.157579728365021,B
7.35643721,0.505219459534,2023-02-22T18:06:26Z,212.1088797252222,37,25.11891365,0.16412844725866144,0.18264365770838842,0.157579728365021,B
8.57697582,1.14684557915,2023-02-22T18:06:26Z,212.1088797252222,37,25.11891365,0.16412844725866144,0.18264365770838842,0.157579728365021,B
10.00002003,2.16599202156,2023-02-22T18:06:26Z,212.1088797252222,37,25.11891365,0.16412844725866144,0.18264365770838842,0.157579728365021,B
11.65916729,3.53982830048,2023-02-22T18:06:26Z,212.1088797252222,37,25.11891365,0.16412844725866144,0.18264365770838842,0.157579728365021,B
13.59359074,5.06624746323,2023-02-22T18:06:26Z,212.1088797252222,37,25.11891365,0.16412844725866144,0.18264365770838842,0.157579728365021,B
15.84896278,6.30773544312,2023-02-22T18:06:26Z,212.1088797252222,37,25.11891365,0.16412844725866144,0.18264365770838842,0.157579728365021,B
18.47853470,6.66361761093,2023-02-22T18:06:26Z,212.1088797252222,37,25.11891365,0.16412844725866144,0.18264365770838842,0.157579728365021,B
21.54438972,5.65482282639,2023-02-22T18:06:26Z,212.1088797252222,37,25.11891365,0.16412844725866144,0.18264365770838842,0.157579728365021,B
25.11891365,3.41100811958,2023-02-22T18:06:26Z,212.1088797252222,37,25.11891365,0.16412844725866144,0.18264365770838842,0.157579728365021,B
29.28650284,1.01141989231,2023-02-22T18:06:26Z,212.1088797252222,37,25.11891365,0.16412844725866144,0.18264365770838842,0.157579728365021,B
34.14555740,0,2023-02-22T18:06:26Z,212.1088797252222,37,25.11891365,0.16412844725866144,0.18264365770838842,0.157579728365021,B
39.81079483,0,2023-02-22T18:06:26Z,212.1088797252222,37,25.11891365,0.16412844725866144,0.18264365770838842,0.157579728365021,B
46.41598129,0,2023-02-22T18:06:26Z,212.1088797252222,37,25.11891365,0.16412844725866144,0.18264365770838842,0.157579728365021,B
54.11705780,0,2023-02-22T18:06:26Z,212.1088797252222,37,25.11891365,0.16412844725866144,0.18264365770838842,0.157579728365021,B
63.09585953,0,2023-02-22T18:06:26Z,212.1088797252222,37,25.11891365,0.16412844725866144,0.18264365770838842,0.157579728365021,B
73.56436920,0,2023-02-22T18:06:26Z,212.1088797252222,37,25.11891365,0.16412844725866144,0.18264365770838842,0.157579728365021,B
85.76976013,0,2023-02-22T18:06:26Z,212.1088797252222,37,25.11891365,0.16412844725866144,0.18264365770838842,0.157579728365021,B
100.00019836,47.9149742126,2023-02-22T18:06:26Z,212.1088797252222,37,25.11891365,0.16412844725866144,0.18264365770838842,0.157579728365021,B
116.59166718,0,2023-02-22T18:06:26Z,212.1088797252222,37,25.11891365,0.16412844725866144,0.18264365770838842,0.157579728365021,B
135.93591309,0,2023-02-22T18:06:26Z,212.1088797252222,37,25.11891365,0.16412844725866144,0.18264365770838842,0.157579728365021,B
158.48962402,0,2023-02-22T18:06:26Z,212.1088797252222,37,25.11891365,0.16412844725866144,0.18264365770838842,0.157579728365021,B
184.78533936,0,2023-02-22T18:06:26Z,212.1088797252222,37,25.11891365,0.16412844725866144,0.18264365770838842,0.157579728365021,B
215.44389343,0,2023-02-22T18:06:26Z,212.1088797252222,37,25.11891365,0.16412844725866144,0.18264365770838842,0.157579728365021,B
251.18913269,0,2023-02-22T18:06:26Z,212.1088797252222,37,25.11891365,0.16412844725866144,0.18264365770838842,0.157579728365021,B
292.86502075,0,2023-02-22T18:06:26Z,212.1088797252222,37,25.11891365,0.16412844725866144,0.18264365770838842,0.157579728365021,B
341.45556641,0,2023-02-22T18:06:26Z,212.1088797252222,37,25.11891365,0.16412844725866144,0.18264365770838842,0.157579728365021,B
398.10794067,0,2023-02-22T18:06:26Z,212.1088797252222,37,25.11891365,0.16412844725866144,0.18264365770838842,0.157579728365021,B
464.15979004,0,2023-02-22T18:06:26Z,212.1088797252222,37,25.11891365,0.16412844725866144,0.18264365770838842,0.157579728365021,B
541.17059326,0,2023-02-22T18:06:26Z,212.1088797252222,37,25.11891365,0.16412844725866144,0.18264365770838842,0.157579728365021,B
630.95855713,0,2023-02-22T18:06:26Z,212.1088797252222,37,25.11891365,0.16412844725866144,0.18264365770838842,0.157579728365021,B
735.64367676,0,2023-02-22T18:06:26Z,212.1088797252222,37,25.11891365,0.16412844725866144,0.18264365770838842,0.157579728365021,B
857.69757080,0,2023-02-22T18:06:26Z,212.1088797252222,37,25.11891365,0.16412844725866144,0.18264365770838842,0.157579728365021,B
1000.00195313,0,2023-02-22T18:06:26Z,212.1088797252222,37,25.11891365,0.16412844725866144,0.18264365770838842,0.157579728365021,B
0.10000020,0,2023-02-22T18:06:27Z,191.6964382595,36,21.54438972,0.17608965869997398,0.248025784455294,0.13094426393519998,B
0.11659167,0,2023-02-22T18:06:27Z,191.6964382595,36,21.54438972,0.17608965869997398,0.248025784455294,0.13094426393519998,B
0.13593590,0,2023-02-22T18:06:27Z,191.6964382595,36,21.54438972,0.17608965869997398,0.248025784455294,0.13094426393519998,B
0.15848963,0,2023-02-22T18:06:27Z,191.6964382595,36,21.54438972,0.17608965869997398,0.248025784455294,0.13094426393519998,B
0.18478534,0,2023-02-22T18:06:27Z,191.6964382595,36,21.54438972,0.17608965869997398,0.248025784455294,0.13094426393519998,B
0.21544389,0,2023-02-22T18:06:27Z,191.6964382595,36,21.54438972,0.17608965869997398,0.248025784455294,0.13094426393519998,B
0.25118914,0,2023-02-22T18:06:27Z,191.6964382595,36,21.54438972,0.17608965869997398,0.248025784455294,0.13094426393519998,B
0.29286504,0,2023-02-22T18:06:27Z,191.6964382595,36,21.54438972,0.17608965869997398,0.248025784455294,0.13094426393519998,B
0.34145555,0,2023-02-22T18:06:27Z,191.6964382595,36,21.54438972,0.17608965869997398,0.248025784455294,0.13094426393519998,B
0.39810795,0,2023-02-22T18:06:27Z,191.6964382595,36,21.54438972,0.17608965869997398,0.248025784455294,0.13094426393519998,B
0.46415979,0,2023-02-22T18:06:27Z,191.6964382595,36,21.54438972,0.17608965869997398,0.248025784455294,0.13094426393519998,B
0.54117060,0,2023-02-22T18:06:27Z,191.6964382595,36,21.54438972,0.17608965869997398,0.248025784455294,0.13094426393519998,B
0.63095856,0,2023-02-22T18:06:27Z,191.6964382595,36,21.54438972,0.17608965869997398,0.248025784455294,0.13094426393519998,B
0.73564368,0,2023-02-22T18:06:27Z,191.6964382595,36,21.54438972,0.17608965869997398,0.248025784455294,0.13094426393519998,B
0.85769761,0,2023-02-22T18:06:27Z,191.6964382595,36,21.54438972,0.17608965869997398,0.248025784455294,0.13094426393519998,B
1.00000191,1.46062111855,2023-02-22T18:06:27Z,191.6964382595,36,21.54438972,0.17608965869997398,0.248025784455294,0.13094426393519998,B
1.16591668,2.57081866264,2023-02-22T18:06:27Z,191.6964382595,36,21.54438972,0.17608965869997398,0.248025784455294,0.13094426393519998,B
1.35935903,3.14520120621,2023-02-22T18:06:27Z,191.6964382595,36,21.54438972,0.17608965869997398,0.248025784455294,0.13094426393519998,B
1.58489633,3.16622447968,2023-02-22T18:06:27Z,191.6964382595,36,21.54438972,0.17608965869997398,0.248025784455294,0.13094426393519998,B
1.84785342,2.75156092644,2023-02-22T18:06:27Z,191.6964382595,36,21.54438972,0.17608965869997398,0.248025784455294,0.13094426393519998,B
2.15443897,2.08545708656,2023-02-22T18:06:27Z,191.6964382595,36,21.54438972,0.17608965869997398,0.248025784455294,0.13094426393519998,B
2.51189137,1.34583008289,2023-02-22T18:06:27Z,191.6964382595,36,21.54438972,0.17608965869997398,0.248025784455294,0.13094426393519998,B
2.92865038,0.677380979061,2023-02-22T18:06:27Z,191.6964382595,36,21.54438972,0.17608965869997398,0.248025784455294,0.13094426393519998,B
3.41455555,0.207950010896,2023-02-22T18:06:27Z,191.6964382595,36,21.54438972,0.17608965869997398,0.248025784455294,0.13094426393519998,B
3.98107958,0.0317930690944,2023-02-22T18:06:27Z,191.6964382595,36,21.54438972,0.17608965869997398,0.248025784455294,0.13094426393519998,B
4.64159775,0.166128247976,2023-02-22T18:06:27Z,191.6964382595,36,21.54438972,0.17608965869997398,0.248025784455294,0.13094426393519998,B
5.41170597,0.593281507492,2023-02-22T18:06:27Z,191.6964382595,36,21.54438972,0.17608965869997398,0.248025784455294,0.13094426393519998,B
6.30958605,1.28440856934,2023-02-22T18:06:27Z,191.6964382595,36,21.54438972,0.17608965869997398,0.248025784455294,0.13094426393519998,B
7.35643721,2.16793036461,2023-02-22T18:06:27Z,191.6964382595,36,21.54438972,0.17608965869997398,0.248025784455294,0.13094426393519998,B
8.57697582,3.14799213409,2023-02-22T18:06:27Z,191.6964382595,36,21.54438972,0.17608965869997398,0.248025784455294,0.13094426393519998,B
10.00002003,4.10445833206,2023-02-22T18:06:27Z,191.6964382595,36,21.54438972,0.17608965869997398,0.248025784455294,0.13094426393519998,B
11.65916729,4.89560174942,2023-02-22T18:06:27Z,191.6964382595,36,21.54438972,0.17608965869997398,0.248025784455294,0.13094426393519998,B
13.59359074,5.36558055878,2023-02-22T18:06:27Z,191.6964382595,36,21.54438972,0.17608965869997398,0.248025784455294,0.13094426393519998,B
15.84896278,5.36575222015,2023-02-22T18:06:27Z,191.6964382595,36,21.54438972,0.17608965869997398,0.248025784455294,0.13094426393519998,B
18.47853470,4.79551124573,2023-02-22T18:06:27Z,191.6964382595,36,21.54438972,0.17608965869997398,0.248025784455294,0.13094426393519998,B
21.54438972,3.653829813,2023-02-22T18:06:27Z,191.6964382595,36,21.54438972,0.17608965869997398,0.248025784455294,0.13094426393519998,B
25.11891365,2.10181427002,2023-02-22T18:06:27Z,191.6964382595,36,21.54438972,0.17608965869997398,0.248025784455294,0.13094426393519998,B
29.28650284,0.506771326065,2023-02-22T18:06:27Z,191.6964382595,36,21.54438972,0.17608965869997398,0.248025784455294,0.13094426393519998,B
34.14555740,0,2023-02-22T18:06:27Z,191.6964382595,36,21.54438972,0.17608965869997398,0.248025784455294,0.13094426393519998,B
39.81079483,0,2023-02-22T18:06:27Z,191.6964382595,36,21.54438972,0.17608965869997398,0.248025784455294,0.13094426393519998,B
46.41598129,0,2023-02-22T18:06:27Z,191.6964382595,36,21.54438972,0.17608965869997398,0.248025784455294,0.13094426393519998,B
54.11705780,0,2023-02-22T18:06:27Z,191.6964382595,36,21.54438972,0.17608965869997398,0.248025784455294,0.13094426393519998,B
63.09585953,0,2023-02-22T18:06:27Z,191.6964382595,36,21.54438972,0.17608965869997398,0.248025784455294,0.13094426393519998,B
73.56436920,0,2023-02-22T18:06:27Z,191.6964382595,36,21.54438972,0.17608965869997398,0.248025784455294,0.13094426393519998,B
85.76976013,0,2023-02-22T18:06:27Z,191.6964382595,36,21.54438972,0.17608965869997398,0.248025784455294,0.13094426393519998,B
100.00019836,44.4081001282,2023-02-22T18:06:27Z,191.6964382595,36,21.54438972,0.17608965869997398,0.248025784455294,0.13094426393519998,B
116.59166718,0,2023-02-22T18:06:27Z,191.6964382595,36,21.54438972,0.17608965869997398,0.248025784455294,0.13094426393519998,B
135.93591309,0,2023-02-22T18:06:27Z,191.6964382595,36,21.54438972,0.17608965869997398,0.248025784455294,0.13094426393519998,B
158.48962402,0,2023-02-22T18:06:27Z,191.6964382595,36,21.54438972,0.17608965869997398,0.248025784455294,0.13094426393519998,B
184.78533936,0,2023-02-22T18:06:27Z,191.6964382595,36,21.54438972,0.17608965869997398,0.248025784455294,0.13094426393519998,B
215.44389343,0,2023-02-22T18:06:27Z,191.6964382595,36,21.54438972,0.17608965869997398,0.248025784455294,0.13094426393519998,B
251.18913269,0,2023-02-22T18:06:27Z,191.6964382595,36,21.54438972,0.17608965869997398,0.248025784455294,0.13094426393519998,B
292.86502075,0,2023-02-22T18:06:27Z,191.6964382595,36,21.54438972,0.17608965869997398,0.248025784455294,0.13094426393519998,B
341.45556641,0,2023-02-22T18:06:27Z,191.6964382595,36,21.54438972,0.17608965869997398,0.248025784455294,0.13094426393519998,B
398.10794067,0,2023-02-22T18:06:27Z,191.6964382595,36,21.54438972,0.17608965869997398,0.248025784455294,0.13094426393519998,B
464.15979004,0,2023-02-22T18:06:27Z,191.6964382595,36,21.54438972,0.17608965869997398,0.248025784455294,0.13094426393519998,B
541.17059326,0,2023-02-22T18:06:27Z,191.6964382595,36,21.54438972,0.17608965869997398,0.248025784455294,0.13094426393519998,B
630.95855713,0,2023-02-22T18:06:27Z,191.6964382595,36,21.54438972,0.17608965869997398,0.248025784455294,0.13094426393519998,B
735.64367676,0,2023-02-22T18:06:27Z,191.6964382595,36,21.54438972,0.17608965869997398,0.248025784455294,0.13094426393519998,B
857.69757080,0,2023-02-22T18:06:27Z,191.6964382595,36,21.54438972,0.17608965869997398,0.248025784455294,0.13094426393519998,B
1000.00195313,0,2023-02-22T18:06:27Z,191.6964382595,36,21.54438972,0.17608965869997398,0.248025784455294,0.13094426393519998,B
0.10000020,0,2023-02-22T18:06:28Z,186.49735916983335,35,18.4785347,0.18012444492431498,0.258828281723005,0.1342030787469,B
0.11659167,0,2023-02-22T18:06:28Z,186.49735916983335,35,18.4785347,0.18012444492431498,0.258828281723005,0.1342030787469,B
0.13593590,0,2023-02-22T18:06:28Z,186.49735916983335,35,18.4785347,0.18012444492431498,0.258828281723005,0.1342030787469,B
0.15848963,0,2023-02-22T18:06:28Z,186.49735916983335,35,18.4785347,0.18012444492431498,0.258828281723005,0.1342030787469,B
0.18478534,0,2023-02-22T18:06:28Z,186.49735916983335,35,18.4785347,0.18012444492431498,0.258828281723005,0.1342030787469,B
0.21544389,0,2023-02-22T18:06:28Z,186.49735916983335,35,18.4785347,0.18012444492431498,0.258828281723005,0.1342030787469,B
0.25118914,0,2023-02-22T18:06:28Z,186.49735916983335,35,18.4785347,0.18012444492431498,0.258828281723005,0.1342030787469,B
0.29286504,0,2023-02-22T18:06:28Z,186.49735916983335,35,18.4785347,0.18012444492431498,0.258828281723005,0.1342030787469,B
0.34145555,0,2023-02-22T18:06:28Z,186.49735916983335,35,18.4785347,0.18012444492431498,0.258828281723005,0.1342030787469,B
0.39810795,0,2023-02-22T18:06:28Z,186.49735916983335,35,18.4785347,0.18012444492431498,0.258828281723005,0.1342030787469,B
0.46415979,0,2023-02-22T18:06:28Z,186.49735916983335,35,18.4785347,0.18012444492431498,0.258828281723005,0.1342030787469,B
0.54117060,0,2023-02-22T18:06:28Z,186.49735916983335,35,18.4785347,0.18012444492431498,0.258828281723005,0.1342030787469,B
0.63095856,0,2023-02-22T18:06:28Z,186.49735916983335,35,18.4785347,0.18012444492431498,0.258828281723005,0.1342030787469,B
0.73564368,0,2023-02-22T18:06:28Z,186.49735916983335,35,18.4785347,0.18012444492431498,0.258828281723005,0.1342030787469,B
0.85769761,0,2023-02-22T18:06:28Z,186.49735916983335,35,18.4785347,0.18012444492431498,0.258828281723005,0.1342030787469,B
1.00000191,1.50975751877,2023-02-22T18:06:28Z,186.49735916983335,35,18.4785347,0.18012444492431498,0.258828281723005,0.1342030787469,B
1.16591668,2.65135407448,2023-02-22T18:06:28Z,186.49735916983335,35,18.4785347,0.18012444492431498,0.258828281723005,0.1342030787469,B
1.35935903,3.23181962967,2023-02-22T18:06:28Z,186.49735916983335,35,18.4785347,0.18012444492431498,0.258828281723005,0.1342030787469,B
1.58489633,3.23600625992,2023-02-22T18:06:28Z,186.49735916983335,35,18.4785347,0.18012444492431498,0.258828281723005,0.1342030787469,B
1.84785342,2.79137039185,2023-02-22T18:06:28Z,186.49735916983335,35,18.4785347,0.18012444492431498,0.258828281723005,0.1342030787469,B
2.15443897,2.09445905685,2023-02-22T18:06:28Z,186.49735916983335,35,18.4785347,0.18012444492431498,0.258828281723005,0.1342030787469,B
2.51189137,1.3331580162,2023-02-22T18:06:28Z,186.49735916983335,35,18.4785347,0.18012444492431498,0.258828281723005,0.1342030787469,B
2.92865038,0.658528983593,2023-02-22T18:06:28Z,186.49735916983335,35,18.4785347,0.18012444492431498,0.258828281723005,0.1342030787469,B
3.41455555,0.202730432153,2023-02-22T18:06:28Z,186.49735916983335,35,18.4785347,0.18012444492431498,0.258828281723005,0.1342030787469,B
3.98107958,0.0606731288135,2023-02-22T18:06:28Z,186.49735916983335,35,18.4785347,0.18012444492431498,0.258828281723005,0.1342030787469,B
4.64159775,0.242587000132,2023-02-22T18:06:28Z,186.49735916983335,35,18.4785347,0.18012444492431498,0.258828281723005,0.1342030787469,B
5.41170597,0.720204055309,2023-02-22T18:06:28Z,186.49735916983335,35,18.4785347,0.18012444492431498,0.258828281723005,0.1342030787469,B
6.30958605,1.45419716835,2023-02-22T18:06:28Z,186.49735916983335,35,18.4785347,0.18012444492431498,0.258828281723005,0.1342030787469,B
7.35643721,2.36082792282,2023-02-22T18:06:28Z,186.49735916983335,35,18.4785347,0.18012444492431498,0.258828281723005,0.1342030787469,B
8.57697582,3.33515453339,2023-02-22T18:06:28Z,186.49735916983335,35,18.4785347,0.18012444492431498,0.258828281723005,0.1342030787469,B
10.00002003,4.25354003906,2023-02-22T18:06:28Z,186.49735916983335,35,18.4785347,0.18012444492431498,0.258828281723005,0.1342030787469,B
11.65916729,4.97817659378,2023-02-22T18:06:28Z,186.49735916983335,35,18.4785347,0.18012444492431498,0.258828281723005,0.1342030787469,B
13.59359074,5.36623239517,2023-02-22T18:06:28Z,186.49735916983335,35,18.4785347,0.18012444492431498,0.258828281723005,0.1342030787469,B
15.84896278,5.28955459595,2023-02-22T18:06:28Z,186.49735916983335,35,18.4785347,0.18012444492431498,0.258828281723005,0.1342030787469,B
18.47853470,4.67075872421,2023-02-22T18:06:28Z,186.49735916983335,35,18.4785347,0.18012444492431498,0.258828281723005,0.1342030787469,B
21.54438972,3.52786135674,2023-02-22T18:06:28Z,186.49735916983335,35,18.4785347,0.18012444492431498,0.258828281723005,0.1342030787469,B
25.11891365,2.02902412415,2023-02-22T18:06:28Z,186.49735916983335,35,18.4785347,0.18012444492431498,0.258828281723005,0.1342030787469,B
29.28650284,0.53014677763,2023-02-22T18:06:28Z,186.49735916983335,35,18.4785347,0.18012444492431498,0.258828281723005,0.1342030787469,B
34.14555740,0,2023-02-22T18:06:28Z,186.49735916983335,35,18.4785347,0.18012444492431498,0.258828281723005,0.1342030787469,B
39.81079483,0,2023-02-22T18:06:28Z,186.49735916983335,35,18.4785347,0.18012444492431498,0.258828281723005,0.1342030787469,B
46.41598129,0,2023-02-22T18:06:28Z,186.49735916983335,35,18.4785347,0.18012444492431498,0.258828281723005,0.1342030787469,B
54.11705780,0,2023-02-22T18:06:28Z,186.49735916983335,35,18.4785347,0.18012444492431498,0.258828281723005,0.1342030787469,B
63.09585953,0,2023-02-22T18:06:28Z,186.49735916983335,35,18.4785347,0.18012444492431498,0.258828281723005,0.1342030787469,B
73.56436920,0,2023-02-22T18:06:28Z,186.49735916983335,35,18.4785347,0.18012444492431498,0.258828281723005,0.1342030787469,B
85.76976013,0,2023-02-22T18:06:28Z,186.49735916983335,35,18.4785347,0.18012444492431498,0.258828281723005,0.1342030787469,B
100.00019836,43.4718780518,2023-02-22T18:06:28Z,186.49735916983335,35,18.4785347,0.18012444492431498,0.258828281723005,0.1342030787469,B
116.59166718,0,2023-02-22T18:06:28Z,186.49735916983335,35,18.4785347,0.18012444492431498,0.258828281723005,0.1342030787469,B
135.93591309,0,2023-02-22T18:06:28Z,186.49735916983335,35,18.4785347,0.18012444492431498,0.258828281723005,0.1342030787469,B
158.48962402,0,2023-02-22T18:06:28Z,186.49735916983335,35,18.4785347,0.18012444492431498,0.258828281723005,0.1342030787469,B
184.78533936,0,2023-02-22T18:06:28Z,186.49735916983335,35,18.4785347,0.18012444492431498,0.258828281723005,0.1342030787469,B
215.44389343,0,2023-02-22T18:06:28Z,186.49735916983335,35,18.4785347,0.18012444492431498,0.258828281723005,0.1342030787469,B
251.18913269,0,2023-02-22T18:06:28Z,186.49735916983335,35,18.4785347,0.18012444492431498,0.258828281723005,0.1342030787469,B
292.86502075,0,2023-02-22T18:06:28Z,186.49735916983335,35,18.4785347,0.18012444492431498,0.258828281723005,0.1342030787469,B
341.45556641,0,2023-02-22T18:06:28Z,186.49735916983335,35,18.4785347,0.18012444492431498,0.258828281723005,0.1342030787469,B
398.10794067,0,2023-02-22T18:06:28Z,186.49735916983335,35,18.4785347,0.18012444492431498,0.258828281723005,0.1342030787469,B
464.15979004,0,2023-02-22T18:06:28Z,186.49735916983335,35,18.4785347,0.18012444492431498,0.258828281723005,0.1342030787469,B
541.17059326,0,2023-02-22T18:06:28Z,186.49735916983335,35,18.4785347,0.18012444492431498,0.258828281723005,0.1342030787469,B
630.95855713,0,2023-02-22T18:06:28Z,186.49735916983335,35,18.4785347,0.18012444492431498,0.258828281723005,0.1342030787469,B
735.64367676,0,2023-02-22T18:06:28Z,186.49735916983335,35,18.4785347,0.18012444492431498,0.258828281723005,0.1342030787469,B
857.69757080,0,2023-02-22T18:06:28Z,186.49735916983335,35,18.4785347,0.18012444492431498,0.258828281723005,0.1342030787469,B
1000.00195313,0,2023-02-22T18:06:28Z,186.49735916983335,35,18.4785347,0.18012444492431498,0.258828281723005,0.1342030787469,B
0.10000020,0,2023-02-22T18:06:29Z,211.28687180408335,46,100.00019836,0.17758860858389564,0.17821007333466798,0.17062832802534,B
0.11659167,0,2023-02-22T18:06:29Z,211.28687180408335,46,100.00019836,0.17758860858389564,0.17821007333466798,0.17062832802534,B
0.13593590,0,2023-02-22T18:06:29Z,211.28687180408335,46,100.00019836,0.17758860858389564,0.17821007333466798,0.17062832802534,B
0.15848963,0,2023-02-22T18:06:29Z,211.28687180408335,46,100.00019836,0.17758860858389564,0.17821007333466798,0.17062832802534,B
0.18478534,0,2023-02-22T18:06:29Z,211.28687180408335,46,100.00019836,0.17758860858389564,0.17821007333466798,0.17062832802534,B
0.21544389,0,2023-02-22T18:06:29Z,211.28687180408335,46,100.00019836,0.17758860858389564,0.17821007333466798,0.17062832802534,B
0.25118914,0,2023-02-22T18:06:29Z,211.28687180408335,46,100.00019836,0.17758860858389564,0.17821007333466798,0.17062832802534,B
0.29286504,0,2023-02-22T18:06:29Z,211.28687180408335,46,100.00019836,0.17758860858389564,0.17821007333466798,0.17062832802534,B
0.34145555,0,2023-02-22T18:06:29Z,211.28687180408335,46,100.00019836,0.17758860858389564,0.17821007333466798,0.17062832802534,B
0.39810795,0,2023-02-22T18:06:29Z,211.28687180408335,46,100.00019836,0.17758860858389564,0.17821007333466798,0.17062832802534,B
0.46415979,0,2023-02-22T18:06:29Z,211.28687180408335,46,100.00019836,0.17758860858389564,0.17821007333466798,0.17062832802534,B
0.54117060,0,2023-02-22T18:06:29Z,211.28687180408335,46,100.00019836,0.17758860858389564,0.17821007333466798,0.17062832802534,B
0.63095856,0,2023-02-22T18:06:29Z,211.28687180408335,46,100.00019836,0.17758860858389564,0.17821007333466798,0.17062832802534,B
0.73564368,0,2023-02-22T18:06:29Z,211.28687180408335,46,100.00019836,0.17758860858389564,0.17821007333466798,0.17062832802534,B
0.85769761,0,2023-02-22T18:06:29Z,211.28687180408335,46,100.00019836,0.17758860858389564,0.17821007333466798,0.17062832802534,B
1.00000191,0.358430832624,2023-02-22T18:06:29Z,211.28687180408335,46,100.00019836,0.17758860858389564,0.17821007333466798,0.17062832802534,B
1.16591668,2.85596060753,2023-02-22T18:06:29Z,211.28687180408335,46,100.00019836,0.17758860858389564,0.17821007333466798,0.17062832802534,B
1.35935903,5.87973737717,2023-02-22T18:06:29Z,211.28687180408335,46,100.00019836,0.17758860858389564,0.17821007333466798,0.17062832802534,B
1.58489633,5.40238380432,2023-02-22T18:06:29Z,211.28687180408335,46,100.00019836,0.17758860858389564,0.17821007333466798,0.17062832802534,B
1.84785342,2.56632018089,2023-02-22T18:06:29Z,211.28687180408335,46,100.00019836,0.17758860858389564,0.17821007333466798,0.17062832802534,B
2.15443897,0.630024194717,2023-02-22T18:06:29Z,211.28687180408335,46,100.00019836,0.17758860858389564,0.17821007333466798,0.17062832802534,B
2.51189137,0.0650072097778,2023-02-22T18:06:29Z,211.28687180408335,46,100.00019836,0.17758860858389564,0.17821007333466798,0.17062832802534,B
2.92865038,9.96651360765e-4,2023-02-22T18:06:29Z,211.28687180408335,46,100.00019836,0.17758860858389564,0.17821007333466798,0.17062832802534,B
3.41455555,0,2023-02-22T18:06:29Z,211.28687180408335,46,100.00019836,0.17758860858389564,0.17821007333466798,0.17062832802534,B
3.98107958,0,2023-02-22T18:06:29Z,211.28687180408335,46,100.00019836,0.17758860858389564,0.17821007333466798,0.17062832802534,B
4.64159775,0,2023-02-22T18:06:29Z,211.28687180408335,46,100.00019836,0.17758860858389564,0.17821007333466798,0.17062832802534,B
5.41170597,0,2023-02-22T18:06:29Z,211.28687180408335,46,100.00019836,0.17758860858389564,0.17821007333466798,0.17062832802534,B
6.30958605,4.93139623359e-7,2023-02-22T18:06:29Z,211.28687180408335,46,100.00019836,0.17758860858389564,0.17821007333466798,0.17062832802534,B
7.35643721,0.00448745116591,2023-02-22T18:06:29Z,211.28687180408335,46,100.00019836,0.17758860858389564,0.17821007333466798,0.17062832802534,B
8.57697582,0.0576585307717,2023-02-22T18:06:29Z,211.28687180408335,46,100.00019836,0.17758860858389564,0.17821007333466798,0.17062832802534,B
10.00002003,0.322563380003,2023-02-22T18:06:29Z,211.28687180408335,46,100.00019836,0.17758860858389564,0.17821007333466798,0.17062832802534,B
11.65916729,1.16905283928,2023-02-22T18:06:29Z,211.28687180408335,46,100.00019836,0.17758860858389564,0.17821007333466798,0.17062832802534,B
13.59359074,3.062946558,2023-02-22T18:06:29Z,211.28687180408335,46,100.00019836,0.17758860858389564,0.17821007333466798,0.17062832802534,B
15.84896278,5.9237818718,2023-02-22T18:06:29Z,211.28687180408335,46,100.00019836,0.17758860858389564,0.17821007333466798,0.17062832802534,B
18.47853470,8.20815467834,2023-02-22T18:06:29Z,211.28687180408335,46,100.00019836,0.17758860858389564,0.17821007333466798,0.17062832802534,B
21.54438972,7.42808198929,2023-02-22T18:06:29Z,211.28687180408335,46,100.00019836,0.17758860858389564,0.17821007333466798,0.17062832802534,B
25.11891365,3.48242068291,2023-02-22T18:06:29Z,211.28687180408335,46,100.00019836,0.17758860858389564,0.17821007333466798,0.17062832802534,B
29.28650284,0.369645982981,2023-02-22T18:06:29Z,211.28687180408335,46,100.00019836,0.17758860858389564,0.17821007333466798,0.17062832802534,B
34.14555740,0,2023-02-22T18:06:29Z,211.28687180408335,46,100.00019836,0.17758860858389564,0.17821007333466798,0.17062832802534,B
39.81079483,0,2023-02-22T18:06:29Z,211.28687180408335,46,100.00019836,0.17758860858389564,0.17821007333466798,0.17062832802534,B
46.41598129,0,2023-02-22T18:06:29Z,211.28687180408335,46,100.00019836,0.17758860858389564,0.17821007333466798,0.17062832802534,B
54.11705780,0,2023-02-22T18:06:29Z,211.28687180408335,46,100.00019836,0.17758860858389564,0.17821007333466798,0.17062832802534,B
63.09585953,0,2023-02-22T18:06:29Z,211.28687180408335,46,100.00019836,0.17758860858389564,0.17821007333466798,0.17062832802534,B
73.56436920,0,2023-02-22T18:06:29Z,211.28687180408335,46,100.00019836,0.17758860858389564,0.17821007333466798,0.17062832802534,B
85.76976013,1.96859835291e-13,2023-02-22T18:06:29Z,211.28687180408335,46,100.00019836,0.17758860858389564,0.17821007333466798,0.17062832802534,B
100.00019836,52.2123451233,2023-02-22T18:06:29Z,211.28687180408335,46,100.00019836,0.17758860858389564,0.17821007333466798,0.17062832802534,B
116.59166718,0,2023-02-22T18:06:29Z,211.28687180408335,46,100.00019836,0.17758860858389564,0.17821007333466798,0.17062832802534,B
135.93591309,0,2023-02-22T18:06:29Z,211.28687180408335,46,100.00019836,0.17758860858389564,0.17821007333466798,0.17062832802534,B
158.48962402,0,2023-02-22T18:06:29Z,211.28687180408335,46,100.00019836,0.17758860858389564,0.17821007333466798,0.17062832802534,B
184.78533936,0,2023-02-22T18:06:29Z,211.28687180408335,46,100.00019836,0.17758860858389564,0.17821007333466798,0.17062832802534,B
215.44389343,0,2023-02-22T18:06:29Z,211.28687180408335,46,100.00019836,0.17758860858389564,0.17821007333466798,0.17062832802534,B
251.18913269,0,2023-02-22T18:06:29Z,211.28687180408335,46,100.00019836,0.17758860858389564,0.17821007333466798,0.17062832802534,B
292.86502075,0,2023-02-22T18:06:29Z,211.28687180408335,46,100.00019836,0.17758860858389564,0.17821007333466798,0.17062832802534,B
341.45556641,0,2023-02-22T18:06:29Z,211.28687180408335,46,100.00019836,0.17758860858389564,0.17821007333466798,0.17062832802534,B
398.10794067,0,2023-02-22T18:06:29Z,211.28687180408335,46,100.00019836,0.17758860858389564,0.17821007333466798,0.17062832802534,B
464.15979004,0,2023-02-22T18:06:29Z,211.28687180408335,46,100.00019836,0.17758860858389564,0.17821007333466798,0.17062832802534,B
541.17059326,0,2023-02-22T18:06:29Z,211.28687180408335,46,100.00019836,0.17758860858389564,0.17821007333466798,0.17062832802534,B
630.95855713,0,2023-02-22T18:06:29Z,211.28687180408335,46,100.00019836,0.17758860858389564,0.17821007333466798,0.17062832802534,B
735.64367676,0,2023-02-22T18:06:29Z,211.28687180408335,46,100.00019836,0.17758860858389564,0.17821007333466798,0.17062832802534,B
857.69757080,0,2023-02-22T18:06:29Z,211.28687180408335,46,100.00019836,0.17758860858389564,0.17821007333466798,0.17062832802534,B
1000.00195313,0,2023-02-22T18:06:29Z,211.28687180408335,46,100.00019836,0.17758860858389564,0.17821007333466798,0.17062832802534,B
0.10000020,0,2023-02-22T18:06:30Z,127.9707644780889,38,29.28650284,0.205345254018788,0.205607192776982,0.1886170148848,C
0.11659167,0,2023-02-22T18:06:30Z,127.9707644780889,38,29.28650284,0.205345254018788,0.205607192776982,0.1886170148848,C
0.13593590,0,2023-02-22T18:06:30Z,127.9707644780889,38,29.28650284,0.205345254018788,0.205607192776982,0.1886170148848,C
0.15848963,0,2023-02-22T18:06:30Z,127.9707644780889,38,29.28650284,0.205345254018788,0.205607192776982,0.1886170148848,C
0.18478534,0,2023-02-22T18:06:30Z,127.9707644780889,38,29.28650284,0.205345254018788,0.205607192776982,0.1886170148848,C
0.21544389,0,2023-02-22T18:06:30Z,127.9707644780889,38,29.28650284,0.205345254018788,0.205607192776982,0.1886170148848,C
0.25118914,0,2023-02-22T18:06:30Z,127.9707644780889,38,29.28650284,0.205345254018788,0.205607192776982,0.1886170148848,C
0.29286504,0,2023-02-22T18:06:30Z,127.9707644780889,38,29.28650284,0.205345254018788,0.205607192776982,0.1886170148848,C
0.34145555,0,2023-02-22T18:06:30Z,127.9707644780889,38,29.28650284,0.205345254018788,0.205607192776982,0.1886170148848,C
0.39810795,0,2023-02-22T18:06:30Z,127.9707644780889,38,29.28650284,0.205345254018788,0.205607192776982,0.1886170148848,C
0.46415979,0,2023-02-22T18:06:30Z,127.9707644780889,38,29.28650284,0.205345254018788,0.205607192776982,0.1886170148848,C
0.54117060,0,2023-02-22T18:06:30Z,127.9707644780889,38,29.28650284,0.205345254018788,0.205607192776982,0.1886170148848,C
0.63095856,0,2023-02-22T18:06:30Z,127.9707644780889,38,29.28650284,0.205345254018788,0.205607192776982,0.1886170148848,C
0.73564368,0,2023-02-22T18:06:30Z,127.9707644780889,38,29.28650284,0.205345254018788,0.205607192776982,0.1886170148848,C
0.85769761,0,2023-02-22T18:06:30Z,127.9707644780889,38,29.28650284,0.205345254018788,0.205607192776982,0.1886170148848,C
1.00000191,2.68140244484,2023-02-22T18:06:30Z,127.9707644780889,38,29.28650284,0.205345254018788,0.205607192776982,0.1886170148848,C
1.16591668,4.84144878387,2023-02-22T18:06:30Z,127.9707644780889,38,29.28650284,0.205345254018788,0.205607192776982,0.1886170148848,C
1.35935903,5.04881572723,2023-02-22T18:06:30Z,127.9707644780889,38,29.28650284,0.205345254018788,0.205607192776982,0.1886170148848,C
1.58489633,3.89989686012,2023-02-22T18:06:30Z,127.9707644780889,38,29.28650284,0.205345254018788,0.205607192776982,0.1886170148848,C
1.84785342,2.39013767242,2023-02-22T18:06:30Z,127.9707644780889,38,29.28650284,0.205345254018788,0.205607192776982,0.1886170148848,C
2.15443897,1.16909182072,2023-02-22T18:06:30Z,127.9707644780889,38,29.28650284,0.205345254018788,0.205607192776982,0.1886170148848,C
2.51189137,0.423729926348,2023-02-22T18:06:30Z,127.9707644780889,38,29.28650284,0.205345254018788,0.205607192776982,0.1886170148848,C
2.92865038,0.0800021663308,2023-02-22T18:06:30Z,127.9707644780889,38,29.28650284,0.205345254018788,0.205607192776982,0.1886170148848,C
3.41455555,0,2023-02-22T18:06:30Z,127.9707644780889,38,29.28650284,0.205345254018788,0.205607192776982,0.1886170148848,C
3.98107958,0,2023-02-22T18:06:30Z,127.9707644780889,38,29.28650284,0.205345254018788,0.205607192776982,0.1886170148848,C
4.64159775,0,2023-02-22T18:06:30Z,127.9707644780889,38,29.28650284,0.205345254018788,0.205607192776982,0.1886170148848,C
5.41170597,0,2023-02-22T18:06:30Z,127.9707644780889,38,29.28650284,0.205345254018788,0.205607192776982,0.1886170148848,C
6.30958605,0,2023-02-22T18:06:30Z,127.9707644780889,38,29.28650284,0.205345254018788,0.205607192776982,0.1886170148848,C
7.35643721,0,2023-02-22T18:06:30Z,127.9707644780889,38,29.28650284,0.205345254018788,0.205607192776982,0.1886170148848,C
8.57697582,0.0261938758194,2023-02-22T18:06:30Z,127.9707644780889,38,29.28650284,0.205345254018788,0.205607192776982,0.1886170148848,C
10.00002003,0.501110613346,2023-02-22T18:06:30Z,127.9707644780889,38,29.28650284,0.205345254018788,0.205607192776982,0.1886170148848,C
11.65916729,1.52412033081,2023-02-22T18:06:30Z,127.9707644780889,38,29.28650284,0.205345254018788,0.205607192776982,0.1886170148848,C
13.59359074,3.02838516235,2023-02-22T18:06:30Z,127.9707644780889,38,29.28650284,0.205345254018788,0.205607192776982,0.1886170148848,C
15.84896278,4.71586990356,2023-02-22T18:06:30Z,127.9707644780889,38,29.28650284,0.205345254018788,0.205607192776982,0.1886170148848,C
18.47853470,6.05300474167,2023-02-22T18:06:30Z,127.9707644780889,38,29.28650284,0.205345254018788,0.205607192776982,0.1886170148848,C
21.54438972,6.46797943115,2023-02-22T18:06:30Z,127.9707644780889,38,29.28650284,0.205345254018788,0.205607192776982,0.1886170148848,C
25.11891365,5.70841026306,2023-02-22T18:06:30Z,127.9707644780889,38,29.28650284,0.205345254018788,0.205607192776982,0.1886170148848,C
29.28650284,4.11983394623,2023-02-22T18:06:30Z,127.9707644780889,38,29.28650284,0.205345254018788,0.205607192776982,0.1886170148848,C
34.14555740,2.52045655251,2023-02-22T18:06:30Z,127.9707644780889,38,29.28650284,0.205345254018788,0.205607192776982,0.1886170148848,C
39.81079483,1.65843129158,2023-02-22T18:06:30Z,127.9707644780889,38,29.28650284,0.205345254018788,0.205607192776982,0.1886170148848,C
46.41598129,1.92411768436,2023-02-22T18:06:30Z,127.9707644780889,38,29.28650284,0.205345254018788,0.205607192776982,0.1886170148848,C
54.11705780,3.78648257256,2023-02-22T18:06:30Z,127.9707644780889,38,29.28650284,0.205345254018788,0.205607192776982,0.1886170148848,C
63.09585953,7.50106859207,2023-02-22T18:06:30Z,127.9707644780889,38,29.28650284,0.205345254018788,0.205607192776982,0.1886170148848,C
73.56436920,11.4764165878,2023-02-22T18:06:30Z,127.9707644780889,38,29.28650284,0.205345254018788,0.205607192776982,0.1886170148848,C
85.76976013,11.9761924744,2023-02-22T18:06:30Z,127.9707644780889,38,29.28650284,0.205345254018788,0.205607192776982,0.1886170148848,C
100.00019836,6.47741413116,2023-02-22T18:06:30Z,127.9707644780889,38,29.28650284,0.205345254018788,0.205607192776982,0.1886170148848,C
116.59166718,0,2023-02-22T18:06:30Z,127.9707644780889,38,29.28650284,0.205345254018788,0.205607192776982,0.1886170148848,C
135.93591309,0,2023-02-22T18:06:30Z,127.9707644780889,38,29.28650284,0.205345254018788,0.205607192776982,0.1886170148848,C
158.48962402,0,2023-02-22T18:06:30Z,127.9707644780889,38,29.28650284,0.205345254018788,0.205607192776982,0.1886170148848,C
184.78533936,0,2023-02-22T18:06:30Z,127.9707644780889,38,29.28650284,0.205345254018788,0.205607192776982,0.1886170148848,C
215.44389343,0,2023-02-22T18:06:30Z,127.9707644780889,38,29.28650284,0.205345254018788,0.205607192776982,0.1886170148848,C
251.18913269,0,2023-02-22T18:06:30Z,127.9707644780889,38,29.28650284,0.205345254018788,0.205607192776982,0.1886170148848,C
292.86502075,0,2023-02-22T18:06:30Z,127.9707644780889,38,29.28650284,0.205345254018788,0.205607192776982,0.1886170148848,C
341.45556641,0,2023-02-22T18:06:30Z,127.9707644780889,38,29.28650284,0.205345254018788,0.205607192776982,0.1886170148848,C
398.10794067,0,2023-02-22T18:06:30Z,127.9707644780889,38,29.28650284,0.205345254018788,0.205607192776982,0.1886170148848,C
464.15979004,0,2023-02-22T18:06:30Z,127.9707644780889,38,29.28650284,0.205345254018788,0.205607192776982,0.1886170148848,C
541.17059326,0,2023-02-22T18:06:30Z,127.9707644780889,38,29.28650284,0.205345254018788,0.205607192776982,0.1886170148848,C
630.95855713,0,2023-02-22T18:06:30Z,127.9707644780889,38,29.28650284,0.205345254018788,0.205607192776982,0.1886170148848,C
735.64367676,0,2023-02-22T18:06:30Z,127.9707644780889,38,29.28650284,0.205345254018788,0.205607192776982,0.1886170148848,C
857.69757080,0,2023-02-22T18:06:30Z,127.9707644780889,38,29.28650284,0.205345254018788,0.205607192776982,0.1886170148848,C
1000.00195313,0,2023-02-22T18:06:30Z,127.9707644780889,38,29.28650284,0.205345254018788,0.205607192776982,0.1886170148848,C
0.10000020,0,2023-02-22T18:06:31Z,200.58808157178333,41,46.41598129,0.16477635430687423,0.16749012666338423,0.16455185890191001,B
0.11659167,0,2023-02-22T18:06:31Z,200.58808157178333,41,46.41598129,0.16477635430687423,0.16749012666338423,0.16455185890191001,B
0.13593590,0,2023-02-22T18:06:31Z,200.58808157178333,41,46.41598129,0.16477635430687423,0.16749012666338423,0.16455185890191001,B
0.15848963,0,2023-02-22T18:06:31Z,200.58808157178333,41,46.41598129,0.16477635430687423,0.16749012666338423,0.16455185890191001,B
0.18478534,0,2023-02-22T18:06:31Z,200.58808157178333,41,46.41598129,0.16477635430687423,0.16749012666338423,0.16455185890191001,B
0.21544389,0,2023-02-22T18:06:31Z,200.58808157178333,41,46.41598129,0.16477635430687423,0.16749012666338423,0.16455185890191001,B
0.25118914,0,2023-02-22T18:06:31Z,200.58808157178333,41,46.41598129,0.16477635430687423,0.16749012666338423,0.16455185890191001,B
0.29286504,0,2023-02-22T18:06:31Z,200.58808157178333,41,46.41598129,0.16477635430687423,0.16749012666338423,0.16455185890191001,B
0.34145555,0,2023-02-22T18:06:31Z,200.58808157178333,41,46.41598129,0.16477635430687423,0.16749012666338423,0.16455185890191001,B
0.39810795,0,2023-02-22T18:06:31Z,200.58808157178333,41,46.41598129,0.16477635430687423,0.16749012666338423,0.16455185890191001,B
0.46415979,0,2023-02-22T18:06:31Z,200.58808157178333,41,46.41598129,0.16477635430687423,0.16749012666338423,0.16455185890191001,B
0.54117060,0,2023-02-22T18:06:31Z,200.58808157178333,41,46.41598129,0.16477635430687423,0.16749012666338423,0.16455185890191001,B
0.63095856,0,2023-02-22T18:06:31Z,200.58808157178333,41,46.41598129,0.16477635430687423,0.16749012666338423,0.16455185890191001,B
0.73564368,0,2023-02-22T18:06:31Z,200.58808157178333,41,46.41598129,0.16477635430687423,0.16749012666338423,0.16455185890191001,B
0.85769761,0,2023-02-22T18:06:31Z,200.58808157178333,41,46.41598129,0.16477635430687423,0.16749012666338423,0.16455185890191001,B
1.00000191,4.49226427078,2023-02-22T18:06:31Z,200.58808157178333,41,46.41598129,0.16477635430687423,0.16749012666338423,0.16455185890191001,B
1.16591668,6.84316730499,2023-02-22T18:06:31Z,200.58808157178333,41,46.41598129,0.16477635430687423,0.16749012666338423,0.16455185890191001,B
1.35935903,3.7836432457,2023-02-22T18:06:31Z,200.58808157178333,41,46.41598129,0.16477635430687423,0.16749012666338423,0.16455185890191001,B
1.58489633,1.13301646709,2023-02-22T18:06:31Z,200.58808157178333,41,46.41598129,0.16477635430687423,0.16749012666338423,0.16455185890191001,B
1.84785342,0.203094601631,2023-02-22T18:06:31Z,200.58808157178333,41,46.41598129,0.16477635430687423,0.16749012666338423,0.16455185890191001,B
2.15443897,0.0213798899204,2023-02-22T18:06:31Z,200.58808157178333,41,46.41598129,0.16477635430687423,0.16749012666338423,0.16455185890191001,B
2.51189137,0.001063184347,2023-02-22T18:06:31Z,200.58808157178333,41,46.41598129,0.16477635430687423,0.16749012666338423,0.16455185890191001,B
2.92865038,6.46622902423e-6,2023-02-22T18:06:31Z,200.58808157178333,41,46.41598129,0.16477635430687423,0.16749012666338423,0.16455185890191001,B
3.41455555,0,2023-02-22T18:06:31Z,200.58808157178333,41,46.41598129,0.16477635430687423,0.16749012666338423,0.16455185890191001,B
3.98107958,0,2023-02-22T18:06:31Z,200.58808157178333,41,46.41598129,0.16477635430687423,0.16749012666338423,0.16455185890191001,B
4.64159775,0,2023-02-22T18:06:31Z,200.58808157178333,41,46.41598129,0.16477635430687423,0.16749012666338423,0.16455185890191001,B
5.41170597,0,2023-02-22T18:06:31Z,200.58808157178333,41,46.41598129,0.16477635430687423,0.16749012666338423,0.16455185890191001,B
6.30958605,0,2023-02-22T18:06:31Z,200.58808157178333,41,46.41598129,0.16477635430687423,0.16749012666338423,0.16455185890191001,B
7.35643721,0,2023-02-22T18:06:31Z,200.58808157178333,41,46.41598129,0.16477635430687423,0.16749012666338423,0.16455185890191001,B
8.57697582,0.271377235651,2023-02-22T18:06:31Z,200.58808157178333,41,46.41598129,0.16477635430687423,0.16749012666338423,0.16455185890191001,B
10.00002003,1.08591389656,2023-02-22T18:06:31Z,200.58808157178333,41,46.41598129,0.16477635430687423,0.16749012666338423,0.16455185890191001,B
11.65916729,2.21579837799,2023-02-22T18:06:31Z,200.58808157178333,41,46.41598129,0.16477635430687423,0.16749012666338423,0.16455185890191001,B
13.59359074,3.49845075607,2023-02-22T18:06:31Z,200.58808157178333,41,46.41598129,0.16477635430687423,0.16749012666338423,0.16455185890191001,B
15.84896278,4.65618896484,2023-02-22T18:06:31Z,200.58808157178333,41,46.41598129,0.16477635430687423,0.16749012666338423,0.16455185890191001,B
18.47853470,5.34129714966,2023-02-22T18:06:31Z,200.58808157178333,41,46.41598129,0.16477635430687423,0.16749012666338423,0.16455185890191001,B
21.54438972,5.26422119141,2023-02-22T18:06:31Z,200.58808157178333,41,46.41598129,0.16477635430687423,0.16749012666338423,0.16455185890191001,B
25.11891365,4.37546634674,2023-02-22T18:06:31Z,200.58808157178333,41,46.41598129,0.16477635430687423,0.16749012666338423,0.16455185890191001,B
29.28650284,2.99885034561,2023-02-22T18:06:31Z,200.58808157178333,41,46.41598129,0.16477635430687423,0.16749012666338423,0.16455185890191001,B
34.14555740,1.76984214783,2023-02-22T18:06:31Z,200.58808157178333,41,46.41598129,0.16477635430687423,0.16749012666338423,0.16455185890191001,B
39.81079483,1.3386913538,2023-02-22T18:06:31Z,200.58808157178333,41,46.41598129,0.16477635430687423,0.16749012666338423,0.16455185890191001,B
46.41598129,2.22424936295,2023-02-22T18:06:31Z,200.58808157178333,41,46.41598129,0.16477635430687423,0.16749012666338423,0.16455185890191001,B
54.11705780,4.9026556015,2023-02-22T18:06:31Z,200.58808157178333,41,46.41598129,0.16477635430687423,0.16749012666338423,0.16455185890191001,B
63.09585953,9.08191013336,2023-02-22T18:06:31Z,200.58808157178333,41,46.41598129,0.16477635430687423,0.16749012666338423,0.16455185890191001,B
73.56436920,12.9054145813,2023-02-22T18:06:31Z,200.58808157178333,41,46.41598129,0.16477635430687423,0.16749012666338423,0.16455185890191001,B
85.76976013,13.35891819,2023-02-22T18:06:31Z,200.58808157178333,41,46.41598129,0.16477635430687423,0.16749012666338423,0.16455185890191001,B
100.00019836,8.2331199646,2023-02-22T18:06:31Z,200.58808157178333,41,46.41598129,0.16477635430687423,0.16749012666338423,0.16455185890191001,B
116.59166718,0,2023-02-22T18:06:31Z,200.58808157178333,41,46.41598129,0.16477635430687423,0.16749012666338423,0.16455185890191001,B
135.93591309,0,2023-02-22T18:06:31Z,200.58808157178333,41,46.41598129,0.16477635430687423,0.16749012666338423,0.16455185890191001,B
158.48962402,0,2023-02-22T18:06:31Z,200.58808157178333,41,46.41598129,0.16477635430687423,0.16749012666338423,0.16455185890191001,B
184.78533936,0,2023-02-22T18:06:31Z,200.58808157178333,41,46.41598129,0.16477635430687423,0.16749012666338423,0.16455185890191001,B
215.44389343,0,2023-02-22T18:06:31Z,200.58808157178333,41,46.41598129,0.16477635430687423,0.16749012666338423,0.16455185890191001,B
251.18913269,0,2023-02-22T18:06:31Z,200.58808157178333,41,46.41598129,0.16477635430687423,0.16749012666338423,0.16455185890191001,B
292.86502075,0,2023-02-22T18:06:31Z,200.58808157178333,41,46.41598129,0.16477635430687423,0.16749012666338423,0.16455185890191001,B
341.45556641,0,2023-02-22T18:06:31Z,200.58808157178333,41,46.41598129,0.16477635430687423,0.16749012666338423,0.16455185890191001,B
398.10794067,0,2023-02-22T18:06:31Z,200.58808157178333,41,46.41598129,0.16477635430687423,0.16749012666338423,0.16455185890191001,B
464.15979004,0,2023-02-22T18:06:31Z,200.58808157178333,41,46.41598129,0.16477635430687423,0.16749012666338423,0.16455185890191001,B
541.17059326,0,2023-02-22T18:06:31Z,200.58808157178333,41,46.41598129,0.16477635430687423,0.16749012666338423,0.16455185890191001,B
630.95855713,0,2023-02-22T18:06:31Z,200.58808157178333,41,46.41598129,0.16477635430687423,0.16749012666338423,0.16455185890191001,B
735.64367676,0,2023-02-22T18:06:31Z,200.58808157178333,41,46.41598129,0.16477635430687423,0.16749012666338423,0.16455185890191001,B
857.69757080,0,2023-02-22T18:06:31Z,200.58808157178333,41,46.41598129,0.16477635430687423,0.16749012666338423,0.16455185890191001,B
1000.00195313,0,2023-02-22T18:06:31Z,200.58808157178333,41,46.41598129,0.16477635430687423,0.16749012666338423,0.16455185890191001,B
0.10000020,0,2023-02-22T18:06:32Z,137.43497573006388,38,29.28650284,0.1792538927396672,0.21289234430007975,0.17529996395112998,C
0.11659167,0,2023-02-22T18:06:32Z,137.43497573006388,38,29.28650284,0.1792538927396672,0.21289234430007975,0.17529996395112998,C
0.13593590,0,2023-02-22T18:06:32Z,137.43497573006388,38,29.28650284,0.1792538927396672,0.21289234430007975,0.17529996395112998,C
0.15848963,0,2023-02-22T18:06:32Z,137.43497573006388,38,29.28650284,0.1792538927396672,0.21289234430007975,0.17529996395112998,C
0.18478534,0,2023-02-22T18:06:32Z,137.43497573006388,38,29.28650284,0.1792538927396672,0.21289234430007975,0.17529996395112998,C
0.21544389,0,2023-02-22T18:06:32Z,137.43497573006388,38,29.28650284,0.1792538927396672,0.21289234430007975,0.17529996395112998,C
0.25118914,0,2023-02-22T18:06:32Z,137.43497573006388,38,29.28650284,0.1792538927396672,0.21289234430007975,0.17529996395112998,C
0.29286504,0,2023-02-22T18:06:32Z,137.43497573006388,38,29.28650284,0.1792538927396672,0.21289234430007975,0.17529996395112998,C
0.34145555,0,2023-02-22T18:06:32Z,137.43497573006388,38,29.28650284,0.1792538927396672,0.21289234430007975,0.17529996395112998,C
0.39810795,0,2023-02-22T18:06:32Z,137.43497573006388,38,29.28650284,0.1792538927396672,0.21289234430007975,0.17529996395112998,C
0.46415979,0,2023-02-22T18:06:32Z,137.43497573006388,38,29.28650284,0.1792538927396672,0.21289234430007975,0.17529996395112998,C
0.54117060,0,2023-02-22T18:06:32Z,137.43497573006388,38,29.28650284,0.1792538927396672,0.21289234430007975,0.17529996395112998,C
0.63095856,0,2023-02-22T18:06:32Z,137.43497573006388,38,29.28650284,0.1792538927396672,0.21289234430007975,0.17529996395112998,C
0.73564368,0,2023-02-22T18:06:32Z,137.43497573006388,38,29.28650284,0.1792538927396672,0.21289234430007975,0.17529996395112998,C
0.85769761,0,2023-02-22T18:06:32Z,137.43497573006388,38,29.28650284,0.1792538927396672,0.21289234430007975,0.17529996395112998,C
1.00000191,0.984523892403,2023-02-22T18:06:32Z,137.43497573006388,38,29.28650284,0.1792538927396672,0.21289234430007975,0.17529996395112998,C
1.16591668,4.64436674118,2023-02-22T18:06:32Z,137.43497573006388,38,29.28650284,0.1792538927396672,0.21289234430007975,0.17529996395112998,C
1.35935903,6.19676542282,2023-02-22T18:06:32Z,137.43497573006388,38,29.28650284,0.1792538927396672,0.21289234430007975,0.17529996395112998,C
1.58489633,4.1184630394,2023-02-22T18:06:32Z,137.43497573006388,38,29.28650284,0.1792538927396672,0.21289234430007975,0.17529996395112998,C
1.84785342,1.58587729931,2023-02-22T18:06:32Z,137.43497573006388,38,29.28650284,0.1792538927396672,0.21289234430007975,0.17529996395112998,C
2.15443897,0.355726987123,2023-02-22T18:06:32Z,137.43497573006388,38,29.28650284,0.1792538927396672,0.21289234430007975,0.17529996395112998,C
2.51189137,0.0387643799186,2023-02-22T18:06:32Z,137.43497573006388,38,29.28650284,0.1792538927396672,0.21289234430007975,0.17529996395112998,C
2.92865038,9.01511812117e-4,2023-02-22T18:06:32Z,137.43497573006388,38,29.28650284,0.1792538927396672,0.21289234430007975,0.17529996395112998,C
3.41455555,0,2023-02-22T18:06:32Z,137.43497573006388,38,29.28650284,0.1792538927396672,0.21289234430007975,0.17529996395112998,C
3.98107958,0,2023-02-22T18:06:32Z,137.43497573006388,38,29.28650284,0.1792538927396672,0.21289234430007975,0.17529996395112998,C
4.64159775,0,2023-02-22T18:06:32Z,137.43497573006388,38,29.28650284,0.1792538927396672,0.21289234430007975,0.17529996395112998,C
5.41170597,0.00576196750626,2023-02-22T18:06:32Z,137.43497573006388,38,29.28650284,0.1792538927396672,0.21289234430007975,0.17529996395112998,C
6.30958605,0.402803480625,2023-02-22T18:06:32Z,137.43497573006388,38,29.28650284,0.1792538927396672,0.21289234430007975,0.17529996395112998,C
7.35643721,1.05747902393,2023-02-22T18:06:32Z,137.43497573006388,38,29.28650284,0.1792538927396672,0.21289234430007975,0.17529996395112998,C
8.57697582,1.89780068398,2023-02-22T18:06:32Z,137.43497573006388,38,29.28650284,0.1792538927396672,0.21289234430007975,0.17529996395112998,C
10.00002003,2.84074258804,2023-02-22T18:06:32Z,137.43497573006388,38,29.28650284,0.1792538927396672,0.21289234430007975,0.17529996395112998,C
11.65916729,3.76865410805,2023-02-22T18:06:32Z,137.43497573006388,38,29.28650284,0.1792538927396672,0.21289234430007975,0.17529996395112998,C
13.59359074,4.52931165695,2023-02-22T18:06:32Z,137.43497573006388,38,29.28650284,0.1792538927396672,0.21289234430007975,0.17529996395112998,C
15.84896278,4.94552230835,2023-02-22T18:06:32Z,137.43497573006388,38,29.28650284,0.1792538927396672,0.21289234430007975,0.17529996395112998,C
18.47853470,4.85787248611,2023-02-22T18:06:32Z,137.43497573006388,38,29.28650284,0.1792538927396672,0.21289234430007975,0.17529996395112998,C
21.54438972,4.19551086426,2023-02-22T18:06:32Z,137.43497573006388,38,29.28650284,0.1792538927396672,0.21289234430007975,0.17529996395112998,C
25.11891365,3.06508827209,2023-02-22T18:06:32Z,137.43497573006388,38,29.28650284,0.1792538927396672,0.21289234430007975,0.17529996395112998,C
29.28650284,1.80183887482,2023-02-22T18:06:32Z,137.43497573006388,38,29.28650284,0.1792538927396672,0.21289234430007975,0.17529996395112998,C
34.14555740,0.898085415363,2023-02-22T18:06:32Z,137.43497573006388,38,29.28650284,0.1792538927396672,0.21289234430007975,0.17529996395112998,C
39.81079483,0.800936222076,2023-02-22T18:06:32Z,137.43497573006388,38,29.28650284,0.1792538927396672,0.21289234430007975,0.17529996395112998,C
46.41598129,1.93484032154,2023-02-22T18:06:32Z,137.43497573006388,38,29.28650284,0.1792538927396672,0.21289234430007975,0.17529996395112998,C
54.11705780,4.66815710068,2023-02-22T18:06:32Z,137.43497573006388,38,29.28650284,0.1792538927396672,0.21289234430007975,0.17529996395112998,C
63.09585953,8.55986595154,2023-02-22T18:06:32Z,137.43497573006388,38,29.28650284,0.1792538927396672,0.21289234430007975,0.17529996395112998,C
73.56436920,11.9207773209,2023-02-22T18:06:32Z,137.43497573006388,38,29.28650284,0.1792538927396672,0.21289234430007975,0.17529996395112998,C
85.76976013,12.2416229248,2023-02-22T18:06:32Z,137.43497573006388,38,29.28650284,0.1792538927396672,0.21289234430007975,0.17529996395112998,C
100.00019836,7.68193912506,2023-02-22T18:06:32Z,137.43497573006388,38,29.28650284,0.1792538927396672,0.21289234430007975,0.17529996395112998,C
116.59166718,0,2023-02-22T18:06:32Z,137.43497573006388,38,29.28650284,0.1792538927396672,0.21289234430007975,0.17529996395112998,C
135.93591309,0,2023-02-22T18:06:32Z,137.43497573006388,38,29.28650284,0.1792538927396672,0.21289234430007975,0.17529996395112998,C
158.48962402,0,2023-02-22T18:06:32Z,137.43497573006388,38,29.28650284,0.1792538927396672,0.21289234430007975,0.17529996395112998,C
184.78533936,0,2023-02-22T18:06:32Z,137.43497573006388,38,29.28650284,0.1792538927396672,0.21289234430007975,0.17529996395112998,C
215.44389343,0,2023-02-22T18:06:32Z,137.43497573006388,38,29.28650284,0.1792538927396672,0.21289234430007975,0.17529996395112998,C
251.18913269,0,2023-02-22T18:06:32Z,137.43497573006388,38,29.28650284,0.1792538927396672,0.21289234430007975,0.17529996395112998,C
292.86502075,0,2023-02-22T18:06:32Z,137.43497573006388,38,29.28650284,0.1792538927396672,0.21289234430007975,0.17529996395112998,C
341.45556641,0,2023-02-22T18:06:32Z,137.43497573006388,38,29.28650284,0.1792538927396672,0.21289234430007975,0.17529996395112998,C
398.10794067,0,2023-02-22T18:06:32Z,137.43497573006388,38,29.28650284,0.1792538927396672,0.21289234430007975,0.17529996395112998,C
464.15979004,0,2023-02-22T18:06:32Z,137.43497573006388,38,29.28650284,0.1792538927396672,0.21289234430007975,0.17529996395112998,C
541.17059326,0,2023-02-22T18:06:32Z,137.43497573006388,38,29.28650284,0.1792538927396672,0.21289234430007975,0.17529996395112998,C
630.95855713,0,2023-02-22T18:06:32Z,137.43497573006388,38,29.28650284,0.1792538927396672,0.21289234430007975,0.17529996395112998,C
735.64367676,0,2023-02-22T18:06:32Z,137.43497573006388,38,29.28650284,0.1792538927396672,0.21289234430007975,0.17529996395112998,C
857.69757080,0,2023-02-22T18:06:32Z,137.43497573006388,38,29.28650284,0.1792538927396672,0.21289234430007975,0.17529996395112998,C
1000.00195313,0,2023-02-22T18:06:32Z,137.43497573006388,38,29.28650284,0.1792538927396672,0.21289234430007975,0.17529996395112998,C
0.10000020,0,2023-02-22T18:06:33Z,166.22464879355556,37,25.11891365,0.1861462853080259,0.2215831833308799,0.18098653733727002,B
0.11659167,0,2023-02-22T18:06:33Z,166.22464879355556,37,25.11891365,0.1861462853080259,0.2215831833308799,0.18098653733727002,B
0.13593590,0,2023-02-22T18:06:33Z,166.22464879355556,37,25.11891365,0.1861462853080259,0.2215831833308799,0.18098653733727002,B
0.15848963,0,2023-02-22T18:06:33Z,166.22464879355556,37,25.11891365,0.1861462853080259,0.2215831833308799,0.18098653733727002,B
0.18478534,0,2023-02-22T18:06:33Z,166.22464879355556,37,25.11891365,0.1861462853080259,0.2215831833308799,0.18098653733727002,B
0.21544389,0,2023-02-22T18:06:33Z,166.22464879355556,37,25.11891365,0.1861462853080259,0.2215831833308799,0.18098653733727002,B
0.25118914,0,2023-02-22T18:06:33Z,166.22464879355556,37,25.11891365,0.1861462853080259,0.2215831833308799,0.18098653733727002,B
0.29286504,0,2023-02-22T18:06:33Z,166.22464879355556,37,25.11891365,0.1861462853080259,0.2215831833308799,0.18098653733727002,B
0.34145555,0,2023-02-22T18:06:33Z,166.22464879355556,37,25.11891365,0.1861462853080259,0.2215831833308799,0.18098653733727002,B
0.39810795,0,2023-02-22T18:06:33Z,166.22464879355556,37,25.11891365,0.1861462853080259,0.2215831833308799,0.18098653733727002,B
0.46415979,0,2023-02-22T18:06:33Z,166.22464879355556,37,25.11891365,0.1861462853080259,0.2215831833308799,0.18098653733727002,B
0.54117060,0,2023-02-22T18:06:33Z,166.22464879355556,37,25.11891365,0.1861462853080259,0.2215831833308799,0.18098653733727002,B
0.63095856,0,2023-02-22T18:06:33Z,166.22464879355556,37,25.11891365,0.1861462853080259,0.2215831833308799,0.18098653733727002,B
0.73564368,0,2023-02-22T18:06:33Z,166.22464879355556,37,25.11891365,0.1861462853080259,0.2215831833308799,0.18098653733727002,B
0.85769761,0,2023-02-22T18:06:33Z,166.22464879355556,37,25.11891365,0.1861462853080259,0.2215831833308799,0.18098653733727002,B
1.00000191,0.904682457447,2023-02-22T18:06:33Z,166.22464879355556,37,25.11891365,0.1861462853080259,0.2215831833308799,0.18098653733727002,B
1.16591668,4.49427986145,2023-02-22T18:06:33Z,166.22464879355556,37,25.11891365,0.1861462853080259,0.2215831833308799,0.18098653733727002,B
1.35935903,6.34596586227,2023-02-22T18:06:33Z,166.22464879355556,37,25.11891365,0.1861462853080259,0.2215831833308799,0.18098653733727002,B
1.58489633,4.49267578125,2023-02-22T18:06:33Z,166.22464879355556,37,25.11891365,0.1861462853080259,0.2215831833308799,0.18098653733727002,B
1.84785342,1.86104977131,2023-02-22T18:06:33Z,166.22464879355556,37,25.11891365,0.1861462853080259,0.2215831833308799,0.18098653733727002,B
2.15443897,0.457146525383,2023-02-22T18:06:33Z,166.22464879355556,37,25.11891365,0.1861462853080259,0.2215831833308799,0.18098653733727002,B
2.51189137,0.056984629482,2023-02-22T18:06:33Z,166.22464879355556,37,25.11891365,0.1861462853080259,0.2215831833308799,0.18098653733727002,B
2.92865038,0.00184364221059,2023-02-22T18:06:33Z,166.22464879355556,37,25.11891365,0.1861462853080259,0.2215831833308799,0.18098653733727002,B
3.41455555,0,2023-02-22T18:06:33Z,166.22464879355556,37,25.11891365,0.1861462853080259,0.2215831833308799,0.18098653733727002,B
3.98107958,0,2023-02-22T18:06:33Z,166.22464879355556,37,25.11891365,0.1861462853080259,0.2215831833308799,0.18098653733727002,B
4.64159775,0,2023-02-22T18:06:33Z,166.22464879355556,37,25.11891365,0.1861462853080259,0.2215831833308799,0.18098653733727002,B
5.41170597,0.0355794876814,2023-02-22T18:06:33Z,166.22464879355556,37,25.11891365,0.1861462853080259,0.2215831833308799,0.18098653733727002,B
6.30958605,0.449198395014,2023-02-22T18:06:33Z,166.22464879355556,37,25.11891365,0.1861462853080259,0.2215831833308799,0.18098653733727002,B
7.35643721,1.10921049118,2023-02-22T18:06:33Z,166.22464879355556,37,25.11891365,0.1861462853080259,0.2215831833308799,0.18098653733727002,B
8.57697582,1.94970142841,2023-02-22T18:06:33Z,166.22464879355556,37,25.11891365,0.1861462853080259,0.2215831833308799,0.18098653733727002,B
10.00002003,2.88802623749,2023-02-22T18:06:33Z,166.22464879355556,37,25.11891365,0.1861462853080259,0.2215831833308799,0.18098653733727002,B
11.65916729,3.80749773979,2023-02-22T18:06:33Z,166.22464879355556,37,25.11891365,0.1861462853080259,0.2215831833308799,0.18098653733727002,B
13.59359074,4.55763101578,2023-02-22T18:06:33Z,166.22464879355556,37,25.11891365,0.1861462853080259,0.2215831833308799,0.18098653733727002,B
15.84896278,4.96248531342,2023-02-22T18:06:33Z,166.22464879355556,37,25.11891365,0.1861462853080259,0.2215831833308799,0.18098653733727002,B
18.47853470,4.86239814758,2023-02-22T18:06:33Z,166.22464879355556,37,25.11891365,0.1861462853080259,0.2215831833308799,0.18098653733727002,B
21.54438972,4.18496799469,2023-02-22T18:06:33Z,166.22464879355556,37,25.11891365,0.1861462853080259,0.2215831833308799,0.18098653733727002,B
25.11891365,3.03564023972,2023-02-22T18:06:33Z,166.22464879355556,37,25.11891365,0.1861462853080259,0.2215831833308799,0.18098653733727002,B
29.28650284,1.75098073483,2023-02-22T18:06:33Z,166.22464879355556,37,25.11891365,0.1861462853080259,0.2215831833308799,0.18098653733727002,B
34.14555740,0.827120065689,2023-02-22T18:06:33Z,166.22464879355556,37,25.11891365,0.1861462853080259,0.2215831833308799,0.18098653733727002,B
39.81079483,0.706876277924,2023-02-22T18:06:33Z,166.22464879355556,37,25.11891365,0.1861462853080259,0.2215831833308799,0.18098653733727002,B
46.41598129,1.805991292,2023-02-22T18:06:33Z,166.22464879355556,37,25.11891365,0.1861462853080259,0.2215831833308799,0.18098653733727002,B
54.11705780,4.50921773911,2023-02-22T18:06:33Z,166.22464879355556,37,25.11891365,0.1861462853080259,0.2215831833308799,0.18098653733727002,B
63.09585953,8.3914899826,2023-02-22T18:06:33Z,166.22464879355556,37,25.11891365,0.1861462853080259,0.2215831833308799,0.18098653733727002,B
73.56436920,11.7724399567,2023-02-22T18:06:33Z,166.22464879355556,37,25.11891365,0.1861462853080259,0.2215831833308799,0.18098653733727002,B
85.76976013,12.1405515671,2023-02-22T18:06:33Z,166.22464879355556,37,25.11891365,0.1861462853080259,0.2215831833308799,0.18098653733727002,B
100.00019836,7.63836860657,2023-02-22T18:06:33Z,166.22464879355556,37,25.11891365,0.1861462853080259,0.2215831833308799,0.18098653733727002,B
116.59166718,0,2023-02-22T18:06:33Z,166.22464879355556,37,25.11891365,0.1861462853080259,0.2215831833308799,0.18098653733727002,B
135.93591309,0,2023-02-22T18:06:33Z,166.22464879355556,37,25.11891365,0.1861462853080259,0.2215831833308799,0.18098653733727002,B
158.48962402,0,2023-02-22T18:06:33Z,166.22464879355556,37,25.11891365,0.1861462853080259,0.2215831833308799,0.18098653733727002,B
184.78533936,0,2023-02-22T18:06:33Z,166.22464879355556,37,25.11891365,0.1861462853080259,0.2215831833308799,0.18098653733727002,B
215.44389343,0,2023-02-22T18:06:33Z,166.22464879355556,37,25.11891365,0.1861462853080259,0.2215831833308799,0.18098653733727002,B
251.18913269,0,2023-02-22T18:06:33Z,166.22464879355556,37,25.11891365,0.1861462853080259,0.2215831833308799,0.18098653733727002,B
292.86502075,0,2023-02-22T18:06:33Z,166.22464879355556,37,25.11891365,0.1861462853080259,0.2215831833308799,0.18098653733727002,B
341.45556641,0,2023-02-22T18:06:33Z,166.22464879355556,37,25.11891365,0.1861462853080259,0.2215831833308799,0.18098653733727002,B
398.10794067,0,2023-02-22T18:06:33Z,166.22464879355556,37,25.11891365,0.1861462853080259,0.2215831833308799,0.18098653733727002,B
464.15979004,0,2023-02-22T18:06:33Z,166.22464879355556,37,25.11891365,0.1861462853080259,0.2215831833308799,0.18098653733727002,B
541.17059326,0,2023-02-22T18:06:33Z,166.22464879355556,37,25.11891365,0.1861462853080259,0.2215831833308799,0.18098653733727002,B
630.95855713,0,2023-02-22T18:06:33Z,166.22464879355556,37,25.11891365,0.1861462853080259,0.2215831833308799,0.18098653733727002,B
735.64367676,0,2023-02-22T18:06:33Z,166.22464879355556,37,25.11891365,0.1861462853080259,0.2215831833308799,0.18098653733727002,B
857.69757080,0,2023-02-22T18:06:33Z,166.22464879355556,37,25.11891365,0.1861462853080259,0.2215831833308799,0.18098653733727002,B
1000.00195313,0,2023-02-22T18:06:33Z,166.22464879355556,37,25.11891365,0.1861462853080259,0.2215831833308799,0.18098653733727002,B
0.10000020,0,2023-02-22T18:06:34Z,175.1249923705,37,25.11891365,0.17841693651822105,0.20587920702021406,0.17037762820722002,B
0.11659167,0,2023-02-22T18:06:34Z,175.1249923705,37,25.11891365,0.17841693651822105,0.20587920702021406,0.17037762820722002,B
0.13593590,0,2023-02-22T18:06:34Z,175.1249923705,37,25.11891365,0.17841693651822105,0.20587920702021406,0.17037762820722002,B
0.15848963,0,2023-02-22T18:06:34Z,175.1249923705,37,25.11891365,0.17841693651822105,0.20587920702021406,0.17037762820722002,B
0.18478534,0,2023-02-22T18:06:34Z,175.1249923705,37,25.11891365,0.17841693651822105,0.20587920702021406,0.17037762820722002,B
0.21544389,0,2023-02-22T18:06:34Z,175.1249923705,37,25.11891365,0.17841693651822105,0.20587920702021406,0.17037762820722002,B
0.25118914,0,2023-02-22T18:06:34Z,175.1249923705,37,25.11891365,0.17841693651822105,0.20587920702021406,0.17037762820722002,B
0.29286504,0,2023-02-22T18:06:34Z,175.1249923705,37,25.11891365,0.17841693651822105,0.20587920702021406,0.17037762820722002,B
0.34145555,0,2023-02-22T18:06:34Z,175.1249923705,37,25.11891365,0.17841693651822105,0.20587920702021406,0.17037762820722002,B
0.39810795,0,2023-02-22T18:06:34Z,175.1249923705,37,25.11891365,0.17841693651822105,0.20587920702021406,0.17037762820722002,B
0.46415979,0,2023-02-22T18:06:34Z,175.1249923705,37,25.11891365,0.17841693651822105,0.20587920702021406,0.17037762820722002,B
0.54117060,0,2023-02-22T18:06:34Z,175.1249923705,37,25.11891365,0.17841693651822105,0.20587920702021406,0.17037762820722002,B
0.63095856,0,2023-02-22T18:06:34Z,175.1249923705,37,25.11891365,0.17841693651822105,0.20587920702021406,0.17037762820722002,B
0.73564368,0,2023-02-22T18:06:34Z,175.1249923705,37,25.11891365,0.17841693651822105,0.20587920702021406,0.17037762820722002,B
0.85769761,0,2023-02-22T18:06:34Z,175.1249923705,37,25.11891365,0.17841693651822105,0.20587920702021406,0.17037762820722002,B
1.00000191,0.561919867992,2023-02-22T18:06:34Z,175.1249923705,37,25.11891365,0.17841693651822105,0.20587920702021406,0.17037762820722002,B
1.16591668,3.46937441826,2023-02-22T18:06:34Z,175.1249923705,37,25.11891365,0.17841693651822105,0.20587920702021406,0.17037762820722002,B
1.35935903,5.82211589813,2023-02-22T18:06:34Z,175.1249923705,37,25.11891365,0.17841693651822105,0.20587920702021406,0.17037762820722002,B
1.58489633,4.83405351639,2023-02-22T18:06:34Z,175.1249923705,37,25.11891365,0.17841693651822105,0.20587920702021406,0.17037762820722002,B
1.84785342,2.35029911995,2023-02-22T18:06:34Z,175.1249923705,37,25.11891365,0.17841693651822105,0.20587920702021406,0.17037762820722002,B
2.15443897,0.689229607582,2023-02-22T18:06:34Z,175.1249923705,37,25.11891365,0.17841693651822105,0.20587920702021406,0.17037762820722002,B
2.51189137,0.108853414655,2023-02-22T18:06:34Z,175.1249923705,37,25.11891365,0.17841693651822105,0.20587920702021406,0.17037762820722002,B
2.92865038,0.00584104005247,2023-02-22T18:06:34Z,175.1249923705,37,25.11891365,0.17841693651822105,0.20587920702021406,0.17037762820722002,B
3.41455555,6.76881063555e-6,2023-02-22T18:06:34Z,175.1249923705,37,25.11891365,0.17841693651822105,0.20587920702021406,0.17037762820722002,B
3.98107958,0,2023-02-22T18:06:34Z,175.1249923705,37,25.11891365,0.17841693651822105,0.20587920702021406,0.17037762820722002,B
4.64159775,0,2023-02-22T18:06:34Z,175.1249923705,37,25.11891365,0.17841693651822105,0.20587920702021406,0.17037762820722002,B
5.41170597,0.0262195710093,2023-02-22T18:06:34Z,175.1249923705,37,25.11891365,0.17841693651822105,0.20587920702021406,0.17037762820722002,B
6.30958605,0.306564211845,2023-02-22T18:06:34Z,175.1249923705,37,25.11891365,0.17841693651822105,0.20587920702021406,0.17037762820722002,B
7.35643721,0.831425487995,2023-02-22T18:06:34Z,175.1249923705,37,25.11891365,0.17841693651822105,0.20587920702021406,0.17037762820722002,B
8.57697582,1.58201777935,2023-02-22T18:06:34Z,175.1249923705,37,25.11891365,0.17841693651822105,0.20587920702021406,0.17037762820722002,B
10.00002003,2.51731419563,2023-02-22T18:06:34Z,175.1249923705,37,25.11891365,0.17841693651822105,0.20587920702021406,0.17037762820722002,B
11.65916729,3.55593824387,2023-02-22T18:06:34Z,175.1249923705,37,25.11891365,0.17841693651822105,0.20587920702021406,0.17037762820722002,B
13.59359074,4.5667552948,2023-02-22T18:06:34Z,175.1249923705,37,25.11891365,0.17841693651822105,0.20587920702021406,0.17037762820722002,B
15.84896278,5.36162376404,2023-02-22T18:06:34Z,175.1249923705,37,25.11891365,0.17841693651822105,0.20587920702021406,0.17037762820722002,B
18.47853470,5.72460412979,2023-02-22T18:06:34Z,175.1249923705,37,25.11891365,0.17841693651822105,0.20587920702021406,0.17037762820722002,B
21.54438972,5.48792648315,2023-02-22T18:06:34Z,175.1249923705,37,25.11891365,0.17841693651822105,0.20587920702021406,0.17037762820722002,B
25.11891365,4.64729213715,2023-02-22T18:06:34Z,175.1249923705,37,25.11891365,0.17841693651822105,0.20587920702021406,0.17037762820722002,B
29.28650284,3.45134854317,2023-02-22T18:06:34Z,175.1249923705,37,25.11891365,0.17841693651822105,0.20587920702021406,0.17037762820722002,B
34.14555740,2.36658835411,2023-02-22T18:06:34Z,175.1249923705,37,25.11891365,0.17841693651822105,0.20587920702021406,0.17037762820722002,B
39.81079483,1.8888078928,2023-02-22T18:06:34Z,175.1249923705,37,25.11891365,0.17841693651822105,0.20587920702021406,0.17037762820722002,B
46.41598129,2.41262793541,2023-02-22T18:06:34Z,175.1249923705,37,25.11891365,0.17841693651822105,0.20587920702021406,0.17037762820722002,B
54.11705780,4.24485015869,2023-02-22T18:06:34Z,175.1249923705,37,25.11891365,0.17841693651822105,0.20587920702021406,0.17037762820722002,B
63.09585953,7.19246339798,2023-02-22T18:06:34Z,175.1249923705,37,25.11891365,0.17841693651822105,0.20587920702021406,0.17037762820722002,B
73.56436920,9.90724563599,2023-02-22T18:06:34Z,175.1249923705,37,25.11891365,0.17841693651822105,0.20587920702021406,0.17037762820722002,B
85.76976013,10.0724239349,2023-02-22T18:06:34Z,175.1249923705,37,25.11891365,0.17841693651822105,0.20587920702021406,0.17037762820722002,B
100.00019836,6.01426935196,2023-02-22T18:06:34Z,175.1249923705,37,25.11891365,0.17841693651822105,0.20587920702021406,0.17037762820722002,B
116.59166718,0,2023-02-22T18:06:34Z,175.1249923705,37,25.11891365,0.17841693651822105,0.20587920702021406,0.17037762820722002,B
135.93591309,0,2023-02-22T18:06:34Z,175.1249923705,37,25.11891365,0.17841693651822105,0.20587920702021406,0.17037762820722002,B
158.48962402,0,2023-02-22T18:06:34Z,175.1249923705,37,25.11891365,0.17841693651822105,0.20587920702021406,0.17037762820722002,B
184.78533936,0,2023-02-22T18:06:34Z,175.1249923705,37,25.11891365,0.17841693651822105,0.20587920702021406,0.17037762820722002,B
215.44389343,0,2023-02-22T18:06:34Z,175.1249923705,37,25.11891365,0.17841693651822105,0.20587920702021406,0.17037762820722002,B
251.18913269,0,2023-02-22T18:06:34Z,175.1249923705,37,25.11891365,0.17841693651822105,0.20587920702021406,0.17037762820722002,B
292.86502075,0,2023-02-22T18:06:34Z,175.1249923705,37,25.11891365,0.17841693651822105,0.20587920702021406,0.17037762820722002,B
341.45556641,0,2023-02-22T18:06:34Z,175.1249923705,37,25.11891365,0.17841693651822105,0.20587920702021406,0.17037762820722002,B
398.10794067,0,2023-02-22T18:06:34Z,175.1249923705,37,25.11891365,0.17841693651822105,0.20587920702021406,0.17037762820722002,B
464.15979004,0,2023-02-22T18:06:34Z,175.1249923705,37,25.11891365,0.17841693651822105,0.20587920702021406,0.17037762820722002,B
541.17059326,0,2023-02-22T18:06:34Z,175.1249923705,37,25.11891365,0.17841693651822105,0.20587920702021406,0.17037762820722002,B
630.95855713,0,2023-02-22T18:06:34Z,175.1249923705,37,25.11891365,0.17841693651822105,0.20587920702021406,0.17037762820722002,B
735.64367676,0,2023-02-22T18:06:34Z,175.1249923705,37,25.11891365,0.17841693651822105,0.20587920702021406,0.17037762820722002,B
857.69757080,0,2023-02-22T18:06:34Z,175.1249923705,37,25.11891365,0.17841693651822105,0.20587920702021406,0.17037762820722002,B
1000.00195313,0,2023-02-22T18:06:34Z,175.1249923705,37,25.11891365,0.17841693651822105,0.20587920702021406,0.17037762820722002,B
0.10000020,0,2023-02-22T18:06:35Z,129.2243417104,37,25.11891365,0.16193572139976717,0.20171039468285717,0.15846503883604998,C
0.11659167,0,2023-02-22T18:06:35Z,129.2243417104,37,25.11891365,0.16193572139976717,0.20171039468285717,0.15846503883604998,C
0.13593590,0,2023-02-22T18:06:35Z,129.2243417104,37,25.11891365,0.16193572139976717,0.20171039468285717,0.15846503883604998,C
0.15848963,0,2023-02-22T18:06:35Z,129.2243417104,37,25.11891365,0.16193572139976717,0.20171039468285717,0.15846503883604998,C
0.18478534,0,2023-02-22T18:06:35Z,129.2243417104,37,25.11891365,0.16193572139976717,0.20171039468285717,0.15846503883604998,C
0.21544389,0,2023-02-22T18:06:35Z,129.2243417104,37,25.11891365,0.16193572139976717,0.20171039468285717,0.15846503883604998,C
0.25118914,0,2023-02-22T18:06:35Z,129.2243417104,37,25.11891365,0.16193572139976717,0.20171039468285717,0.15846503883604998,C
0.29286504,0,2023-02-22T18:06:35Z,129.2243417104,37,25.11891365,0.16193572139976717,0.20171039468285717,0.15846503883604998,C
0.34145555,0,2023-02-22T18:06:35Z,129.2243417104,37,25.11891365,0.16193572139976717,0.20171039468285717,0.15846503883604998,C
0.39810795,0,2023-02-22T18:06:35Z,129.2243417104,37,25.11891365,0.16193572139976717,0.20171039468285717,0.15846503883604998,C
0.46415979,0,2023-02-22T18:06:35Z,129.2243417104,37,25.11891365,0.16193572139976717,0.20171039468285717,0.15846503883604998,C
0.54117060,0,2023-02-22T18:06:35Z,129.2243417104,37,25.11891365,0.16193572139976717,0.20171039468285717,0.15846503883604998,C
0.63095856,0,2023-02-22T18:06:35Z,129.2243417104,37,25.11891365,0.16193572139976717,0.20171039468285717,0.15846503883604998,C
0.73564368,0,2023-02-22T18:06:35Z,129.2243417104,37,25.11891365,0.16193572139976717,0.20171039468285717,0.15846503883604998,C
0.85769761,0,2023-02-22T18:06:35Z,129.2243417104,37,25.11891365,0.16193572139976717,0.20171039468285717,0.15846503883604998,C
1.00000191,0.283390671015,2023-02-22T18:06:35Z,129.2243417104,37,25.11891365,0.16193572139976717,0.20171039468285717,0.15846503883604998,C
1.16591668,3.15426397324,2023-02-22T18:06:35Z,129.2243417104,37,25.11891365,0.16193572139976717,0.20171039468285717,0.15846503883604998,C
1.35935903,6.11075210571,2023-02-22T18:06:35Z,129.2243417104,37,25.11891365,0.16193572139976717,0.20171039468285717,0.15846503883604998,C
1.58489633,4.60345029831,2023-02-22T18:06:35Z,129.2243417104,37,25.11891365,0.16193572139976717,0.20171039468285717,0.15846503883604998,C
1.84785342,1.69464683533,2023-02-22T18:06:35Z,129.2243417104,37,25.11891365,0.16193572139976717,0.20171039468285717,0.15846503883604998,C
2.15443897,0.319371044636,2023-02-22T18:06:35Z,129.2243417104,37,25.11891365,0.16193572139976717,0.20171039468285717,0.15846503883604998,C
2.51189137,0.0270729064941,2023-02-22T18:06:35Z,129.2243417104,37,25.11891365,0.16193572139976717,0.20171039468285717,0.15846503883604998,C
2.92865038,6.2379433075e-4,2023-02-22T18:06:35Z,129.2243417104,37,25.11891365,0.16193572139976717,0.20171039468285717,0.15846503883604998,C
3.41455555,5.10910865614e-7,2023-02-22T18:06:35Z,129.2243417104,37,25.11891365,0.16193572139976717,0.20171039468285717,0.15846503883604998,C
3.98107958,0,2023-02-22T18:06:35Z,129.2243417104,37,25.11891365,0.16193572139976717,0.20171039468285717,0.15846503883604998,C
4.64159775,0,2023-02-22T18:06:35Z,129.2243417104,37,25.11891365,0.16193572139976717,0.20171039468285717,0.15846503883604998,C
5.41170597,0.178214758635,2023-02-22T18:06:35Z,129.2243417104,37,25.11891365,0.16193572139976717,0.20171039468285717,0.15846503883604998,C
6.30958605,0.587395727634,2023-02-22T18:06:35Z,129.2243417104,37,25.11891365,0.16193572139976717,0.20171039468285717,0.15846503883604998,C
7.35643721,1.20853757858,2023-02-22T18:06:35Z,129.2243417104,37,25.11891365,0.16193572139976717,0.20171039468285717,0.15846503883604998,C
8.57697582,2.00331926346,2023-02-22T18:06:35Z,129.2243417104,37,25.11891365,0.16193572139976717,0.20171039468285717,0.15846503883604998,C
10.00002003,2.91044735909,2023-02-22T18:06:35Z,129.2243417104,37,25.11891365,0.16193572139976717,0.20171039468285717,0.15846503883604998,C
11.65916729,3.83436131477,2023-02-22T18:06:35Z,129.2243417104,37,25.11891365,0.16193572139976717,0.20171039468285717,0.15846503883604998,C
13.59359074,4.64210748672,2023-02-22T18:06:35Z,129.2243417104,37,25.11891365,0.16193572139976717,0.20171039468285717,0.15846503883604998,C
15.84896278,5.16664123535,2023-02-22T18:06:35Z,129.2243417104,37,25.11891365,0.16193572139976717,0.20171039468285717,0.15846503883604998,C
18.47853470,5.24078702927,2023-02-22T18:06:35Z,129.2243417104,37,25.11891365,0.16193572139976717,0.20171039468285717,0.15846503883604998,C
21.54438972,4.76271772385,2023-02-22T18:06:35Z,129.2243417104,37,25.11891365,0.16193572139976717,0.20171039468285717,0.15846503883604998,C
25.11891365,3.78686594963,2023-02-22T18:06:35Z,129.2243417104,37,25.11891365,0.16193572139976717,0.20171039468285717,0.15846503883604998,C
29.28650284,2.58970737457,2023-02-22T18:06:35Z,129.2243417104,37,25.11891365,0.16193572139976717,0.20171039468285717,0.15846503883604998,C
34.14555740,1.63237953186,2023-02-22T18:06:35Z,129.2243417104,37,25.11891365,0.16193572139976717,0.20171039468285717,0.15846503883604998,C
39.81079483,1.39819383621,2023-02-22T18:06:35Z,129.2243417104,37,25.11891365,0.16193572139976717,0.20171039468285717,0.15846503883604998,C
46.41598129,2.30400180817,2023-02-22T18:06:35Z,129.2243417104,37,25.11891365,0.16193572139976717,0.20171039468285717,0.15846503883604998,C
54.11705780,4.62905788422,2023-02-22T18:06:35Z,129.2243417104,37,25.11891365,0.16193572139976717,0.20171039468285717,0.15846503883604998,C
63.09585953,7.98719596863,2023-02-22T18:06:35Z,129.2243417104,37,25.11891365,0.16193572139976717,0.20171039468285717,0.15846503883604998,C
73.56436920,10.8927001953,2023-02-22T18:06:35Z,129.2243417104,37,25.11891365,0.16193572139976717,0.20171039468285717,0.15846503883604998,C
85.76976013,11.1022510529,2023-02-22T18:06:35Z,129.2243417104,37,25.11891365,0.16193572139976717,0.20171039468285717,0.15846503883604998,C
100.00019836,6.94954395294,2023-02-22T18:06:35Z,129.2243417104,37,25.11891365,0.16193572139976717,0.20171039468285717,0.15846503883604998,C
116.59166718,0,2023-02-22T18:06:35Z,129.2243417104,37,25.11891365,0.16193572139976717,0.20171039468285717,0.15846503883604998,C
135.93591309,0,2023-02-22T18:06:35Z,129.2243417104,37,25.11891365,0.16193572139976717,0.20171039468285717,0.15846503883604998,C
158.48962402,0,2023-02-22T18:06:35Z,129.2243417104,37,25.11891365,0.16193572139976717,0.20171039468285717,0.15846503883604998,C
184.78533936,0,2023-02-22T18:06:35Z,129.2243417104,37,25.11891365,0.16193572139976717,0.20171039468285717,0.15846503883604998,C
215.44389343,0,2023-02-22T18:06:35Z,129.2243417104,37,25.11891365,0.16193572139976717,0.20171039468285717,0.15846503883604998,C
251.18913269,0,2023-02-22T18:06:35Z,129.2243417104,37,25.11891365,0.16193572139976717,0.20171039468285717,0.15846503883604998,C
292.86502075,0,2023-02-22T18:06:35Z,129.2243417104,37,25.11891365,0.16193572139976717,0.20171039468285717,0.15846503883604998,C
341.45556641,0,2023-02-22T18:06:35Z,129.2243417104,37,25.11891365,0.16193572139976717,0.20171039468285717,0.15846503883604998,C
398.10794067,0,2023-02-22T18:06:35Z,129.2243417104,37,25.11891365,0.16193572139976717,0.20171039468285717,0.15846503883604998,C
464.15979004,0,2023-02-22T18:06:35Z,129.2243417104,37,25.11891365,0.16193572139976717,0.20171039468285717,0.15846503883604998,C
541.17059326,0,2023-02-22T18:06:35Z,129.2243417104,37,25.11891365,0.16193572139976717,0.20171039468285717,0.15846503883604998,C
630.95855713,0,2023-02-22T18:06:35Z,129.2243417104,37,25.11891365,0.16193572139976717,0.20171039468285717,0.15846503883604998,C
735.64367676,0,2023-02-22T18:06:35Z,129.2243417104,37,25.11891365,0.16193572139976717,0.20171039468285717,0.15846503883604998,C
857.69757080,0,2023-02-22T18:06:35Z,129.2243417104,37,25.11891365,0.16193572139976717,0.20171039468285717,0.15846503883604998,C
1000.00195313,0,2023-02-22T18:06:35Z,129.2243417104,37,25.11891365,0.16193572139976717,0.20171039468285717,0.15846503883604998,C
0.10000020,0,2023-02-22T18:06:36Z,154.65583038331945,41,46.41598129,0.14995294509822263,0.19393165139844265,0.14992974250929797,B
0.11659167,0,2023-02-22T18:06:36Z,154.65583038331945,41,46.41598129,0.14995294509822263,0.19393165139844265,0.14992974250929797,B
0.13593590,0,2023-02-22T18:06:36Z,154.65583038331945,41,46.41598129,0.14995294509822263,0.19393165139844265,0.14992974250929797,B
0.15848963,0,2023-02-22T18:06:36Z,154.65583038331945,41,46.41598129,0.14995294509822263,0.19393165139844265,0.14992974250929797,B
0.18478534,0,2023-02-22T18:06:36Z,154.65583038331945,41,46.41598129,0.14995294509822263,0.19393165139844265,0.14992974250929797,B
0.21544389,0,2023-02-22T18:06:36Z,154.65583038331945,41,46.41598129,0.14995294509822263,0.19393165139844265,0.14992974250929797,B
0.25118914,0,2023-02-22T18:06:36Z,154.65583038331945,41,46.41598129,0.14995294509822263,0.19393165139844265,0.14992974250929797,B
0.29286504,0,2023-02-22T18:06:36Z,154.65583038331945,41,46.41598129,0.14995294509822263,0.19393165139844265,0.14992974250929797,B
0.34145555,0,2023-02-22T18:06:36Z,154.65583038331945,41,46.41598129,0.14995294509822263,0.19393165139844265,0.14992974250929797,B
0.39810795,0,2023-02-22T18:06:36Z,154.65583038331945,41,46.41598129,0.14995294509822263,0.19393165139844265,0.14992974250929797,B
0.46415979,0,2023-02-22T18:06:36Z,154.65583038331945,41,46.41598129,0.14995294509822263,0.19393165139844265,0.14992974250929797,B
0.54117060,0,2023-02-22T18:06:36Z,154.65583038331945,41,46.41598129,0.14995294509822263,0.19393165139844265,0.14992974250929797,B
0.63095856,0,2023-02-22T18:06:36Z,154.65583038331945,41,46.41598129,0.14995294509822263,0.19393165139844265,0.14992974250929797,B
0.73564368,0,2023-02-22T18:06:36Z,154.65583038331945,41,46.41598129,0.14995294509822263,0.19393165139844265,0.14992974250929797,B
0.85769761,0,2023-02-22T18:06:36Z,154.65583038331945,41,46.41598129,0.14995294509822263,0.19393165139844265,0.14992974250929797,B
1.00000191,5.57600869797e-4,2023-02-22T18:06:36Z,154.65583038331945,41,46.41598129,0.14995294509822263,0.19393165139844265,0.14992974250929797,B
1.16591668,0.932096898556,2023-02-22T18:06:36Z,154.65583038331945,41,46.41598129,0.14995294509822263,0.19393165139844265,0.14992974250929797,B
1.35935903,8.8279838562,2023-02-22T18:06:36Z,154.65583038331945,41,46.41598129,0.14995294509822263,0.19393165139844265,0.14992974250929797,B
1.58489633,4.92466449738,2023-02-22T18:06:36Z,154.65583038331945,41,46.41598129,0.14995294509822263,0.19393165139844265,0.14992974250929797,B
1.84785342,0.307671397924,2023-02-22T18:06:36Z,154.65583038331945,41,46.41598129,0.14995294509822263,0.19393165139844265,0.14992974250929797,B
2.15443897,0.00231904513203,2023-02-22T18:06:36Z,154.65583038331945,41,46.41598129,0.14995294509822263,0.19393165139844265,0.14992974250929797,B
2.51189137,1.21375569506e-6,2023-02-22T18:06:36Z,154.65583038331945,41,46.41598129,0.14995294509822263,0.19393165139844265,0.14992974250929797,B
2.92865038,4.74163460232e-12,2023-02-22T18:06:36Z,154.65583038331945,41,46.41598129,0.14995294509822263,0.19393165139844265,0.14992974250929797,B
3.41455555,5.79002911796e-28,2023-02-22T18:06:36Z,154.65583038331945,41,46.41598129,0.14995294509822263,0.19393165139844265,0.14992974250929797,B
3.98107958,0,2023-02-22T18:06:36Z,154.65583038331945,41,46.41598129,0.14995294509822263,0.19393165139844265,0.14992974250929797,B
4.64159775,0,2023-02-22T18:06:36Z,154.65583038331945,41,46.41598129,0.14995294509822263,0.19393165139844265,0.14992974250929797,B
5.41170597,0.170087009668,2023-02-22T18:06:36Z,154.65583038331945,41,46.41598129,0.14995294509822263,0.19393165139844265,0.14992974250929797,B
6.30958605,0.638638556004,2023-02-22T18:06:36Z,154.65583038331945,41,46.41598129,0.14995294509822263,0.19393165139844265,0.14992974250929797,B
7.35643721,1.34821093082,2023-02-22T18:06:36Z,154.65583038331945,41,46.41598129,0.14995294509822263,0.19393165139844265,0.14992974250929797,B
8.57697582,2.24093413353,2023-02-22T18:06:36Z,154.65583038331945,41,46.41598129,0.14995294509822263,0.19393165139844265,0.14992974250929797,B
10.00002003,3.2179377079,2023-02-22T18:06:36Z,154.65583038331945,41,46.41598129,0.14995294509822263,0.19393165139844265,0.14992974250929797,B
11.65916729,4.13497304916,2023-02-22T18:06:36Z,154.65583038331945,41,46.41598129,0.14995294509822263,0.19393165139844265,0.14992974250929797,B
13.59359074,4.80842351913,2023-02-22T18:06:36Z,154.65583038331945,41,46.41598129,0.14995294509822263,0.19393165139844265,0.14992974250929797,B
15.84896278,5.04177808762,2023-02-22T18:06:36Z,154.65583038331945,41,46.41598129,0.14995294509822263,0.19393165139844265,0.14992974250929797,B
18.47853470,4.68550300598,2023-02-22T18:06:36Z,154.65583038331945,41,46.41598129,0.14995294509822263,0.19393165139844265,0.14992974250929797,B
21.54438972,3.71767687798,2023-02-22T18:06:36Z,154.65583038331945,41,46.41598129,0.14995294509822263,0.19393165139844265,0.14992974250929797,B
25.11891365,2.33021259308,2023-02-22T18:06:36Z,154.65583038331945,41,46.41598129,0.14995294509822263,0.19393165139844265,0.14992974250929797,B
29.28650284,0.957168996334,2023-02-22T18:06:36Z,154.65583038331945,41,46.41598129,0.14995294509822263,0.19393165139844265,0.14992974250929797,B
34.14555740,0.145829632878,2023-02-22T18:06:36Z,154.65583038331945,41,46.41598129,0.14995294509822263,0.19393165139844265,0.14992974250929797,B
39.81079483,0.19333602488,2023-02-22T18:06:36Z,154.65583038331945,41,46.41598129,0.14995294509822263,0.19393165139844265,0.14992974250929797,B
46.41598129,1.57601904869,2023-02-22T18:06:36Z,154.65583038331945,41,46.41598129,0.14995294509822263,0.19393165139844265,0.14992974250929797,B
54.11705780,4.8381986618,2023-02-22T18:06:36Z,154.65583038331945,41,46.41598129,0.14995294509822263,0.19393165139844265,0.14992974250929797,B
63.09585953,9.39900970459,2023-02-22T18:06:36Z,154.65583038331945,41,46.41598129,0.14995294509822263,0.19393165139844265,0.14992974250929797,B
73.56436920,13.2884664536,2023-02-22T18:06:36Z,154.65583038331945,41,46.41598129,0.14995294509822263,0.19393165139844265,0.14992974250929797,B
85.76976013,13.6873664856,2023-02-22T18:06:36Z,154.65583038331945,41,46.41598129,0.14995294509822263,0.19393165139844265,0.14992974250929797,B
100.00019836,8.58493423462,2023-02-22T18:06:36Z,154.65583038331945,41,46.41598129,0.14995294509822263,0.19393165139844265,0.14992974250929797,B
116.59166718,0,2023-02-22T18:06:36Z,154.65583038331945,41,46.41598129,0.14995294509822263,0.19393165139844265,0.14992974250929797,B
135.93591309,0,2023-02-22T18:06:36Z,154.65583038331945,41,46.41598129,0.14995294509822263,0.19393165139844265,0.14992974250929797,B
158.48962402,0,2023-02-22T18:06:36Z,154.65583038331945,41,46.41598129,0.14995294509822263,0.19393165139844265,0.14992974250929797,B
184.78533936,0,2023-02-22T18:06:36Z,154.65583038331945,41,46.41598129,0.14995294509822263,0.19393165139844265,0.14992974250929797,B
215.44389343,0,2023-02-22T18:06:36Z,154.65583038331945,41,46.41598129,0.14995294509822263,0.19393165139844265,0.14992974250929797,B
251.18913269,0,2023-02-22T18:06:36Z,154.65583038331945,41,46.41598129,0.14995294509822263,0.19393165139844265,0.14992974250929797,B
292.86502075,0,2023-02-22T18:06:36Z,154.65583038331945,41,46.41598129,0.14995294509822263,0.19393165139844265,0.14992974250929797,B
341.45556641,0,2023-02-22T18:06:36Z,154.65583038331945,41,46.41598129,0.14995294509822263,0.19393165139844265,0.14992974250929797,B
398.10794067,0,2023-02-22T18:06:36Z,154.65583038331945,41,46.41598129,0.14995294509822263,0.19393165139844265,0.14992974250929797,B
464.15979004,0,2023-02-22T18:06:36Z,154.65583038331945,41,46.41598129,0.14995294509822263,0.19393165139844265,0.14992974250929797,B
541.17059326,0,2023-02-22T18:06:36Z,154.65583038331945,41,46.41598129,0.14995294509822263,0.19393165139844265,0.14992974250929797,B
630.95855713,0,2023-02-22T18:06:36Z,154.65583038331945,41,46.41598129,0.14995294509822263,0.19393165139844265,0.14992974250929797,B
735.64367676,0,2023-02-22T18:06:36Z,154.65583038331945,41,46.41598129,0.14995294509822263,0.19393165139844265,0.14992974250929797,B
857.69757080,0,2023-02-22T18:06:36Z,154.65583038331945,41,46.41598129,0.14995294509822263,0.19393165139844265,0.14992974250929797,B
1000.00195313,0,2023-02-22T18:06:36Z,154.65583038331945,41,46.41598129,0.14995294509822263,0.19393165139844265,0.14992974250929797,B
0.10000020,0,2023-02-22T18:06:37Z,200.95767635769445,37,25.11891365,0.17084541316036791,0.2187235897303179,0.16777010589831,B
0.11659167,0,2023-02-22T18:06:37Z,200.95767635769445,37,25.11891365,0.17084541316036791,0.2187235897303179,0.16777010589831,B
0.13593590,0,2023-02-22T18:06:37Z,200.95767635769445,37,25.11891365,0.17084541316036791,0.2187235897303179,0.16777010589831,B
0.15848963,0,2023-02-22T18:06:37Z,200.95767635769445,37,25.11891365,0.17084541316036791,0.2187235897303179,0.16777010589831,B
0.18478534,0,2023-02-22T18:06:37Z,200.95767635769445,37,25.11891365,0.17084541316036791,0.2187235897303179,0.16777010589831,B
0.21544389,0,2023-02-22T18:06:37Z,200.95767635769445,37,25.11891365,0.17084541316036791,0.2187235897303179,0.16777010589831,B
0.25118914,0,2023-02-22T18:06:37Z,200.95767635769445,37,25.11891365,0.17084541316036791,0.2187235897303179,0.16777010589831,B
0.29286504,0,2023-02-22T18:06:37Z,200.95767635769445,37,25.11891365,0.17084541316036791,0.2187235897303179,0.16777010589831,B
0.34145555,0,2023-02-22T18:06:37Z,200.95767635769445,37,25.11891365,0.17084541316036791,0.2187235897303179,0.16777010589831,B
0.39810795,0,2023-02-22T18:06:37Z,200.95767635769445,37,25.11891365,0.17084541316036791,0.2187235897303179,0.16777010589831,B
0.46415979,0,2023-02-22T18:06:37Z,200.95767635769445,37,25.11891365,0.17084541316036791,0.2187235897303179,0.16777010589831,B
0.54117060,0,2023-02-22T18:06:37Z,200.95767635769445,37,25.11891365,0.17084541316036791,0.2187235897303179,0.16777010589831,B
0.63095856,0,2023-02-22T18:06:37Z,200.95767635769445,37,25.11891365,0.17084541316036791,0.2187235897303179,0.16777010589831,B
0.73564368,0,2023-02-22T18:06:37Z,200.95767635769445,37,25.11891365,0.17084541316036791,0.2187235897303179,0.16777010589831,B
0.85769761,0,2023-02-22T18:06:37Z,200.95767635769445,37,25.11891365,0.17084541316036791,0.2187235897303179,0.16777010589831,B
1.00000191,0.271070152521,2023-02-22T18:06:37Z,200.95767635769445,37,25.11891365,0.17084541316036791,0.2187235897303179,0.16777010589831,B
1.16591668,3.35350680351,2023-02-22T18:06:37Z,200.95767635769445,37,25.11891365,0.17084541316036791,0.2187235897303179,0.16777010589831,B
1.35935903,6.6244273185699996,2023-02-22T18:06:37Z,200.95767635769445,37,25.11891365,0.17084541316036791,0.2187235897303179,0.16777010589831,B
1.58489633,4.85442686081,2023-02-22T18:06:37Z,200.95767635769445,37,25.11891365,0.17084541316036791,0.2187235897303179,0.16777010589831,B
1.84785342,1.67357945442,2023-02-22T18:06:37Z,200.95767635769445,37,25.11891365,0.17084541316036791,0.2187235897303179,0.16777010589831,B
2.15443897,0.283690035343,2023-02-22T18:06:37Z,200.95767635769445,37,25.11891365,0.17084541316036791,0.2187235897303179,0.16777010589831,B
2.51189137,0.020448314026,2023-02-22T18:06:37Z,200.95767635769445,37,25.11891365,0.17084541316036791,0.2187235897303179,0.16777010589831,B
2.92865038,3.59141879017e-4,2023-02-22T18:06:37Z,200.95767635769445,37,25.11891365,0.17084541316036791,0.2187235897303179,0.16777010589831,B
3.41455555,1.44342124031e-7,2023-02-22T18:06:37Z,200.95767635769445,37,25.11891365,0.17084541316036791,0.2187235897303179,0.16777010589831,B
3.98107958,0,2023-02-22T18:06:37Z,200.95767635769445,37,25.11891365,0.17084541316036791,0.2187235897303179,0.16777010589831,B
4.64159775,0.00303309061565,2023-02-22T18:06:37Z,200.95767635769445,37,25.11891365,0.17084541316036791,0.2187235897303179,0.16777010589831,B
5.41170597,0.231988608837,2023-02-22T18:06:37Z,200.95767635769445,37,25.11891365,0.17084541316036791,0.2187235897303179,0.16777010589831,B
6.30958605,0.725921869278,2023-02-22T18:06:37Z,200.95767635769445,37,25.11891365,0.17084541316036791,0.2187235897303179,0.16777010589831,B
7.35643721,1.46020770073,2023-02-22T18:06:37Z,200.95767635769445,37,25.11891365,0.17084541316036791,0.2187235897303179,0.16777010589831,B
8.57697582,2.36969947815,2023-02-22T18:06:37Z,200.95767635769445,37,25.11891365,0.17084541316036791,0.2187235897303179,0.16777010589831,B
10.00002003,3.34813117981,2023-02-22T18:06:37Z,200.95767635769445,37,25.11891365,0.17084541316036791,0.2187235897303179,0.16777010589831,B
11.65916729,4.24718904495,2023-02-22T18:06:37Z,200.95767635769445,37,25.11891365,0.17084541316036791,0.2187235897303179,0.16777010589831,B
13.59359074,4.88481712341,2023-02-22T18:06:37Z,200.95767635769445,37,25.11891365,0.17084541316036791,0.2187235897303179,0.16777010589831,B
15.84896278,5.07163906097,2023-02-22T18:06:37Z,200.95767635769445,37,25.11891365,0.17084541316036791,0.2187235897303179,0.16777010589831,B
18.47853470,4.66847801208,2023-02-22T18:06:37Z,200.95767635769445,37,25.11891365,0.17084541316036791,0.2187235897303179,0.16777010589831,B
21.54438972,3.66298222542,2023-02-22T18:06:37Z,200.95767635769445,37,25.11891365,0.17084541316036791,0.2187235897303179,0.16777010589831,B
25.11891365,2.25192904472,2023-02-22T18:06:37Z,200.95767635769445,37,25.11891365,0.17084541316036791,0.2187235897303179,0.16777010589831,B
29.28650284,0.868607878685,2023-02-22T18:06:37Z,200.95767635769445,37,25.11891365,0.17084541316036791,0.2187235897303179,0.16777010589831,B
34.14555740,0.0628163740039,2023-02-22T18:06:37Z,200.95767635769445,37,25.11891365,0.17084541316036791,0.2187235897303179,0.16777010589831,B
39.81079483,0.0788100808859,2023-02-22T18:06:37Z,200.95767635769445,37,25.11891365,0.17084541316036791,0.2187235897303179,0.16777010589831,B
46.41598129,1.35666573048,2023-02-22T18:06:37Z,200.95767635769445,37,25.11891365,0.17084541316036791,0.2187235897303179,0.16777010589831,B
54.11705780,4.49151039124,2023-02-22T18:06:37Z,200.95767635769445,37,25.11891365,0.17084541316036791,0.2187235897303179,0.16777010589831,B
63.09585953,8.92353534698,2023-02-22T18:06:37Z,200.95767635769445,37,25.11891365,0.17084541316036791,0.2187235897303179,0.16777010589831,B
73.56436920,12.7376556396,2023-02-22T18:06:37Z,200.95767635769445,37,25.11891365,0.17084541316036791,0.2187235897303179,0.16777010589831,B
85.76976013,13.183347702,2023-02-22T18:06:37Z,200.95767635769445,37,25.11891365,0.17084541316036791,0.2187235897303179,0.16777010589831,B
100.00019836,8.28953647614,2023-02-22T18:06:37Z,200.95767635769445,37,25.11891365,0.17084541316036791,0.2187235897303179,0.16777010589831,B
116.59166718,0,2023-02-22T18:06:37Z,200.95767635769445,37,25.11891365,0.17084541316036791,0.2187235897303179,0.16777010589831,B
135.93591309,0,2023-02-22T18:06:37Z,200.95767635769445,37,25.11891365,0.17084541316036791,0.2187235897303179,0.16777010589831,B
158.48962402,0,2023-02-22T18:06:37Z,200.95767635769445,37,25.11891365,0.17084541316036791,0.2187235897303179,0.16777010589831,B
184.78533936,0,2023-02-22T18:06:37Z,200.95767635769445,37,25.11891365,0.17084541316036791,0.2187235897303179,0.16777010589831,B
215.44389343,0,2023-02-22T18:06:37Z,200.95767635769445,37,25.11891365,0.17084541316036791,0.2187235897303179,0.16777010589831,B
251.18913269,0,2023-02-22T18:06:37Z,200.95767635769445,37,25.11891365,0.17084541316036791,0.2187235897303179,0.16777010589831,B
292.86502075,0,2023-02-22T18:06:37Z,200.95767635769445,37,25.11891365,0.17084541316036791,0.2187235897303179,0.16777010589831,B
341.45556641,0,2023-02-22T18:06:37Z,200.95767635769445,37,25.11891365,0.17084541316036791,0.2187235897303179,0.16777010589831,B
398.10794067,0,2023-02-22T18:06:37Z,200.95767635769445,37,25.11891365,0.17084541316036791,0.2187235897303179,0.16777010589831,B
464.15979004,0,2023-02-22T18:06:37Z,200.95767635769445,37,25.11891365,0.17084541316036791,0.2187235897303179,0.16777010589831,B
541.17059326,0,2023-02-22T18:06:37Z,200.95767635769445,37,25.11891365,0.17084541316036791,0.2187235897303179,0.16777010589831,B
630.95855713,0,2023-02-22T18:06:37Z,200.95767635769445,37,25.11891365,0.17084541316036791,0.2187235897303179,0.16777010589831,B
735.64367676,0,2023-02-22T18:06:37Z,200.95767635769445,37,25.11891365,0.17084541316036791,0.2187235897303179,0.16777010589831,B
857.69757080,0,2023-02-22T18:06:37Z,200.95767635769445,37,25.11891365,0.17084541316036791,0.2187235897303179,0.16777010589831,B
1000.00195313,0,2023-02-22T18:06:37Z,200.95767635769445,37,25.11891365,0.17084541316036791,0.2187235897303179,0.16777010589831,B
0.10000020,0,2023-02-22T18:06:38Z,166.16218969554723,42,54.1170578,0.1908085384922594,0.2214248788313894,0.18487264037119,B
0.11659167,0,2023-02-22T18:06:38Z,166.16218969554723,42,54.1170578,0.1908085384922594,0.2214248788313894,0.18487264037119,B
0.13593590,0,2023-02-22T18:06:38Z,166.16218969554723,42,54.1170578,0.1908085384922594,0.2214248788313894,0.18487264037119,B
0.15848963,0,2023-02-22T18:06:38Z,166.16218969554723,42,54.1170578,0.1908085384922594,0.2214248788313894,0.18487264037119,B
0.18478534,0,2023-02-22T18:06:38Z,166.16218969554723,42,54.1170578,0.1908085384922594,0.2214248788313894,0.18487264037119,B
0.21544389,0,2023-02-22T18:06:38Z,166.16218969554723,42,54.1170578,0.1908085384922594,0.2214248788313894,0.18487264037119,B
0.25118914,0,2023-02-22T18:06:38Z,166.16218969554723,42,54.1170578,0.1908085384922594,0.2214248788313894,0.18487264037119,B
0.29286504,0,2023-02-22T18:06:38Z,166.16218969554723,42,54.1170578,0.1908085384922594,0.2214248788313894,0.18487264037119,B
0.34145555,0,2023-02-22T18:06:38Z,166.16218969554723,42,54.1170578,0.1908085384922594,0.2214248788313894,0.18487264037119,B
0.39810795,0,2023-02-22T18:06:38Z,166.16218969554723,42,54.1170578,0.1908085384922594,0.2214248788313894,0.18487264037119,B
0.46415979,0,2023-02-22T18:06:38Z,166.16218969554723,42,54.1170578,0.1908085384922594,0.2214248788313894,0.18487264037119,B
0.54117060,0,2023-02-22T18:06:38Z,166.16218969554723,42,54.1170578,0.1908085384922594,0.2214248788313894,0.18487264037119,B
0.63095856,0,2023-02-22T18:06:38Z,166.16218969554723,42,54.1170578,0.1908085384922594,0.2214248788313894,0.18487264037119,B
0.73564368,0,2023-02-22T18:06:38Z,166.16218969554723,42,54.1170578,0.1908085384922594,0.2214248788313894,0.18487264037119,B
0.85769761,0,2023-02-22T18:06:38Z,166.16218969554723,42,54.1170578,0.1908085384922594,0.2214248788313894,0.18487264037119,B
1.00000191,0.554087042809,2023-02-22T18:06:38Z,166.16218969554723,42,54.1170578,0.1908085384922594,0.2214248788313894,0.18487264037119,B
1.16591668,3.94468259811,2023-02-22T18:06:38Z,166.16218969554723,42,54.1170578,0.1908085384922594,0.2214248788313894,0.18487264037119,B
1.35935903,6.65262699127,2023-02-22T18:06:38Z,166.16218969554723,42,54.1170578,0.1908085384922594,0.2214248788313894,0.18487264037119,B
1.58489633,5.14357757568,2023-02-22T18:06:38Z,166.16218969554723,42,54.1170578,0.1908085384922594,0.2214248788313894,0.18487264037119,B
1.84785342,2.19228982925,2023-02-22T18:06:38Z,166.16218969554723,42,54.1170578,0.1908085384922594,0.2214248788313894,0.18487264037119,B
2.15443897,0.529141426086,2023-02-22T18:06:38Z,166.16218969554723,42,54.1170578,0.1908085384922594,0.2214248788313894,0.18487264037119,B
2.51189137,0.0624879598618,2023-02-22T18:06:38Z,166.16218969554723,42,54.1170578,0.1908085384922594,0.2214248788313894,0.18487264037119,B
2.92865038,0.00196036696434,2023-02-22T18:06:38Z,166.16218969554723,42,54.1170578,0.1908085384922594,0.2214248788313894,0.18487264037119,B
3.41455555,5.91948001727e-8,2023-02-22T18:06:38Z,166.16218969554723,42,54.1170578,0.1908085384922594,0.2214248788313894,0.18487264037119,B
3.98107958,0,2023-02-22T18:06:38Z,166.16218969554723,42,54.1170578,0.1908085384922594,0.2214248788313894,0.18487264037119,B
4.64159775,0,2023-02-22T18:06:38Z,166.16218969554723,42,54.1170578,0.1908085384922594,0.2214248788313894,0.18487264037119,B
5.41170597,0,2023-02-22T18:06:38Z,166.16218969554723,42,54.1170578,0.1908085384922594,0.2214248788313894,0.18487264037119,B
6.30958605,0.346475034952,2023-02-22T18:06:38Z,166.16218969554723,42,54.1170578,0.1908085384922594,0.2214248788313894,0.18487264037119,B
7.35643721,0.956906020641,2023-02-22T18:06:38Z,166.16218969554723,42,54.1170578,0.1908085384922594,0.2214248788313894,0.18487264037119,B
8.57697582,1.75825297832,2023-02-22T18:06:38Z,166.16218969554723,42,54.1170578,0.1908085384922594,0.2214248788313894,0.18487264037119,B
10.00002003,2.66283202171,2023-02-22T18:06:38Z,166.16218969554723,42,54.1170578,0.1908085384922594,0.2214248788313894,0.18487264037119,B
11.65916729,3.54223632813,2023-02-22T18:06:38Z,166.16218969554723,42,54.1170578,0.1908085384922594,0.2214248788313894,0.18487264037119,B
13.59359074,4.22903728485,2023-02-22T18:06:38Z,166.16218969554723,42,54.1170578,0.1908085384922594,0.2214248788313894,0.18487264037119,B
15.84896278,4.53353261948,2023-02-22T18:06:38Z,166.16218969554723,42,54.1170578,0.1908085384922594,0.2214248788313894,0.18487264037119,B
18.47853470,4.29654788971,2023-02-22T18:06:38Z,166.16218969554723,42,54.1170578,0.1908085384922594,0.2214248788313894,0.18487264037119,B
21.54438972,3.46976733208,2023-02-22T18:06:38Z,166.16218969554723,42,54.1170578,0.1908085384922594,0.2214248788313894,0.18487264037119,B
25.11891365,2.20976996422,2023-02-22T18:06:38Z,166.16218969554723,42,54.1170578,0.1908085384922594,0.2214248788313894,0.18487264037119,B
29.28650284,0.921079993248,2023-02-22T18:06:38Z,166.16218969554723,42,54.1170578,0.1908085384922594,0.2214248788313894,0.18487264037119,B
34.14555740,0.142995774746,2023-02-22T18:06:38Z,166.16218969554723,42,54.1170578,0.1908085384922594,0.2214248788313894,0.18487264037119,B
39.81079483,0.191472545266,2023-02-22T18:06:38Z,166.16218969554723,42,54.1170578,0.1908085384922594,0.2214248788313894,0.18487264037119,B
46.41598129,1.56357693672,2023-02-22T18:06:38Z,166.16218969554723,42,54.1170578,0.1908085384922594,0.2214248788313894,0.18487264037119,B
54.11705780,4.82697534561,2023-02-22T18:06:38Z,166.16218969554723,42,54.1170578,0.1908085384922594,0.2214248788313894,0.18487264037119,B
63.09585953,9.4215555191,2023-02-22T18:06:38Z,166.16218969554723,42,54.1170578,0.1908085384922594,0.2214248788313894,0.18487264037119,B
73.56436920,13.368437767,2023-02-22T18:06:38Z,166.16218969554723,42,54.1170578,0.1908085384922594,0.2214248788313894,0.18487264037119,B
85.76976013,13.8049440384,2023-02-22T18:06:38Z,166.16218969554723,42,54.1170578,0.1908085384922594,0.2214248788313894,0.18487264037119,B
100.00019836,8.67275047302,2023-02-22T18:06:38Z,166.16218969554723,42,54.1170578,0.1908085384922594,0.2214248788313894,0.18487264037119,B
116.59166718,0,2023-02-22T18:06:38Z,166.16218969554723,42,54.1170578,0.1908085384922594,0.2214248788313894,0.18487264037119,B
135.93591309,0,2023-02-22T18:06:38Z,166.16218969554723,42,54.1170578,0.1908085384922594,0.2214248788313894,0.18487264037119,B
158.48962402,0,2023-02-22T18:06:38Z,166.16218969554723,42,54.1170578,0.1908085384922594,0.2214248788313894,0.18487264037119,B
184.78533936,0,2023-02-22T18:06:38Z,166.16218969554723,42,54.1170578,0.1908085384922594,0.2214248788313894,0.18487264037119,B
215.44389343,0,2023-02-22T18:06:38Z,166.16218969554723,42,54.1170578,0.1908085384922594,0.2214248788313894,0.18487264037119,B
251.18913269,0,2023-02-22T18:06:38Z,166.16218969554723,42,54.1170578,0.1908085384922594,0.2214248788313894,0.18487264037119,B
292.86502075,0,2023-02-22T18:06:38Z,166.16218969554723,42,54.1170578,0.1908085384922594,0.2214248788313894,0.18487264037119,B
341.45556641,0,2023-02-22T18:06:38Z,166.16218969554723,42,54.1170578,0.1908085384922594,0.2214248788313894,0.18487264037119,B
398.10794067,0,2023-02-22T18:06:38Z,166.16218969554723,42,54.1170578,0.1908085384922594,0.2214248788313894,0.18487264037119,B
464.15979004,0,2023-02-22T18:06:38Z,166.16218969554723,42,54.1170578,0.1908085384922594,0.2214248788313894,0.18487264037119,B
541.17059326,0,2023-02-22T18:06:38Z,166.16218969554723,42,54.1170578,0.1908085384922594,0.2214248788313894,0.18487264037119,B
630.95855713,0,2023-02-22T18:06:38Z,166.16218969554723,42,54.1170578,0.1908085384922594,0.2214248788313894,0.18487264037119,B
735.64367676,0,2023-02-22T18:06:38Z,166.16218969554723,42,54.1170578,0.1908085384922594,0.2214248788313894,0.18487264037119,B
857.69757080,0,2023-02-22T18:06:38Z,166.16218969554723,42,54.1170578,0.1908085384922594,0.2214248788313894,0.18487264037119,B
1000.00195313,0,2023-02-22T18:06:38Z,166.16218969554723,42,54.1170578,0.1908085384922594,0.2214248788313894,0.18487264037119,B
0.10000020,0,2023-02-22T18:06:39Z,159.9492508569889,46,100.00019836,0.1359880495072903,0.13598806243061656,0.1359880495072903,B
0.11659167,0,2023-02-22T18:06:39Z,159.9492508569889,46,100.00019836,0.1359880495072903,0.13598806243061656,0.1359880495072903,B
0.13593590,0,2023-02-22T18:06:39Z,159.9492508569889,46,100.00019836,0.1359880495072903,0.13598806243061656,0.1359880495072903,B
0.15848963,0,2023-02-22T18:06:39Z,159.9492508569889,46,100.00019836,0.1359880495072903,0.13598806243061656,0.1359880495072903,B
0.18478534,0,2023-02-22T18:06:39Z,159.9492508569889,46,100.00019836,0.1359880495072903,0.13598806243061656,0.1359880495072903,B
0.21544389,0,2023-02-22T18:06:39Z,159.9492508569889,46,100.00019836,0.1359880495072903,0.13598806243061656,0.1359880495072903,B
0.25118914,0,2023-02-22T18:06:39Z,159.9492508569889,46,100.00019836,0.1359880495072903,0.13598806243061656,0.1359880495072903,B
0.29286504,0,2023-02-22T18:06:39Z,159.9492508569889,46,100.00019836,0.1359880495072903,0.13598806243061656,0.1359880495072903,B
0.34145555,0,2023-02-22T18:06:39Z,159.9492508569889,46,100.00019836,0.1359880495072903,0.13598806243061656,0.1359880495072903,B
0.39810795,0,2023-02-22T18:06:39Z,159.9492508569889,46,100.00019836,0.1359880495072903,0.13598806243061656,0.1359880495072903,B
0.46415979,0,2023-02-22T18:06:39Z,159.9492508569889,46,100.00019836,0.1359880495072903,0.13598806243061656,0.1359880495072903,B
0.54117060,0,2023-02-22T18:06:39Z,159.9492508569889,46,100.00019836,0.1359880495072903,0.13598806243061656,0.1359880495072903,B
0.63095856,0,2023-02-22T18:06:39Z,159.9492508569889,46,100.00019836,0.1359880495072903,0.13598806243061656,0.1359880495072903,B
0.73564368,0,2023-02-22T18:06:39Z,159.9492508569889,46,100.00019836,0.1359880495072903,0.13598806243061656,0.1359880495072903,B
0.85769761,0,2023-02-22T18:06:39Z,159.9492508569889,46,100.00019836,0.1359880495072903,0.13598806243061656,0.1359880495072903,B
1.00000191,0,2023-02-22T18:06:39Z,159.9492508569889,46,100.00019836,0.1359880495072903,0.13598806243061656,0.1359880495072903,B
1.16591668,7.44873726501e-13,2023-02-22T18:06:39Z,159.9492508569889,46,100.00019836,0.1359880495072903,0.13598806243061656,0.1359880495072903,B
1.35935903,10.9626159668,2023-02-22T18:06:39Z,159.9492508569889,46,100.00019836,0.1359880495072903,0.13598806243061656,0.1359880495072903,B
1.58489633,2.63618898392,2023-02-22T18:06:39Z,159.9492508569889,46,100.00019836,0.1359880495072903,0.13598806243061656,0.1359880495072903,B
1.84785342,8.2855441258e-12,2023-02-22T18:06:39Z,159.9492508569889,46,100.00019836,0.1359880495072903,0.13598806243061656,0.1359880495072903,B
2.15443897,7.41648027129e-35,2023-02-22T18:06:39Z,159.9492508569889,46,100.00019836,0.1359880495072903,0.13598806243061656,0.1359880495072903,B
2.51189137,0,2023-02-22T18:06:39Z,159.9492508569889,46,100.00019836,0.1359880495072903,0.13598806243061656,0.1359880495072903,B
2.92865038,0,2023-02-22T18:06:39Z,159.9492508569889,46,100.00019836,0.1359880495072903,0.13598806243061656,0.1359880495072903,B
3.41455555,0,2023-02-22T18:06:39Z,159.9492508569889,46,100.00019836,0.1359880495072903,0.13598806243061656,0.1359880495072903,B
3.98107958,0,2023-02-22T18:06:39Z,159.9492508569889,46,100.00019836,0.1359880495072903,0.13598806243061656,0.1359880495072903,B
4.64159775,0,2023-02-22T18:06:39Z,159.9492508569889,46,100.00019836,0.1359880495072903,0.13598806243061656,0.1359880495072903,B
5.41170597,0,2023-02-22T18:06:39Z,159.9492508569889,46,100.00019836,0.1359880495072903,0.13598806243061656,0.1359880495072903,B
6.30958605,0,2023-02-22T18:06:39Z,159.9492508569889,46,100.00019836,0.1359880495072903,0.13598806243061656,0.1359880495072903,B
7.35643721,0,2023-02-22T18:06:39Z,159.9492508569889,46,100.00019836,0.1359880495072903,0.13598806243061656,0.1359880495072903,B
8.57697582,1.29233262669e-6,2023-02-22T18:06:39Z,159.9492508569889,46,100.00019836,0.1359880495072903,0.13598806243061656,0.1359880495072903,B
10.00002003,5.3798337467e-4,2023-02-22T18:06:39Z,159.9492508569889,46,100.00019836,0.1359880495072903,0.13598806243061656,0.1359880495072903,B
11.65916729,0.0273270793259,2023-02-22T18:06:39Z,159.9492508569889,46,100.00019836,0.1359880495072903,0.13598806243061656,0.1359880495072903,B
13.59359074,0.468132138252,2023-02-22T18:06:39Z,159.9492508569889,46,100.00019836,0.1359880495072903,0.13598806243061656,0.1359880495072903,B
15.84896278,3.30401515961,2023-02-22T18:06:39Z,159.9492508569889,46,100.00019836,0.1359880495072903,0.13598806243061656,0.1359880495072903,B
18.47853470,9.21480464935,2023-02-22T18:06:39Z,159.9492508569889,46,100.00019836,0.1359880495072903,0.13598806243061656,0.1359880495072903,B
21.54438972,7.23650217056,2023-02-22T18:06:39Z,159.9492508569889,46,100.00019836,0.1359880495072903,0.13598806243061656,0.1359880495072903,B
25.11891365,0.277035325766,2023-02-22T18:06:39Z,159.9492508569889,46,100.00019836,0.1359880495072903,0.13598806243061656,0.1359880495072903,B
29.28650284,0,2023-02-22T18:06:39Z,159.9492508569889,46,100.00019836,0.1359880495072903,0.13598806243061656,0.1359880495072903,B
34.14555740,0,2023-02-22T18:06:39Z,159.9492508569889,46,100.00019836,0.1359880495072903,0.13598806243061656,0.1359880495072903,B
39.81079483,0,2023-02-22T18:06:39Z,159.9492508569889,46,100.00019836,0.1359880495072903,0.13598806243061656,0.1359880495072903,B
46.41598129,0,2023-02-22T18:06:39Z,159.9492508569889,46,100.00019836,0.1359880495072903,0.13598806243061656,0.1359880495072903,B
54.11705780,0,2023-02-22T18:06:39Z,159.9492508569889,46,100.00019836,0.1359880495072903,0.13598806243061656,0.1359880495072903,B
63.09585953,0,2023-02-22T18:06:39Z,159.9492508569889,46,100.00019836,0.1359880495072903,0.13598806243061656,0.1359880495072903,B
73.56436920,0,2023-02-22T18:06:39Z,159.9492508569889,46,100.00019836,0.1359880495072903,0.13598806243061656,0.1359880495072903,B
85.76976013,0,2023-02-22T18:06:39Z,159.9492508569889,46,100.00019836,0.1359880495072903,0.13598806243061656,0.1359880495072903,B
100.00019836,65.872833252,2023-02-22T18:06:39Z,159.9492508569889,46,100.00019836,0.1359880495072903,0.13598806243061656,0.1359880495072903,B
116.59166718,0,2023-02-22T18:06:39Z,159.9492508569889,46,100.00019836,0.1359880495072903,0.13598806243061656,0.1359880495072903,B
135.93591309,0,2023-02-22T18:06:39Z,159.9492508569889,46,100.00019836,0.1359880495072903,0.13598806243061656,0.1359880495072903,B
158.48962402,0,2023-02-22T18:06:39Z,159.9492508569889,46,100.00019836,0.1359880495072903,0.13598806243061656,0.1359880495072903,B
184.78533936,0,2023-02-22T18:06:39Z,159.9492508569889,46,100.00019836,0.1359880495072903,0.13598806243061656,0.1359880495072903,B
215.44389343,0,2023-02-22T18:06:39Z,159.9492508569889,46,100.00019836,0.1359880495072903,0.13598806243061656,0.1359880495072903,B
251.18913269,0,2023-02-22T18:06:39Z,159.9492508569889,46,100.00019836,0.1359880495072903,0.13598806243061656,0.1359880495072903,B
292.86502075,0,2023-02-22T18:06:39Z,159.9492508569889,46,100.00019836,0.1359880495072903,0.13598806243061656,0.1359880495072903,B
341.45556641,0,2023-02-22T18:06:39Z,159.9492508569889,46,100.00019836,0.1359880495072903,0.13598806243061656,0.1359880495072903,B
398.10794067,0,2023-02-22T18:06:39Z,159.9492508569889,46,100.00019836,0.1359880495072903,0.13598806243061656,0.1359880495072903,B
464.15979004,0,2023-02-22T18:06:39Z,159.9492508569889,46,100.00019836,0.1359880495072903,0.13598806243061656,0.1359880495072903,B
541.17059326,0,2023-02-22T18:06:39Z,159.9492508569889,46,100.00019836,0.1359880495072903,0.13598806243061656,0.1359880495072903,B
630.95855713,0,2023-02-22T18:06:39Z,159.9492508569889,46,100.00019836,0.1359880495072903,0.13598806243061656,0.1359880495072903,B
735.64367676,0,2023-02-22T18:06:39Z,159.9492508569889,46,100.00019836,0.1359880495072903,0.13598806243061656,0.1359880495072903,B
857.69757080,0,2023-02-22T18:06:39Z,159.9492508569889,46,100.00019836,0.1359880495072903,0.13598806243061656,0.1359880495072903,B
1000.00195313,0,2023-02-22T18:06:39Z,159.9492508569889,46,100.00019836,0.1359880495072903,0.13598806243061656,0.1359880495072903,B
0.10000020,0,2023-02-22T18:06:40Z,138.98693264850834,38,29.28650284,0.18470454989545584,0.18834300755136585,0.17333715319631998,C
0.11659167,0,2023-02-22T18:06:40Z,138.98693264850834,38,29.28650284,0.18470454989545584,0.18834300755136585,0.17333715319631998,C
0.13593590,0,2023-02-22T18:06:40Z,138.98693264850834,38,29.28650284,0.18470454989545584,0.18834300755136585,0.17333715319631998,C
0.15848963,0,2023-02-22T18:06:40Z,138.98693264850834,38,29.28650284,0.18470454989545584,0.18834300755136585,0.17333715319631998,C
0.18478534,0,2023-02-22T18:06:40Z,138.98693264850834,38,29.28650284,0.18470454989545584,0.18834300755136585,0.17333715319631998,C
0.21544389,0,2023-02-22T18:06:40Z,138.98693264850834,38,29.28650284,0.18470454989545584,0.18834300755136585,0.17333715319631998,C
0.25118914,0,2023-02-22T18:06:40Z,138.98693264850834,38,29.28650284,0.18470454989545584,0.18834300755136585,0.17333715319631998,C
0.29286504,0,2023-02-22T18:06:40Z,138.98693264850834,38,29.28650284,0.18470454989545584,0.18834300755136585,0.17333715319631998,C
0.34145555,0,2023-02-22T18:06:40Z,138.98693264850834,38,29.28650284,0.18470454989545584,0.18834300755136585,0.17333715319631998,C
0.39810795,0,2023-02-22T18:06:40Z,138.98693264850834,38,29.28650284,0.18470454989545584,0.18834300755136585,0.17333715319631998,C
0.46415979,0,2023-02-22T18:06:40Z,138.98693264850834,38,29.28650284,0.18470454989545584,0.18834300755136585,0.17333715319631998,C
0.54117060,0,2023-02-22T18:06:40Z,138.98693264850834,38,29.28650284,0.18470454989545584,0.18834300755136585,0.17333715319631998,C
0.63095856,0,2023-02-22T18:06:40Z,138.98693264850834,38,29.28650284,0.18470454989545584,0.18834300755136585,0.17333715319631998,C
0.73564368,0,2023-02-22T18:06:40Z,138.98693264850834,38,29.28650284,0.18470454989545584,0.18834300755136585,0.17333715319631998,C
0.85769761,0,2023-02-22T18:06:40Z,138.98693264850834,38,29.28650284,0.18470454989545584,0.18834300755136585,0.17333715319631998,C
1.00000191,0.793496966362,2023-02-22T18:06:40Z,138.98693264850834,38,29.28650284,0.18470454989545584,0.18834300755136585,0.17333715319631998,C
1.16591668,3.67651033401,2023-02-22T18:06:40Z,138.98693264850834,38,29.28650284,0.18470454989545584,0.18834300755136585,0.17333715319631998,C
1.35935903,5.59593009949,2023-02-22T18:06:40Z,138.98693264850834,38,29.28650284,0.18470454989545584,0.18834300755136585,0.17333715319631998,C
1.58489633,4.71323394775,2023-02-22T18:06:40Z,138.98693264850834,38,29.28650284,0.18470454989545584,0.18834300755136585,0.17333715319631998,C
1.84785342,2.55454397202,2023-02-22T18:06:40Z,138.98693264850834,38,29.28650284,0.18470454989545584,0.18834300755136585,0.17333715319631998,C
2.15443897,0.919083952904,2023-02-22T18:06:40Z,138.98693264850834,38,29.28650284,0.18470454989545584,0.18834300755136585,0.17333715319631998,C
2.51189137,0.200068667531,2023-02-22T18:06:40Z,138.98693264850834,38,29.28650284,0.18470454989545584,0.18834300755136585,0.17333715319631998,C
2.92865038,0.0175601840019,2023-02-22T18:06:40Z,138.98693264850834,38,29.28650284,0.18470454989545584,0.18834300755136585,0.17333715319631998,C
3.41455555,2.68654766842e-5,2023-02-22T18:06:40Z,138.98693264850834,38,29.28650284,0.18470454989545584,0.18834300755136585,0.17333715319631998,C
3.98107958,0,2023-02-22T18:06:40Z,138.98693264850834,38,29.28650284,0.18470454989545584,0.18834300755136585,0.17333715319631998,C
4.64159775,0,2023-02-22T18:06:40Z,138.98693264850834,38,29.28650284,0.18470454989545584,0.18834300755136585,0.17333715319631998,C
5.41170597,0,2023-02-22T18:06:40Z,138.98693264850834,38,29.28650284,0.18470454989545584,0.18834300755136585,0.17333715319631998,C
6.30958605,0,2023-02-22T18:06:40Z,138.98693264850834,38,29.28650284,0.18470454989545584,0.18834300755136585,0.17333715319631998,C
7.35643721,0,2023-02-22T18:06:40Z,138.98693264850834,38,29.28650284,0.18470454989545584,0.18834300755136585,0.17333715319631998,C
8.57697582,0.363845765591,2023-02-22T18:06:40Z,138.98693264850834,38,29.28650284,0.18470454989545584,0.18834300755136585,0.17333715319631998,C
10.00002003,1.13578283787,2023-02-22T18:06:40Z,138.98693264850834,38,29.28650284,0.18470454989545584,0.18834300755136585,0.17333715319631998,C
11.65916729,2.23993849754,2023-02-22T18:06:40Z,138.98693264850834,38,29.28650284,0.18470454989545584,0.18834300755136585,0.17333715319631998,C
13.59359074,3.54202318192,2023-02-22T18:06:40Z,138.98693264850834,38,29.28650284,0.18470454989545584,0.18834300755136585,0.17333715319631998,C
15.84896278,4.77666521072,2023-02-22T18:06:40Z,138.98693264850834,38,29.28650284,0.18470454989545584,0.18834300755136585,0.17333715319631998,C
18.47853470,5.58563756943,2023-02-22T18:06:40Z,138.98693264850834,38,29.28650284,0.18470454989545584,0.18834300755136585,0.17333715319631998,C
21.54438972,5.64475631714,2023-02-22T18:06:40Z,138.98693264850834,38,29.28650284,0.18470454989545584,0.18834300755136585,0.17333715319631998,C
25.11891365,4.85709857941,2023-02-22T18:06:40Z,138.98693264850834,38,29.28650284,0.18470454989545584,0.18834300755136585,0.17333715319631998,C
29.28650284,3.50538873672,2023-02-22T18:06:40Z,138.98693264850834,38,29.28650284,0.18470454989545584,0.18834300755136585,0.17333715319631998,C
34.14555740,2.20525550842,2023-02-22T18:06:40Z,138.98693264850834,38,29.28650284,0.18470454989545584,0.18834300755136585,0.17333715319631998,C
39.81079483,1.60709619522,2023-02-22T18:06:40Z,138.98693264850834,38,29.28650284,0.18470454989545584,0.18834300755136585,0.17333715319631998,C
46.41598129,2.19846987724,2023-02-22T18:06:40Z,138.98693264850834,38,29.28650284,0.18470454989545584,0.18834300755136585,0.17333715319631998,C
54.11705780,4.42840194702,2023-02-22T18:06:40Z,138.98693264850834,38,29.28650284,0.18470454989545584,0.18834300755136585,0.17333715319631998,C
63.09585953,8.16019058228,2023-02-22T18:06:40Z,138.98693264850834,38,29.28650284,0.18470454989545584,0.18834300755136585,0.17333715319631998,C
73.56436920,11.7316913605,2023-02-22T18:06:40Z,138.98693264850834,38,29.28650284,0.18470454989545584,0.18834300755136585,0.17333715319631998,C
85.76976013,12.1896657944,2023-02-22T18:06:40Z,138.98693264850834,38,29.28650284,0.18470454989545584,0.18834300755136585,0.17333715319631998,C
100.00019836,7.3576374054,2023-02-22T18:06:40Z,138.98693264850834,38,29.28650284,0.18470454989545584,0.18834300755136585,0.17333715319631998,C
116.59166718,0,2023-02-22T18:06:40Z,138.98693264850834,38,29.28650284,0.18470454989545584,0.18834300755136585,0.17333715319631998,C
135.93591309,0,2023-02-22T18:06:40Z,138.98693264850834,38,29.28650284,0.18470454989545584,0.18834300755136585,0.17333715319631998,C
158.48962402,0,2023-02-22T18:06:40Z,138.98693264850834,38,29.28650284,0.18470454989545584,0.18834300755136585,0.17333715319631998,C
184.78533936,0,2023-02-22T18:06:40Z,138.98693264850834,38,29.28650284,0.18470454989545584,0.18834300755136585,0.17333715319631998,C
215.44389343,0,2023-02-22T18:06:40Z,138.98693264850834,38,29.28650284,0.18470454989545584,0.18834300755136585,0.17333715319631998,C
251.18913269,0,2023-02-22T18:06:40Z,138.98693264850834,38,29.28650284,0.18470454989545584,0.18834300755136585,0.17333715319631998,C
292.86502075,0,2023-02-22T18:06:40Z,138.98693264850834,38,29.28650284,0.18470454989545584,0.18834300755136585,0.17333715319631998,C
341.45556641,0,2023-02-22T18:06:40Z,138.98693264850834,38,29.28650284,0.18470454989545584,0.18834300755136585,0.17333715319631998,C
398.10794067,0,2023-02-22T18:06:40Z,138.98693264850834,38,29.28650284,0.18470454989545584,0.18834300755136585,0.17333715319631998,C
464.15979004,0,2023-02-22T18:06:40Z,138.98693264850834,38,29.28650284,0.18470454989545584,0.18834300755136585,0.17333715319631998,C
541.17059326,0,2023-02-22T18:06:40Z,138.98693264850834,38,29.28650284,0.18470454989545584,0.18834300755136585,0.17333715319631998,C
630.95855713,0,2023-02-22T18:06:40Z,138.98693264850834,38,29.28650284,0.18470454989545584,0.18834300755136585,0.17333715319631998,C
735.64367676,0,2023-02-22T18:06:40Z,138.98693264850834,38,29.28650284,0.18470454989545584,0.18834300755136585,0.17333715319631998,C
857.69757080,0,2023-02-22T18:06:40Z,138.98693264850834,38,29.28650284,0.18470454989545584,0.18834300755136585,0.17333715319631998,C
1000.00195313,0,2023-02-22T18:06:40Z,138.98693264850834,38,29.28650284,0.18470454989545584,0.18834300755136585,0.17333715319631998,C
0.10000020,0,2023-02-22T18:06:41Z,193.5090290705889,46,100.00019836,0.1539330480073414,0.1539588808140553,0.15393282235130448,B
0.11659167,0,2023-02-22T18:06:41Z,193.5090290705889,46,100.00019836,0.1539330480073414,0.1539588808140553,0.15393282235130448,B
0.13593590,0,2023-02-22T18:06:41Z,193.5090290705889,46,100.00019836,0.1539330480073414,0.1539588808140553,0.15393282235130448,B
0.15848963,0,2023-02-22T18:06:41Z,193.5090290705889,46,100.00019836,0.1539330480073414,0.1539588808140553,0.15393282235130448,B
0.18478534,0,2023-02-22T18:06:41Z,193.5090290705889,46,100.00019836,0.1539330480073414,0.1539588808140553,0.15393282235130448,B
0.21544389,0,2023-02-22T18:06:41Z,193.5090290705889,46,100.00019836,0.1539330480073414,0.1539588808140553,0.15393282235130448,B
0.25118914,0,2023-02-22T18:06:41Z,193.5090290705889,46,100.00019836,0.1539330480073414,0.1539588808140553,0.15393282235130448,B
0.29286504,0,2023-02-22T18:06:41Z,193.5090290705889,46,100.00019836,0.1539330480073414,0.1539588808140553,0.15393282235130448,B
0.34145555,0,2023-02-22T18:06:41Z,193.5090290705889,46,100.00019836,0.1539330480073414,0.1539588808140553,0.15393282235130448,B
0.39810795,0,2023-02-22T18:06:41Z,193.5090290705889,46,100.00019836,0.1539330480073414,0.1539588808140553,0.15393282235130448,B
0.46415979,0,2023-02-22T18:06:41Z,193.5090290705889,46,100.00019836,0.1539330480073414,0.1539588808140553,0.15393282235130448,B
0.54117060,0,2023-02-22T18:06:41Z,193.5090290705889,46,100.00019836,0.1539330480073414,0.1539588808140553,0.15393282235130448,B
0.63095856,0,2023-02-22T18:06:41Z,193.5090290705889,46,100.00019836,0.1539330480073414,0.1539588808140553,0.15393282235130448,B
0.73564368,0,2023-02-22T18:06:41Z,193.5090290705889,46,100.00019836,0.1539330480073414,0.1539588808140553,0.15393282235130448,B
0.85769761,0,2023-02-22T18:06:41Z,193.5090290705889,46,100.00019836,0.1539330480073414,0.1539588808140553,0.15393282235130448,B
1.00000191,5.3902053833,2023-02-22T18:06:41Z,193.5090290705889,46,100.00019836,0.1539330480073414,0.1539588808140553,0.15393282235130448,B
1.16591668,8.1745557785,2023-02-22T18:06:41Z,193.5090290705889,46,100.00019836,0.1539330480073414,0.1539588808140553,0.15393282235130448,B
1.35935903,1.71355509758,2023-02-22T18:06:41Z,193.5090290705889,46,100.00019836,0.1539330480073414,0.1539588808140553,0.15393282235130448,B
1.58489633,0.112218372524,2023-02-22T18:06:41Z,193.5090290705889,46,100.00019836,0.1539330480073414,0.1539588808140553,0.15393282235130448,B
1.84785342,0.00274760322645,2023-02-22T18:06:41Z,193.5090290705889,46,100.00019836,0.1539330480073414,0.1539588808140553,0.15393282235130448,B
2.15443897,2.25361745834e-5,2023-02-22T18:06:41Z,193.5090290705889,46,100.00019836,0.1539330480073414,0.1539588808140553,0.15393282235130448,B
2.51189137,2.9429106263e-8,2023-02-22T18:06:41Z,193.5090290705889,46,100.00019836,0.1539330480073414,0.1539588808140553,0.15393282235130448,B
2.92865038,2.48805737391e-17,2023-02-22T18:06:41Z,193.5090290705889,46,100.00019836,0.1539330480073414,0.1539588808140553,0.15393282235130448,B
3.41455555,0,2023-02-22T18:06:41Z,193.5090290705889,46,100.00019836,0.1539330480073414,0.1539588808140553,0.15393282235130448,B
3.98107958,0,2023-02-22T18:06:41Z,193.5090290705889,46,100.00019836,0.1539330480073414,0.1539588808140553,0.15393282235130448,B
4.64159775,0,2023-02-22T18:06:41Z,193.5090290705889,46,100.00019836,0.1539330480073414,0.1539588808140553,0.15393282235130448,B
5.41170597,0,2023-02-22T18:06:41Z,193.5090290705889,46,100.00019836,0.1539330480073414,0.1539588808140553,0.15393282235130448,B
6.30958605,0,2023-02-22T18:06:41Z,193.5090290705889,46,100.00019836,0.1539330480073414,0.1539588808140553,0.15393282235130448,B
7.35643721,0,2023-02-22T18:06:41Z,193.5090290705889,46,100.00019836,0.1539330480073414,0.1539588808140553,0.15393282235130448,B
8.57697582,0.00258328067139,2023-02-22T18:06:41Z,193.5090290705889,46,100.00019836,0.1539330480073414,0.1539588808140553,0.15393282235130448,B
10.00002003,0.0593835674226,2023-02-22T18:06:41Z,193.5090290705889,46,100.00019836,0.1539330480073414,0.1539588808140553,0.15393282235130448,B
11.65916729,0.418606966734,2023-02-22T18:06:41Z,193.5090290705889,46,100.00019836,0.1539330480073414,0.1539588808140553,0.15393282235130448,B
13.59359074,1.67511427402,2023-02-22T18:06:41Z,193.5090290705889,46,100.00019836,0.1539330480073414,0.1539588808140553,0.15393282235130448,B
15.84896278,4.23526191711,2023-02-22T18:06:41Z,193.5090290705889,46,100.00019836,0.1539330480073414,0.1539588808140553,0.15393282235130448,B
18.47853470,6.53930091858,2023-02-22T18:06:41Z,193.5090290705889,46,100.00019836,0.1539330480073414,0.1539588808140553,0.15393282235130448,B
21.54438972,4.86169099808,2023-02-22T18:06:41Z,193.5090290705889,46,100.00019836,0.1539330480073414,0.1539588808140553,0.15393282235130448,B
25.11891365,0.242906197906,2023-02-22T18:06:41Z,193.5090290705889,46,100.00019836,0.1539330480073414,0.1539588808140553,0.15393282235130448,B
29.28650284,0,2023-02-22T18:06:41Z,193.5090290705889,46,100.00019836,0.1539330480073414,0.1539588808140553,0.15393282235130448,B
34.14555740,0,2023-02-22T18:06:41Z,193.5090290705889,46,100.00019836,0.1539330480073414,0.1539588808140553,0.15393282235130448,B
39.81079483,0,2023-02-22T18:06:41Z,193.5090290705889,46,100.00019836,0.1539330480073414,0.1539588808140553,0.15393282235130448,B
46.41598129,0,2023-02-22T18:06:41Z,193.5090290705889,46,100.00019836,0.1539330480073414,0.1539588808140553,0.15393282235130448,B
54.11705780,0,2023-02-22T18:06:41Z,193.5090290705889,46,100.00019836,0.1539330480073414,0.1539588808140553,0.15393282235130448,B
63.09585953,0,2023-02-22T18:06:41Z,193.5090290705889,46,100.00019836,0.1539330480073414,0.1539588808140553,0.15393282235130448,B
73.56436920,0,2023-02-22T18:06:41Z,193.5090290705889,46,100.00019836,0.1539330480073414,0.1539588808140553,0.15393282235130448,B
85.76976013,0,2023-02-22T18:06:41Z,193.5090290705889,46,100.00019836,0.1539330480073414,0.1539588808140553,0.15393282235130448,B
100.00019836,66.5718460083,2023-02-22T18:06:41Z,193.5090290705889,46,100.00019836,0.1539330480073414,0.1539588808140553,0.15393282235130448,B
116.59166718,0,2023-02-22T18:06:41Z,193.5090290705889,46,100.00019836,0.1539330480073414,0.1539588808140553,0.15393282235130448,B
135.93591309,0,2023-02-22T18:06:41Z,193.5090290705889,46,100.00019836,0.1539330480073414,0.1539588808140553,0.15393282235130448,B
158.48962402,0,2023-02-22T18:06:41Z,193.5090290705889,46,100.00019836,0.1539330480073414,0.1539588808140553,0.15393282235130448,B
184.78533936,0,2023-02-22T18:06:41Z,193.5090290705889,46,100.00019836,0.1539330480073414,0.1539588808140553,0.15393282235130448,B
215.44389343,0,2023-02-22T18:06:41Z,193.5090290705889,46,100.00019836,0.1539330480073414,0.1539588808140553,0.15393282235130448,B
251.18913269,0,2023-02-22T18:06:41Z,193.5090290705889,46,100.00019836,0.1539330480073414,0.1539588808140553,0.15393282235130448,B
292.86502075,0,2023-02-22T18:06:41Z,193.5090290705889,46,100.00019836,0.1539330480073414,0.1539588808140553,0.15393282235130448,B
341.45556641,0,2023-02-22T18:06:41Z,193.5090290705889,46,100.00019836,0.1539330480073414,0.1539588808140553,0.15393282235130448,B
398.10794067,0,2023-02-22T18:06:41Z,193.5090290705889,46,100.00019836,0.1539330480073414,0.1539588808140553,0.15393282235130448,B
464.15979004,0,2023-02-22T18:06:41Z,193.5090290705889,46,100.00019836,0.1539330480073414,0.1539588808140553,0.15393282235130448,B
541.17059326,0,2023-02-22T18:06:41Z,193.5090290705889,46,100.00019836,0.1539330480073414,0.1539588808140553,0.15393282235130448,B
630.95855713,0,2023-02-22T18:06:41Z,193.5090290705889,46,100.00019836,0.1539330480073414,0.1539588808140553,0.15393282235130448,B
735.64367676,0,2023-02-22T18:06:41Z,193.5090290705889,46,100.00019836,0.1539330480073414,0.1539588808140553,0.15393282235130448,B
857.69757080,0,2023-02-22T18:06:41Z,193.5090290705889,46,100.00019836,0.1539330480073414,0.1539588808140553,0.15393282235130448,B
1000.00195313,0,2023-02-22T18:06:41Z,193.5090290705889,46,100.00019836,0.1539330480073414,0.1539588808140553,0.15393282235130448,B
0.10000020,0,2023-02-22T18:06:42Z,167.64535289344724,40,39.81079483,0.1678758293858681,0.1899103986940281,0.16547363340853,B
0.11659167,0,2023-02-22T18:06:42Z,167.64535289344724,40,39.81079483,0.1678758293858681,0.1899103986940281,0.16547363340853,B
0.13593590,0,2023-02-22T18:06:42Z,167.64535289344724,40,39.81079483,0.1678758293858681,0.1899103986940281,0.16547363340853,B
0.15848963,0,2023-02-22T18:06:42Z,167.64535289344724,40,39.81079483,0.1678758293858681,0.1899103986940281,0.16547363340853,B
0.18478534,0,2023-02-22T18:06:42Z,167.64535289344724,40,39.81079483,0.1678758293858681,0.1899103986940281,0.16547363340853,B
0.21544389,0,2023-02-22T18:06:42Z,167.64535289344724,40,39.81079483,0.1678758293858681,0.1899103986940281,0.16547363340853,B
0.25118914,0,2023-02-22T18:06:42Z,167.64535289344724,40,39.81079483,0.1678758293858681,0.1899103986940281,0.16547363340853,B
0.29286504,0,2023-02-22T18:06:42Z,167.64535289344724,40,39.81079483,0.1678758293858681,0.1899103986940281,0.16547363340853,B
0.34145555,0,2023-02-22T18:06:42Z,167.64535289344724,40,39.81079483,0.1678758293858681,0.1899103986940281,0.16547363340853,B
0.39810795,0,2023-02-22T18:06:42Z,167.64535289344724,40,39.81079483,0.1678758293858681,0.1899103986940281,0.16547363340853,B
0.46415979,0,2023-02-22T18:06:42Z,167.64535289344724,40,39.81079483,0.1678758293858681,0.1899103986940281,0.16547363340853,B
0.54117060,0,2023-02-22T18:06:42Z,167.64535289344724,40,39.81079483,0.1678758293858681,0.1899103986940281,0.16547363340853,B
0.63095856,0,2023-02-22T18:06:42Z,167.64535289344724,40,39.81079483,0.1678758293858681,0.1899103986940281,0.16547363340853,B
0.73564368,0,2023-02-22T18:06:42Z,167.64535289344724,40,39.81079483,0.1678758293858681,0.1899103986940281,0.16547363340853,B
0.85769761,0,2023-02-22T18:06:42Z,167.64535289344724,40,39.81079483,0.1678758293858681,0.1899103986940281,0.16547363340853,B
1.00000191,0.629260599613,2023-02-22T18:06:42Z,167.64535289344724,40,39.81079483,0.1678758293858681,0.1899103986940281,0.16547363340853,B
1.16591668,4.30169820786,2023-02-22T18:06:42Z,167.64535289344724,40,39.81079483,0.1678758293858681,0.1899103986940281,0.16547363340853,B
1.35935903,6.3236541748,2023-02-22T18:06:42Z,167.64535289344724,40,39.81079483,0.1678758293858681,0.1899103986940281,0.16547363340853,B
1.58489633,3.98936533928,2023-02-22T18:06:42Z,167.64535289344724,40,39.81079483,0.1678758293858681,0.1899103986940281,0.16547363340853,B
1.84785342,1.3033850193,2023-02-22T18:06:42Z,167.64535289344724,40,39.81079483,0.1678758293858681,0.1899103986940281,0.16547363340853,B
2.15443897,0.223538890481,2023-02-22T18:06:42Z,167.64535289344724,40,39.81079483,0.1678758293858681,0.1899103986940281,0.16547363340853,B
2.51189137,0.0164685063064,2023-02-22T18:06:42Z,167.64535289344724,40,39.81079483,0.1678758293858681,0.1899103986940281,0.16547363340853,B
2.92865038,2.12200946407e-4,2023-02-22T18:06:42Z,167.64535289344724,40,39.81079483,0.1678758293858681,0.1899103986940281,0.16547363340853,B
3.41455555,0,2023-02-22T18:06:42Z,167.64535289344724,40,39.81079483,0.1678758293858681,0.1899103986940281,0.16547363340853,B
3.98107958,0,2023-02-22T18:06:42Z,167.64535289344724,40,39.81079483,0.1678758293858681,0.1899103986940281,0.16547363340853,B
4.64159775,0,2023-02-22T18:06:42Z,167.64535289344724,40,39.81079483,0.1678758293858681,0.1899103986940281,0.16547363340853,B
5.41170597,0,2023-02-22T18:06:42Z,167.64535289344724,40,39.81079483,0.1678758293858681,0.1899103986940281,0.16547363340853,B
6.30958605,0.113686256111,2023-02-22T18:06:42Z,167.64535289344724,40,39.81079483,0.1678758293858681,0.1899103986940281,0.16547363340853,B
7.35643721,0.650005578995,2023-02-22T18:06:42Z,167.64535289344724,40,39.81079483,0.1678758293858681,0.1899103986940281,0.16547363340853,B
8.57697582,1.43976509571,2023-02-22T18:06:42Z,167.64535289344724,40,39.81079483,0.1678758293858681,0.1899103986940281,0.16547363340853,B
10.00002003,2.4157936573,2023-02-22T18:06:42Z,167.64535289344724,40,39.81079483,0.1678758293858681,0.1899103986940281,0.16547363340853,B
11.65916729,3.46230745316,2023-02-22T18:06:42Z,167.64535289344724,40,39.81079483,0.1678758293858681,0.1899103986940281,0.16547363340853,B
13.59359074,4.40303325653,2023-02-22T18:06:42Z,167.64535289344724,40,39.81079483,0.1678758293858681,0.1899103986940281,0.16547363340853,B
15.84896278,5.01252317429,2023-02-22T18:06:42Z,167.64535289344724,40,39.81079483,0.1678758293858681,0.1899103986940281,0.16547363340853,B
18.47853470,5.07213354111,2023-02-22T18:06:42Z,167.64535289344724,40,39.81079483,0.1678758293858681,0.1899103986940281,0.16547363340853,B
21.54438972,4.4630484581,2023-02-22T18:06:42Z,167.64535289344724,40,39.81079483,0.1678758293858681,0.1899103986940281,0.16547363340853,B
25.11891365,3.27987527847,2023-02-22T18:06:42Z,167.64535289344724,40,39.81079483,0.1678758293858681,0.1899103986940281,0.16547363340853,B
29.28650284,1.89543998241,2023-02-22T18:06:42Z,167.64535289344724,40,39.81079483,0.1678758293858681,0.1899103986940281,0.16547363340853,B
34.14555740,0.874870538712,2023-02-22T18:06:42Z,167.64535289344724,40,39.81079483,0.1678758293858681,0.1899103986940281,0.16547363340853,B
39.81079483,0.719734072685,2023-02-22T18:06:42Z,167.64535289344724,40,39.81079483,0.1678758293858681,0.1899103986940281,0.16547363340853,B
46.41598129,1.88173615932,2023-02-22T18:06:42Z,167.64535289344724,40,39.81079483,0.1678758293858681,0.1899103986940281,0.16547363340853,B
54.11705780,4.7833108902,2023-02-22T18:06:42Z,167.64535289344724,40,39.81079483,0.1678758293858681,0.1899103986940281,0.16547363340853,B
63.09585953,8.96380329132,2023-02-22T18:06:42Z,167.64535289344724,40,39.81079483,0.1678758293858681,0.1899103986940281,0.16547363340853,B
73.56436920,12.6035289764,2023-02-22T18:06:42Z,167.64535289344724,40,39.81079483,0.1678758293858681,0.1899103986940281,0.16547363340853,B
85.76976013,13.0014123917,2023-02-22T18:06:42Z,167.64535289344724,40,39.81079483,0.1678758293858681,0.1899103986940281,0.16547363340853,B
100.00019836,8.17639923096,2023-02-22T18:06:42Z,167.64535289344724,40,39.81079483,0.1678758293858681,0.1899103986940281,0.16547363340853,B
116.59166718,0,2023-02-22T18:06:42Z,167.64535289344724,40,39.81079483,0.1678758293858681,0.1899103986940281,0.16547363340853,B
135.93591309,0,2023-02-22T18:06:42Z,167.64535289344724,40,39.81079483,0.1678758293858681,0.1899103986940281,0.16547363340853,B
158.48962402,0,2023-02-22T18:06:42Z,167.64535289344724,40,39.81079483,0.1678758293858681,0.1899103986940281,0.16547363340853,B
184.78533936,0,2023-02-22T18:06:42Z,167.64535289344724,40,39.81079483,0.1678758293858681,0.1899103986940281,0.16547363340853,B
215.44389343,0,2023-02-22T18:06:42Z,167.64535289344724,40,39.81079483,0.1678758293858681,0.1899103986940281,0.16547363340853,B
251.18913269,0,2023-02-22T18:06:42Z,167.64535289344724,40,39.81079483,0.1678758293858681,0.1899103986940281,0.16547363340853,B
292.86502075,0,2023-02-22T18:06:42Z,167.64535289344724,40,39.81079483,0.1678758293858681,0.1899103986940281,0.16547363340853,B
341.45556641,0,2023-02-22T18:06:42Z,167.64535289344724,40,39.81079483,0.1678758293858681,0.1899103986940281,0.16547363340853,B
398.10794067,0,2023-02-22T18:06:42Z,167.64535289344724,40,39.81079483,0.1678758293858681,0.1899103986940281,0.16547363340853,B
464.15979004,0,2023-02-22T18:06:42Z,167.64535289344724,40,39.81079483,0.1678758293858681,0.1899103986940281,0.16547363340853,B
541.17059326,0,2023-02-22T18:06:42Z,167.64535289344724,40,39.81079483,0.1678758293858681,0.1899103986940281,0.16547363340853,B
630.95855713,0,2023-02-22T18:06:42Z,167.64535289344724,40,39.81079483,0.1678758293858681,0.1899103986940281,0.16547363340853,B
735.64367676,0,2023-02-22T18:06:42Z,167.64535289344724,40,39.81079483,0.1678758293858681,0.1899103986940281,0.16547363340853,B
857.69757080,0,2023-02-22T18:06:42Z,167.64535289344724,40,39.81079483,0.1678758293858681,0.1899103986940281,0.16547363340853,B
1000.00195313,0,2023-02-22T18:06:42Z,167.64535289344724,40,39.81079483,0.1678758293858681,0.1899103986940281,0.16547363340853,B
0.10000020,0,2023-02-22T18:06:43Z,158.37614038261944,46,100.00019836,0.14625227529286963,0.16547416697914763,0.14604793933331991,B
0.11659167,0,2023-02-22T18:06:43Z,158.37614038261944,46,100.00019836,0.14625227529286963,0.16547416697914763,0.14604793933331991,B
0.13593590,0,2023-02-22T18:06:43Z,158.37614038261944,46,100.00019836,0.14625227529286963,0.16547416697914763,0.14604793933331991,B
0.15848963,0,2023-02-22T18:06:43Z,158.37614038261944,46,100.00019836,0.14625227529286963,0.16547416697914763,0.14604793933331991,B
0.18478534,0,2023-02-22T18:06:43Z,158.37614038261944,46,100.00019836,0.14625227529286963,0.16547416697914763,0.14604793933331991,B
0.21544389,0,2023-02-22T18:06:43Z,158.37614038261944,46,100.00019836,0.14625227529286963,0.16547416697914763,0.14604793933331991,B
0.25118914,0,2023-02-22T18:06:43Z,158.37614038261944,46,100.00019836,0.14625227529286963,0.16547416697914763,0.14604793933331991,B
0.29286504,0,2023-02-22T18:06:43Z,158.37614038261944,46,100.00019836,0.14625227529286963,0.16547416697914763,0.14604793933331991,B
0.34145555,0,2023-02-22T18:06:43Z,158.37614038261944,46,100.00019836,0.14625227529286963,0.16547416697914763,0.14604793933331991,B
0.39810795,0,2023-02-22T18:06:43Z,158.37614038261944,46,100.00019836,0.14625227529286963,0.16547416697914763,0.14604793933331991,B
0.46415979,0,2023-02-22T18:06:43Z,158.37614038261944,46,100.00019836,0.14625227529286963,0.16547416697914763,0.14604793933331991,B
0.54117060,0,2023-02-22T18:06:43Z,158.37614038261944,46,100.00019836,0.14625227529286963,0.16547416697914763,0.14604793933331991,B
0.63095856,0,2023-02-22T18:06:43Z,158.37614038261944,46,100.00019836,0.14625227529286963,0.16547416697914763,0.14604793933331991,B
0.73564368,0,2023-02-22T18:06:43Z,158.37614038261944,46,100.00019836,0.14625227529286963,0.16547416697914763,0.14604793933331991,B
0.85769761,0,2023-02-22T18:06:43Z,158.37614038261944,46,100.00019836,0.14625227529286963,0.16547416697914763,0.14604793933331991,B
1.00000191,0.00162037939299,2023-02-22T18:06:43Z,158.37614038261944,46,100.00019836,0.14625227529286963,0.16547416697914763,0.14604793933331991,B
1.16591668,0.875955998898,2023-02-22T18:06:43Z,158.37614038261944,46,100.00019836,0.14625227529286963,0.16547416697914763,0.14604793933331991,B
1.35935903,7.07614994049,2023-02-22T18:06:43Z,158.37614038261944,46,100.00019836,0.14625227529286963,0.16547416697914763,0.14604793933331991,B
1.58489633,5.82995319366,2023-02-22T18:06:43Z,158.37614038261944,46,100.00019836,0.14625227529286963,0.16547416697914763,0.14604793933331991,B
1.84785342,0.821114420891,2023-02-22T18:06:43Z,158.37614038261944,46,100.00019836,0.14625227529286963,0.16547416697914763,0.14604793933331991,B
2.15443897,0.0203822702169,2023-02-22T18:06:43Z,158.37614038261944,46,100.00019836,0.14625227529286963,0.16547416697914763,0.14604793933331991,B
2.51189137,5.13245213369e-5,2023-02-22T18:06:43Z,158.37614038261944,46,100.00019836,0.14625227529286963,0.16547416697914763,0.14604793933331991,B
2.92865038,1.21673704445e-9,2023-02-22T18:06:43Z,158.37614038261944,46,100.00019836,0.14625227529286963,0.16547416697914763,0.14604793933331991,B
3.41455555,0,2023-02-22T18:06:43Z,158.37614038261944,46,100.00019836,0.14625227529286963,0.16547416697914763,0.14604793933331991,B
3.98107958,0,2023-02-22T18:06:43Z,158.37614038261944,46,100.00019836,0.14625227529286963,0.16547416697914763,0.14604793933331991,B
4.64159775,0,2023-02-22T18:06:43Z,158.37614038261944,46,100.00019836,0.14625227529286963,0.16547416697914763,0.14604793933331991,B
5.41170597,0.0166078731418,2023-02-22T18:06:43Z,158.37614038261944,46,100.00019836,0.14625227529286963,0.16547416697914763,0.14604793933331991,B
6.30958605,0.15968978405,2023-02-22T18:06:43Z,158.37614038261944,46,100.00019836,0.14625227529286963,0.16547416697914763,0.14604793933331991,B
7.35643721,0.526036441326,2023-02-22T18:06:43Z,158.37614038261944,46,100.00019836,0.14625227529286963,0.16547416697914763,0.14604793933331991,B
8.57697582,1.21985507011,2023-02-22T18:06:43Z,158.37614038261944,46,100.00019836,0.14625227529286963,0.16547416697914763,0.14604793933331991,B
10.00002003,2.29850530624,2023-02-22T18:06:43Z,158.37614038261944,46,100.00019836,0.14625227529286963,0.16547416697914763,0.14604793933331991,B
11.65916729,3.69509506226,2023-02-22T18:06:43Z,158.37614038261944,46,100.00019836,0.14625227529286963,0.16547416697914763,0.14604793933331991,B
13.59359074,5.13179588318,2023-02-22T18:06:43Z,158.37614038261944,46,100.00019836,0.14625227529286963,0.16547416697914763,0.14604793933331991,B
15.84896278,6.08783102036,2023-02-22T18:06:43Z,158.37614038261944,46,100.00019836,0.14625227529286963,0.16547416697914763,0.14604793933331991,B
18.47853470,5.92728948593,2023-02-22T18:06:43Z,158.37614038261944,46,100.00019836,0.14625227529286963,0.16547416697914763,0.14604793933331991,B
21.54438972,4.25791740417,2023-02-22T18:06:43Z,158.37614038261944,46,100.00019836,0.14625227529286963,0.16547416697914763,0.14604793933331991,B
25.11891365,1.51220667362,2023-02-22T18:06:43Z,158.37614038261944,46,100.00019836,0.14625227529286963,0.16547416697914763,0.14604793933331991,B
29.28650284,0,2023-02-22T18:06:43Z,158.37614038261944,46,100.00019836,0.14625227529286963,0.16547416697914763,0.14604793933331991,B
34.14555740,0,2023-02-22T18:06:43Z,158.37614038261944,46,100.00019836,0.14625227529286963,0.16547416697914763,0.14604793933331991,B
39.81079483,0,2023-02-22T18:06:43Z,158.37614038261944,46,100.00019836,0.14625227529286963,0.16547416697914763,0.14604793933331991,B
46.41598129,0,2023-02-22T18:06:43Z,158.37614038261944,46,100.00019836,0.14625227529286963,0.16547416697914763,0.14604793933331991,B
54.11705780,0,2023-02-22T18:06:43Z,158.37614038261944,46,100.00019836,0.14625227529286963,0.16547416697914763,0.14604793933331991,B
63.09585953,0,2023-02-22T18:06:43Z,158.37614038261944,46,100.00019836,0.14625227529286963,0.16547416697914763,0.14604793933331991,B
73.56436920,0,2023-02-22T18:06:43Z,158.37614038261944,46,100.00019836,0.14625227529286963,0.16547416697914763,0.14604793933331991,B
85.76976013,0,2023-02-22T18:06:43Z,158.37614038261944,46,100.00019836,0.14625227529286963,0.16547416697914763,0.14604793933331991,B
100.00019836,54.5419464111,2023-02-22T18:06:43Z,158.37614038261944,46,100.00019836,0.14625227529286963,0.16547416697914763,0.14604793933331991,B
116.59166718,0,2023-02-22T18:06:43Z,158.37614038261944,46,100.00019836,0.14625227529286963,0.16547416697914763,0.14604793933331991,B
135.93591309,0,2023-02-22T18:06:43Z,158.37614038261944,46,100.00019836,0.14625227529286963,0.16547416697914763,0.14604793933331991,B
158.48962402,0,2023-02-22T18:06:43Z,158.37614038261944,46,100.00019836,0.14625227529286963,0.16547416697914763,0.14604793933331991,B
184.78533936,0,2023-02-22T18:06:43Z,158.37614038261944,46,100.00019836,0.14625227529286963,0.16547416697914763,0.14604793933331991,B
215.44389343,0,2023-02-22T18:06:43Z,158.37614038261944,46,100.00019836,0.14625227529286963,0.16547416697914763,0.14604793933331991,B
251.18913269,0,2023-02-22T18:06:43Z,158.37614038261944,46,100.00019836,0.14625227529286963,0.16547416697914763,0.14604793933331991,B
292.86502075,0,2023-02-22T18:06:43Z,158.37614038261944,46,100.00019836,0.14625227529286963,0.16547416697914763,0.14604793933331991,B
341.45556641,0,2023-02-22T18:06:43Z,158.37614038261944,46,100.00019836,0.14625227529286963,0.16547416697914763,0.14604793933331991,B
398.10794067,0,2023-02-22T18:06:43Z,158.37614038261944,46,100.00019836,0.14625227529286963,0.16547416697914763,0.14604793933331991,B
464.15979004,0,2023-02-22T18:06:43Z,158.37614038261944,46,100.00019836,0.14625227529286963,0.16547416697914763,0.14604793933331991,B
541.17059326,0,2023-02-22T18:06:43Z,158.37614038261944,46,100.00019836,0.14625227529286963,0.16547416697914763,0.14604793933331991,B
630.95855713,0,2023-02-22T18:06:43Z,158.37614038261944,46,100.00019836,0.14625227529286963,0.16547416697914763,0.14604793933331991,B
735.64367676,0,2023-02-22T18:06:43Z,158.37614038261944,46,100.00019836,0.14625227529286963,0.16547416697914763,0.14604793933331991,B
857.69757080,0,2023-02-22T18:06:43Z,158.37614038261944,46,100.00019836,0.14625227529286963,0.16547416697914763,0.14604793933331991,B
1000.00195313,0,2023-02-22T18:06:43Z,158.37614038261944,46,100.00019836,0.14625227529286963,0.16547416697914763,0.14604793933331991,B
0.10000020,0,2023-02-22T18:06:44Z,130.1993810865389,46,100.00019836,0.1539082060709471,0.16431313171534112,0.15244552649564802,C
0.11659167,0,2023-02-22T18:06:44Z,130.1993810865389,46,100.00019836,0.1539082060709471,0.16431313171534112,0.15244552649564802,C
0.13593590,0,2023-02-22T18:06:44Z,130.1993810865389,46,100.00019836,0.1539082060709471,0.16431313171534112,0.15244552649564802,C
0.15848963,0,2023-02-22T18:06:44Z,130.1993810865389,46,100.00019836,0.1539082060709471,0.16431313171534112,0.15244552649564802,C
0.18478534,0,2023-02-22T18:06:44Z,130.1993810865389,46,100.00019836,0.1539082060709471,0.16431313171534112,0.15244552649564802,C
0.21544389,0,2023-02-22T18:06:44Z,130.1993810865389,46,100.00019836,0.1539082060709471,0.16431313171534112,0.15244552649564802,C
0.25118914,0,2023-02-22T18:06:44Z,130.1993810865389,46,100.00019836,0.1539082060709471,0.16431313171534112,0.15244552649564802,C
0.29286504,0,2023-02-22T18:06:44Z,130.1993810865389,46,100.00019836,0.1539082060709471,0.16431313171534112,0.15244552649564802,C
0.34145555,0,2023-02-22T18:06:44Z,130.1993810865389,46,100.00019836,0.1539082060709471,0.16431313171534112,0.15244552649564802,C
0.39810795,0,2023-02-22T18:06:44Z,130.1993810865389,46,100.00019836,0.1539082060709471,0.16431313171534112,0.15244552649564802,C
0.46415979,0,2023-02-22T18:06:44Z,130.1993810865389,46,100.00019836,0.1539082060709471,0.16431313171534112,0.15244552649564802,C
0.54117060,0,2023-02-22T18:06:44Z,130.1993810865389,46,100.00019836,0.1539082060709471,0.16431313171534112,0.15244552649564802,C
0.63095856,0,2023-02-22T18:06:44Z,130.1993810865389,46,100.00019836,0.1539082060709471,0.16431313171534112,0.15244552649564802,C
0.73564368,0,2023-02-22T18:06:44Z,130.1993810865389,46,100.00019836,0.1539082060709471,0.16431313171534112,0.15244552649564802,C
0.85769761,0,2023-02-22T18:06:44Z,130.1993810865389,46,100.00019836,0.1539082060709471,0.16431313171534112,0.15244552649564802,C
1.00000191,0.0564557686448,2023-02-22T18:06:44Z,130.1993810865389,46,100.00019836,0.1539082060709471,0.16431313171534112,0.15244552649564802,C
1.16591668,2.0468723774,2023-02-22T18:06:44Z,130.1993810865389,46,100.00019836,0.1539082060709471,0.16431313171534112,0.15244552649564802,C
1.35935903,6.46693563461,2023-02-22T18:06:44Z,130.1993810865389,46,100.00019836,0.1539082060709471,0.16431313171534112,0.15244552649564802,C
1.58489633,5.22401571274,2023-02-22T18:06:44Z,130.1993810865389,46,100.00019836,0.1539082060709471,0.16431313171534112,0.15244552649564802,C
1.84785342,1.45027315617,2023-02-22T18:06:44Z,130.1993810865389,46,100.00019836,0.1539082060709471,0.16431313171534112,0.15244552649564802,C
2.15443897,0.142504617572,2023-02-22T18:06:44Z,130.1993810865389,46,100.00019836,0.1539082060709471,0.16431313171534112,0.15244552649564802,C
2.51189137,0.00375517015345,2023-02-22T18:06:44Z,130.1993810865389,46,100.00019836,0.1539082060709471,0.16431313171534112,0.15244552649564802,C
2.92865038,8.16980445961e-6,2023-02-22T18:06:44Z,130.1993810865389,46,100.00019836,0.1539082060709471,0.16431313171534112,0.15244552649564802,C
3.41455555,0,2023-02-22T18:06:44Z,130.1993810865389,46,100.00019836,0.1539082060709471,0.16431313171534112,0.15244552649564802,C
3.98107958,0,2023-02-22T18:06:44Z,130.1993810865389,46,100.00019836,0.1539082060709471,0.16431313171534112,0.15244552649564802,C
4.64159775,0,2023-02-22T18:06:44Z,130.1993810865389,46,100.00019836,0.1539082060709471,0.16431313171534112,0.15244552649564802,C
5.41170597,0,2023-02-22T18:06:44Z,130.1993810865389,46,100.00019836,0.1539082060709471,0.16431313171534112,0.15244552649564802,C
6.30958605,0.0548933148384,2023-02-22T18:06:44Z,130.1993810865389,46,100.00019836,0.1539082060709471,0.16431313171534112,0.15244552649564802,C
7.35643721,0.255884617567,2023-02-22T18:06:44Z,130.1993810865389,46,100.00019836,0.1539082060709471,0.16431313171534112,0.15244552649564802,C
8.57697582,0.729714632034,2023-02-22T18:06:44Z,130.1993810865389,46,100.00019836,0.1539082060709471,0.16431313171534112,0.15244552649564802,C
10.00002003,1.60154247284,2023-02-22T18:06:44Z,130.1993810865389,46,100.00019836,0.1539082060709471,0.16431313171534112,0.15244552649564802,C
11.65916729,2.89339613914,2023-02-22T18:06:44Z,130.1993810865389,46,100.00019836,0.1539082060709471,0.16431313171534112,0.15244552649564802,C
13.59359074,4.38191890717,2023-02-22T18:06:44Z,130.1993810865389,46,100.00019836,0.1539082060709471,0.16431313171534112,0.15244552649564802,C
15.84896278,5.50497674942,2023-02-22T18:06:44Z,130.1993810865389,46,100.00019836,0.1539082060709471,0.16431313171534112,0.15244552649564802,C
18.47853470,5.49075889587,2023-02-22T18:06:44Z,130.1993810865389,46,100.00019836,0.1539082060709471,0.16431313171534112,0.15244552649564802,C
21.54438972,3.83300495148,2023-02-22T18:06:44Z,130.1993810865389,46,100.00019836,0.1539082060709471,0.16431313171534112,0.15244552649564802,C
25.11891365,1.04847049713,2023-02-22T18:06:44Z,130.1993810865389,46,100.00019836,0.1539082060709471,0.16431313171534112,0.15244552649564802,C
29.28650284,0,2023-02-22T18:06:44Z,130.1993810865389,46,100.00019836,0.1539082060709471,0.16431313171534112,0.15244552649564802,C
34.14555740,0,2023-02-22T18:06:44Z,130.1993810865389,46,100.00019836,0.1539082060709471,0.16431313171534112,0.15244552649564802,C
39.81079483,0,2023-02-22T18:06:44Z,130.1993810865389,46,100.00019836,0.1539082060709471,0.16431313171534112,0.15244552649564802,C
46.41598129,0,2023-02-22T18:06:44Z,130.1993810865389,46,100.00019836,0.1539082060709471,0.16431313171534112,0.15244552649564802,C
54.11705780,0,2023-02-22T18:06:44Z,130.1993810865389,46,100.00019836,0.1539082060709471,0.16431313171534112,0.15244552649564802,C
63.09585953,0,2023-02-22T18:06:44Z,130.1993810865389,46,100.00019836,0.1539082060709471,0.16431313171534112,0.15244552649564802,C
73.56436920,0,2023-02-22T18:06:44Z,130.1993810865389,46,100.00019836,0.1539082060709471,0.16431313171534112,0.15244552649564802,C
85.76976013,0,2023-02-22T18:06:44Z,130.1993810865389,46,100.00019836,0.1539082060709471,0.16431313171534112,0.15244552649564802,C
100.00019836,58.8146209717,2023-02-22T18:06:44Z,130.1993810865389,46,100.00019836,0.1539082060709471,0.16431313171534112,0.15244552649564802,C
116.59166718,0,2023-02-22T18:06:44Z,130.1993810865389,46,100.00019836,0.1539082060709471,0.16431313171534112,0.15244552649564802,C
135.93591309,0,2023-02-22T18:06:44Z,130.1993810865389,46,100.00019836,0.1539082060709471,0.16431313171534112,0.15244552649564802,C
158.48962402,0,2023-02-22T18:06:44Z,130.1993810865389,46,100.00019836,0.1539082060709471,0.16431313171534112,0.15244552649564802,C
184.78533936,0,2023-02-22T18:06:44Z,130.1993810865389,46,100.00019836,0.1539082060709471,0.16431313171534112,0.15244552649564802,C
215.44389343,0,2023-02-22T18:06:44Z,130.1993810865389,46,100.00019836,0.1539082060709471,0.16431313171534112,0.15244552649564802,C
251.18913269,0,2023-02-22T18:06:44Z,130.1993810865389,46,100.00019836,0.1539082060709471,0.16431313171534112,0.15244552649564802,C
292.86502075,0,2023-02-22T18:06:44Z,130.1993810865389,46,100.00019836,0.1539082060709471,0.16431313171534112,0.15244552649564802,C
341.45556641,0,2023-02-22T18:06:44Z,130.1993810865389,46,100.00019836,0.1539082060709471,0.16431313171534112,0.15244552649564802,C
398.10794067,0,2023-02-22T18:06:44Z,130.1993810865389,46,100.00019836,0.1539082060709471,0.16431313171534112,0.15244552649564802,C
464.15979004,0,2023-02-22T18:06:44Z,130.1993810865389,46,100.00019836,0.1539082060709471,0.16431313171534112,0.15244552649564802,C
541.17059326,0,2023-02-22T18:06:44Z,130.1993810865389,46,100.00019836,0.1539082060709471,0.16431313171534112,0.15244552649564802,C
630.95855713,0,2023-02-22T18:06:44Z,130.1993810865389,46,100.00019836,0.1539082060709471,0.16431313171534112,0.15244552649564802,C
735.64367676,0,2023-02-22T18:06:44Z,130.1993810865389,46,100.00019836,0.1539082060709471,0.16431313171534112,0.15244552649564802,C
857.69757080,0,2023-02-22T18:06:44Z,130.1993810865389,46,100.00019836,0.1539082060709471,0.16431313171534112,0.15244552649564802,C
1000.00195313,0,2023-02-22T18:06:44Z,130.1993810865389,46,100.00019836,0.1539082060709471,0.16431313171534112,0.15244552649564802,C
0.10000020,0,2023-02-22T18:06:45Z,183.6376482645611,46,100.00019836,0.136517555657865,0.186264626923995,0.10254057526600001,B
0.11659167,0,2023-02-22T18:06:45Z,183.6376482645611,46,100.00019836,0.136517555657865,0.186264626923995,0.10254057526600001,B
0.13593590,0,2023-02-22T18:06:45Z,183.6376482645611,46,100.00019836,0.136517555657865,0.186264626923995,0.10254057526600001,B
0.15848963,0,2023-02-22T18:06:45Z,183.6376482645611,46,100.00019836,0.136517555657865,0.186264626923995,0.10254057526600001,B
0.18478534,0,2023-02-22T18:06:45Z,183.6376482645611,46,100.00019836,0.136517555657865,0.186264626923995,0.10254057526600001,B
0.21544389,0,2023-02-22T18:06:45Z,183.6376482645611,46,100.00019836,0.136517555657865,0.186264626923995,0.10254057526600001,B
0.25118914,0,2023-02-22T18:06:45Z,183.6376482645611,46,100.00019836,0.136517555657865,0.186264626923995,0.10254057526600001,B
0.29286504,0,2023-02-22T18:06:45Z,183.6376482645611,46,100.00019836,0.136517555657865,0.186264626923995,0.10254057526600001,B
0.34145555,0,2023-02-22T18:06:45Z,183.6376482645611,46,100.00019836,0.136517555657865,0.186264626923995,0.10254057526600001,B
0.39810795,0,2023-02-22T18:06:45Z,183.6376482645611,46,100.00019836,0.136517555657865,0.186264626923995,0.10254057526600001,B
0.46415979,0,2023-02-22T18:06:45Z,183.6376482645611,46,100.00019836,0.136517555657865,0.186264626923995,0.10254057526600001,B
0.54117060,0,2023-02-22T18:06:45Z,183.6376482645611,46,100.00019836,0.136517555657865,0.186264626923995,0.10254057526600001,B
0.63095856,0,2023-02-22T18:06:45Z,183.6376482645611,46,100.00019836,0.136517555657865,0.186264626923995,0.10254057526600001,B
0.73564368,0,2023-02-22T18:06:45Z,183.6376482645611,46,100.00019836,0.136517555657865,0.186264626923995,0.10254057526600001,B
0.85769761,0,2023-02-22T18:06:45Z,183.6376482645611,46,100.00019836,0.136517555657865,0.186264626923995,0.10254057526600001,B
1.00000191,1.03320157528,2023-02-22T18:06:45Z,183.6376482645611,46,100.00019836,0.136517555657865,0.186264626923995,0.10254057526600001,B
1.16591668,1.9773914814,2023-02-22T18:06:45Z,183.6376482645611,46,100.00019836,0.136517555657865,0.186264626923995,0.10254057526600001,B
1.35935903,2.50117659569,2023-02-22T18:06:45Z,183.6376482645611,46,100.00019836,0.136517555657865,0.186264626923995,0.10254057526600001,B
1.58489633,2.54312205315,2023-02-22T18:06:45Z,183.6376482645611,46,100.00019836,0.136517555657865,0.186264626923995,0.10254057526600001,B
1.84785342,2.19916582108,2023-02-22T18:06:45Z,183.6376482645611,46,100.00019836,0.136517555657865,0.186264626923995,0.10254057526600001,B
2.15443897,1.64001560211,2023-02-22T18:06:45Z,183.6376482645611,46,100.00019836,0.136517555657865,0.186264626923995,0.10254057526600001,B
2.51189137,1.03323316574,2023-02-22T18:06:45Z,183.6376482645611,46,100.00019836,0.136517555657865,0.186264626923995,0.10254057526600001,B
2.92865038,0.508541405201,2023-02-22T18:06:45Z,183.6376482645611,46,100.00019836,0.136517555657865,0.186264626923995,0.10254057526600001,B
3.41455555,0.157958686352,2023-02-22T18:06:45Z,183.6376482645611,46,100.00019836,0.136517555657865,0.186264626923995,0.10254057526600001,B
3.98107958,0.0168182644993,2023-02-22T18:06:45Z,183.6376482645611,46,100.00019836,0.136517555657865,0.186264626923995,0.10254057526600001,B
4.64159775,0.0411309152842,2023-02-22T18:06:45Z,183.6376482645611,46,100.00019836,0.136517555657865,0.186264626923995,0.10254057526600001,B
5.41170597,0.261414110661,2023-02-22T18:06:45Z,183.6376482645611,46,100.00019836,0.136517555657865,0.186264626923995,0.10254057526600001,B
6.30958605,0.746134459972,2023-02-22T18:06:45Z,183.6376482645611,46,100.00019836,0.136517555657865,0.186264626923995,0.10254057526600001,B
7.35643721,1.49959516525,2023-02-22T18:06:45Z,183.6376482645611,46,100.00019836,0.136517555657865,0.186264626923995,0.10254057526600001,B
8.57697582,2.46756339073,2023-02-22T18:06:45Z,183.6376482645611,46,100.00019836,0.136517555657865,0.186264626923995,0.10254057526600001,B
10.00002003,3.52992296219,2023-02-22T18:06:45Z,183.6376482645611,46,100.00019836,0.136517555657865,0.186264626923995,0.10254057526600001,B
11.65916729,4.50249528885,2023-02-22T18:06:45Z,183.6376482645611,46,100.00019836,0.136517555657865,0.186264626923995,0.10254057526600001,B
13.59359074,5.14857339859,2023-02-22T18:06:45Z,183.6376482645611,46,100.00019836,0.136517555657865,0.186264626923995,0.10254057526600001,B
15.84896278,5.22817564011,2023-02-22T18:06:45Z,183.6376482645611,46,100.00019836,0.136517555657865,0.186264626923995,0.10254057526600001,B
18.47853470,4.58658885956,2023-02-22T18:06:45Z,183.6376482645611,46,100.00019836,0.136517555657865,0.186264626923995,0.10254057526600001,B
21.54438972,3.2563970089,2023-02-22T18:06:45Z,183.6376482645611,46,100.00019836,0.136517555657865,0.186264626923995,0.10254057526600001,B
25.11891365,1.54835653305,2023-02-22T18:06:45Z,183.6376482645611,46,100.00019836,0.136517555657865,0.186264626923995,0.10254057526600001,B
29.28650284,0.0871286168694,2023-02-22T18:06:45Z,183.6376482645611,46,100.00019836,0.136517555657865,0.186264626923995,0.10254057526600001,B
34.14555740,0,2023-02-22T18:06:45Z,183.6376482645611,46,100.00019836,0.136517555657865,0.186264626923995,0.10254057526600001,B
39.81079483,0,2023-02-22T18:06:45Z,183.6376482645611,46,100.00019836,0.136517555657865,0.186264626923995,0.10254057526600001,B
46.41598129,0,2023-02-22T18:06:45Z,183.6376482645611,46,100.00019836,0.136517555657865,0.186264626923995,0.10254057526600001,B
54.11705780,0,2023-02-22T18:06:45Z,183.6376482645611,46,100.00019836,0.136517555657865,0.186264626923995,0.10254057526600001,B
63.09585953,0,2023-02-22T18:06:45Z,183.6376482645611,46,100.00019836,0.136517555657865,0.186264626923995,0.10254057526600001,B
73.56436920,0,2023-02-22T18:06:45Z,183.6376482645611,46,100.00019836,0.136517555657865,0.186264626923995,0.10254057526600001,B
85.76976013,0,2023-02-22T18:06:45Z,183.6376482645611,46,100.00019836,0.136517555657865,0.186264626923995,0.10254057526600001,B
100.00019836,53.4859008789,2023-02-22T18:06:45Z,183.6376482645611,46,100.00019836,0.136517555657865,0.186264626923995,0.10254057526600001,B
116.59166718,0,2023-02-22T18:06:45Z,183.6376482645611,46,100.00019836,0.136517555657865,0.186264626923995,0.10254057526600001,B
135.93591309,0,2023-02-22T18:06:45Z,183.6376482645611,46,100.00019836,0.136517555657865,0.186264626923995,0.10254057526600001,B
158.48962402,0,2023-02-22T18:06:45Z,183.6376482645611,46,100.00019836,0.136517555657865,0.186264626923995,0.10254057526600001,B
184.78533936,0,2023-02-22T18:06:45Z,183.6376482645611,46,100.00019836,0.136517555657865,0.186264626923995,0.10254057526600001,B
215.44389343,0,2023-02-22T18:06:45Z,183.6376482645611,46,100.00019836,0.136517555657865,0.186264626923995,0.10254057526600001,B
251.18913269,0,2023-02-22T18:06:45Z,183.6376482645611,46,100.00019836,0.136517555657865,0.186264626923995,0.10254057526600001,B
292.86502075,0,2023-02-22T18:06:45Z,183.6376482645611,46,100.00019836,0.136517555657865,0.186264626923995,0.10254057526600001,B
341.45556641,0,2023-02-22T18:06:45Z,183.6376482645611,46,100.00019836,0.136517555657865,0.186264626923995,0.10254057526600001,B
398.10794067,0,2023-02-22T18:06:45Z,183.6376482645611,46,100.00019836,0.136517555657865,0.186264626923995,0.10254057526600001,B
464.15979004,0,2023-02-22T18:06:45Z,183.6376482645611,46,100.00019836,0.136517555657865,0.186264626923995,0.10254057526600001,B
541.17059326,0,2023-02-22T18:06:45Z,183.6376482645611,46,100.00019836,0.136517555657865,0.186264626923995,0.10254057526600001,B
630.95855713,0,2023-02-22T18:06:45Z,183.6376482645611,46,100.00019836,0.136517555657865,0.186264626923995,0.10254057526600001,B
735.64367676,0,2023-02-22T18:06:45Z,183.6376482645611,46,100.00019836,0.136517555657865,0.186264626923995,0.10254057526600001,B
857.69757080,0,2023-02-22T18:06:45Z,183.6376482645611,46,100.00019836,0.136517555657865,0.186264626923995,0.10254057526600001,B
1000.00195313,0,2023-02-22T18:06:45Z,183.6376482645611,46,100.00019836,0.136517555657865,0.186264626923995,0.10254057526600001,B
0.10000020,0,2023-02-22T18:06:46Z,152.15901247665835,36,21.54438972,0.1691854766011,0.24541089624163,0.12532224535939998,B
0.11659167,0,2023-02-22T18:06:46Z,152.15901247665835,36,21.54438972,0.1691854766011,0.24541089624163,0.12532224535939998,B
0.13593590,0,2023-02-22T18:06:46Z,152.15901247665835,36,21.54438972,0.1691854766011,0.24541089624163,0.12532224535939998,B
0.15848963,0,2023-02-22T18:06:46Z,152.15901247665835,36,21.54438972,0.1691854766011,0.24541089624163,0.12532224535939998,B
0.18478534,0,2023-02-22T18:06:46Z,152.15901247665835,36,21.54438972,0.1691854766011,0.24541089624163,0.12532224535939998,B
0.21544389,0,2023-02-22T18:06:46Z,152.15901247665835,36,21.54438972,0.1691854766011,0.24541089624163,0.12532224535939998,B
0.25118914,0,2023-02-22T18:06:46Z,152.15901247665835,36,21.54438972,0.1691854766011,0.24541089624163,0.12532224535939998,B
0.29286504,0,2023-02-22T18:06:46Z,152.15901247665835,36,21.54438972,0.1691854766011,0.24541089624163,0.12532224535939998,B
0.34145555,0,2023-02-22T18:06:46Z,152.15901247665835,36,21.54438972,0.1691854766011,0.24541089624163,0.12532224535939998,B
0.39810795,0,2023-02-22T18:06:46Z,152.15901247665835,36,21.54438972,0.1691854766011,0.24541089624163,0.12532224535939998,B
0.46415979,0,2023-02-22T18:06:46Z,152.15901247665835,36,21.54438972,0.1691854766011,0.24541089624163,0.12532224535939998,B
0.54117060,0,2023-02-22T18:06:46Z,152.15901247665835,36,21.54438972,0.1691854766011,0.24541089624163,0.12532224535939998,B
0.63095856,0,2023-02-22T18:06:46Z,152.15901247665835,36,21.54438972,0.1691854766011,0.24541089624163,0.12532224535939998,B
0.73564368,0,2023-02-22T18:06:46Z,152.15901247665835,36,21.54438972,0.1691854766011,0.24541089624163,0.12532224535939998,B
0.85769761,0,2023-02-22T18:06:46Z,152.15901247665835,36,21.54438972,0.1691854766011,0.24541089624163,0.12532224535939998,B
1.00000191,1.4071546793,2023-02-22T18:06:46Z,152.15901247665835,36,21.54438972,0.1691854766011,0.24541089624163,0.12532224535939998,B
1.16591668,2.47223424911,2023-02-22T18:06:46Z,152.15901247665835,36,21.54438972,0.1691854766011,0.24541089624163,0.12532224535939998,B
1.35935903,3.01581144333,2023-02-22T18:06:46Z,152.15901247665835,36,21.54438972,0.1691854766011,0.24541089624163,0.12532224535939998,B
1.58489633,3.02354335785,2023-02-22T18:06:46Z,152.15901247665835,36,21.54438972,0.1691854766011,0.24541089624163,0.12532224535939998,B
1.84785342,2.61348080635,2023-02-22T18:06:46Z,152.15901247665835,36,21.54438972,0.1691854766011,0.24541089624163,0.12532224535939998,B
2.15443897,1.96784234047,2023-02-22T18:06:46Z,152.15901247665835,36,21.54438972,0.1691854766011,0.24541089624163,0.12532224535939998,B
2.51189137,1.26092493534,2023-02-22T18:06:46Z,152.15901247665835,36,21.54438972,0.1691854766011,0.24541089624163,0.12532224535939998,B
2.92865038,0.633097708225,2023-02-22T18:06:46Z,152.15901247665835,36,21.54438972,0.1691854766011,0.24541089624163,0.12532224535939998,B
3.41455555,0.207588791847,2023-02-22T18:06:46Z,152.15901247665835,36,21.54438972,0.1691854766011,0.24541089624163,0.12532224535939998,B
3.98107958,0.07364846766,2023-02-22T18:06:46Z,152.15901247665835,36,21.54438972,0.1691854766011,0.24541089624163,0.12532224535939998,B
4.64159775,0.243220880628,2023-02-22T18:06:46Z,152.15901247665835,36,21.54438972,0.1691854766011,0.24541089624163,0.12532224535939998,B
5.41170597,0.694574534893,2023-02-22T18:06:46Z,152.15901247665835,36,21.54438972,0.1691854766011,0.24541089624163,0.12532224535939998,B
6.30958605,1.39689743519,2023-02-22T18:06:46Z,152.15901247665835,36,21.54438972,0.1691854766011,0.24541089624163,0.12532224535939998,B
7.35643721,2.27970409393,2023-02-22T18:06:46Z,152.15901247665835,36,21.54438972,0.1691854766011,0.24541089624163,0.12532224535939998,B
8.57697582,3.25136590004,2023-02-22T18:06:46Z,152.15901247665835,36,21.54438972,0.1691854766011,0.24541089624163,0.12532224535939998,B
10.00002003,4.19888067245,2023-02-22T18:06:46Z,152.15901247665835,36,21.54438972,0.1691854766011,0.24541089624163,0.12532224535939998,B
11.65916729,4.98786115646,2023-02-22T18:06:46Z,152.15901247665835,36,21.54438972,0.1691854766011,0.24541089624163,0.12532224535939998,B
13.59359074,5.46822357178,2023-02-22T18:06:46Z,152.15901247665835,36,21.54438972,0.1691854766011,0.24541089624163,0.12532224535939998,B
15.84896278,5.49200868607,2023-02-22T18:06:46Z,152.15901247665835,36,21.54438972,0.1691854766011,0.24541089624163,0.12532224535939998,B
18.47853470,4.95194292068,2023-02-22T18:06:46Z,152.15901247665835,36,21.54438972,0.1691854766011,0.24541089624163,0.12532224535939998,B
21.54438972,3.83345293999,2023-02-22T18:06:46Z,152.15901247665835,36,21.54438972,0.1691854766011,0.24541089624163,0.12532224535939998,B
25.11891365,2.28121685982,2023-02-22T18:06:46Z,152.15901247665835,36,21.54438972,0.1691854766011,0.24541089624163,0.12532224535939998,B
29.28650284,0.650179505348,2023-02-22T18:06:46Z,152.15901247665835,36,21.54438972,0.1691854766011,0.24541089624163,0.12532224535939998,B
34.14555740,0,2023-02-22T18:06:46Z,152.15901247665835,36,21.54438972,0.1691854766011,0.24541089624163,0.12532224535939998,B
39.81079483,0,2023-02-22T18:06:46Z,152.15901247665835,36,21.54438972,0.1691854766011,0.24541089624163,0.12532224535939998,B
46.41598129,0,2023-02-22T18:06:46Z,152.15901247665835,36,21.54438972,0.1691854766011,0.24541089624163,0.12532224535939998,B
54.11705780,0,2023-02-22T18:06:46Z,152.15901247665835,36,21.54438972,0.1691854766011,0.24541089624163,0.12532224535939998,B
63.09585953,0,2023-02-22T18:06:46Z,152.15901247665835,36,21.54438972,0.1691854766011,0.24541089624163,0.12532224535939998,B
73.56436920,0,2023-02-22T18:06:46Z,152.15901247665835,36,21.54438972,0.1691854766011,0.24541089624163,0.12532224535939998,B
85.76976013,0,2023-02-22T18:06:46Z,152.15901247665835,36,21.54438972,0.1691854766011,0.24541089624163,0.12532224535939998,B
100.00019836,43.5951423645,2023-02-22T18:06:46Z,152.15901247665835,36,21.54438972,0.1691854766011,0.24541089624163,0.12532224535939998,B
116.59166718,0,2023-02-22T18:06:46Z,152.15901247665835,36,21.54438972,0.1691854766011,0.24541089624163,0.12532224535939998,B
135.93591309,0,2023-02-22T18:06:46Z,152.15901247665835,36,21.54438972,0.1691854766011,0.24541089624163,0.12532224535939998,B
158.48962402,0,2023-02-22T18:06:46Z,152.15901247665835,36,21.54438972,0.1691854766011,0.24541089624163,0.12532224535939998,B
184.78533936,0,2023-02-22T18:06:46Z,152.15901247665835,36,21.54438972,0.1691854766011,0.24541089624163,0.12532224535939998,B
215.44389343,0,2023-02-22T18:06:46Z,152.15901247665835,36,21.54438972,0.1691854766011,0.24541089624163,0.12532224535939998,B
251.18913269,0,2023-02-22T18:06:46Z,152.15901247665835,36,21.54438972,0.1691854766011,0.24541089624163,0.12532224535939998,B
292.86502075,0,2023-02-22T18:06:46Z,152.15901247665835,36,21.54438972,0.1691854766011,0.24541089624163,0.12532224535939998,B
341.45556641,0,2023-02-22T18:06:46Z,152.15901247665835,36,21.54438972,0.1691854766011,0.24541089624163,0.12532224535939998,B
398.10794067,0,2023-02-22T18:06:46Z,152.15901247665835,36,21.54438972,0.1691854766011,0.24541089624163,0.12532224535939998,B
464.15979004,0,2023-02-22T18:06:46Z,152.15901247665835,36,21.54438972,0.1691854766011,0.24541089624163,0.12532224535939998,B
541.17059326,0,2023-02-22T18:06:46Z,152.15901247665835,36,21.54438972,0.1691854766011,0.24541089624163,0.12532224535939998,B
630.95855713,0,2023-02-22T18:06:46Z,152.15901247665835,36,21.54438972,0.1691854766011,0.24541089624163,0.12532224535939998,B
735.64367676,0,2023-02-22T18:06:46Z,152.15901247665835,36,21.54438972,0.1691854766011,0.24541089624163,0.12532224535939998,B
857.69757080,0,2023-02-22T18:06:46Z,152.15901247665835,36,21.54438972,0.1691854766011,0.24541089624163,0.12532224535939998,B
1000.00195313,0,2023-02-22T18:06:46Z,152.15901247665835,36,21.54438972,0.1691854766011,0.24541089624163,0.12532224535939998,B
0.10000020,0,2023-02-22T18:06:47Z,147.29190762848333,36,21.54438972,0.1565760842432519,0.2214315978158819,0.11756887197499999,C
0.11659167,0,2023-02-22T18:06:47Z,147.29190762848333,36,21.54438972,0.1565760842432519,0.2214315978158819,0.11756887197499999,C
0.13593590,0,2023-02-22T18:06:47Z,147.29190762848333,36,21.54438972,0.1565760842432519,0.2214315978158819,0.11756887197499999,C
0.15848963,0,2023-02-22T18:06:47Z,147.29190762848333,36,21.54438972,0.1565760842432519,0.2214315978158819,0.11756887197499999,C
0.18478534,0,2023-02-22T18:06:47Z,147.29190762848333,36,21.54438972,0.1565760842432519,0.2214315978158819,0.11756887197499999,C
0.21544389,0,2023-02-22T18:06:47Z,147.29190762848333,36,21.54438972,0.1565760842432519,0.2214315978158819,0.11756887197499999,C
0.25118914,0,2023-02-22T18:06:47Z,147.29190762848333,36,21.54438972,0.1565760842432519,0.2214315978158819,0.11756887197499999,C
0.29286504,0,2023-02-22T18:06:47Z,147.29190762848333,36,21.54438972,0.1565760842432519,0.2214315978158819,0.11756887197499999,C
0.34145555,0,2023-02-22T18:06:47Z,147.29190762848333,36,21.54438972,0.1565760842432519,0.2214315978158819,0.11756887197499999,C
0.39810795,0,2023-02-22T18:06:47Z,147.29190762848333,36,21.54438972,0.1565760842432519,0.2214315978158819,0.11756887197499999,C
0.46415979,0,2023-02-22T18:06:47Z,147.29190762848333,36,21.54438972,0.1565760842432519,0.2214315978158819,0.11756887197499999,C
0.54117060,0,2023-02-22T18:06:47Z,147.29190762848333,36,21.54438972,0.1565760842432519,0.2214315978158819,0.11756887197499999,C
0.63095856,0,2023-02-22T18:06:47Z,147.29190762848333,36,21.54438972,0.1565760842432519,0.2214315978158819,0.11756887197499999,C
0.73564368,0,2023-02-22T18:06:47Z,147.29190762848333,36,21.54438972,0.1565760842432519,0.2214315978158819,0.11756887197499999,C
0.85769761,0,2023-02-22T18:06:47Z,147.29190762848333,36,21.54438972,0.1565760842432519,0.2214315978158819,0.11756887197499999,C
1.00000191,1.32021594048,2023-02-22T18:06:47Z,147.29190762848333,36,21.54438972,0.1565760842432519,0.2214315978158819,0.11756887197499999,C
1.16591668,2.3193552494,2023-02-22T18:06:47Z,147.29190762848333,36,21.54438972,0.1565760842432519,0.2214315978158819,0.11756887197499999,C
1.35935903,2.82922291756,2023-02-22T18:06:47Z,147.29190762848333,36,21.54438972,0.1565760842432519,0.2214315978158819,0.11756887197499999,C
1.58489633,2.83649706841,2023-02-22T18:06:47Z,147.29190762848333,36,21.54438972,0.1565760842432519,0.2214315978158819,0.11756887197499999,C
1.84785342,2.45159602165,2023-02-22T18:06:47Z,147.29190762848333,36,21.54438972,0.1565760842432519,0.2214315978158819,0.11756887197499999,C
2.15443897,1.8442709446,2023-02-22T18:06:47Z,147.29190762848333,36,21.54438972,0.1565760842432519,0.2214315978158819,0.11756887197499999,C
2.51189137,1.17604315281,2023-02-22T18:06:47Z,147.29190762848333,36,21.54438972,0.1565760842432519,0.2214315978158819,0.11756887197499999,C
2.92865038,0.576537549496,2023-02-22T18:06:47Z,147.29190762848333,36,21.54438972,0.1565760842432519,0.2214315978158819,0.11756887197499999,C
3.41455555,0.15988278389,2023-02-22T18:06:47Z,147.29190762848333,36,21.54438972,0.1565760842432519,0.2214315978158819,0.11756887197499999,C
3.98107958,0.00886011589319,2023-02-22T18:06:47Z,147.29190762848333,36,21.54438972,0.1565760842432519,0.2214315978158819,0.11756887197499999,C
4.64159775,0.135126680136,2023-02-22T18:06:47Z,147.29190762848333,36,21.54438972,0.1565760842432519,0.2214315978158819,0.11756887197499999,C
5.41170597,0.521891593933,2023-02-22T18:06:47Z,147.29190762848333,36,21.54438972,0.1565760842432519,0.2214315978158819,0.11756887197499999,C
6.30958605,1.1463124752,2023-02-22T18:06:47Z,147.29190762848333,36,21.54438972,0.1565760842432519,0.2214315978158819,0.11756887197499999,C
7.35643721,1.95216202736,2023-02-22T18:06:47Z,147.29190762848333,36,21.54438972,0.1565760842432519,0.2214315978158819,0.11756887197499999,C
8.57697582,2.86518526077,2023-02-22T18:06:47Z,147.29190762848333,36,21.54438972,0.1565760842432519,0.2214315978158819,0.11756887197499999,C
10.00002003,3.79203367233,2023-02-22T18:06:47Z,147.29190762848333,36,21.54438972,0.1565760842432519,0.2214315978158819,0.11756887197499999,C
11.65916729,4.61646509171,2023-02-22T18:06:47Z,147.29190762848333,36,21.54438972,0.1565760842432519,0.2214315978158819,0.11756887197499999,C
13.59359074,5.20198392868,2023-02-22T18:06:47Z,147.29190762848333,36,21.54438972,0.1565760842432519,0.2214315978158819,0.11756887197499999,C
15.84896278,5.40487527847,2023-02-22T18:06:47Z,147.29190762848333,36,21.54438972,0.1565760842432519,0.2214315978158819,0.11756887197499999,C
18.47853470,5.10847616196,2023-02-22T18:06:47Z,147.29190762848333,36,21.54438972,0.1565760842432519,0.2214315978158819,0.11756887197499999,C
21.54438972,4.27346324921,2023-02-22T18:06:47Z,147.29190762848333,36,21.54438972,0.1565760842432519,0.2214315978158819,0.11756887197499999,C
25.11891365,3.0047557354,2023-02-22T18:06:47Z,147.29190762848333,36,21.54438972,0.1565760842432519,0.2214315978158819,0.11756887197499999,C
29.28650284,1.60642158985,2023-02-22T18:06:47Z,147.29190762848333,36,21.54438972,0.1565760842432519,0.2214315978158819,0.11756887197499999,C
34.14555740,0.576457500458,2023-02-22T18:06:47Z,147.29190762848333,36,21.54438972,0.1565760842432519,0.2214315978158819,0.11756887197499999,C
39.81079483,0.496991217136,2023-02-22T18:06:47Z,147.29190762848333,36,21.54438972,0.1565760842432519,0.2214315978158819,0.11756887197499999,C
46.41598129,1.81277251244,2023-02-22T18:06:47Z,147.29190762848333,36,21.54438972,0.1565760842432519,0.2214315978158819,0.11756887197499999,C
54.11705780,4.54050207138,2023-02-22T18:06:47Z,147.29190762848333,36,21.54438972,0.1565760842432519,0.2214315978158819,0.11756887197499999,C
63.09585953,8.01597499847,2023-02-22T18:06:47Z,147.29190762848333,36,21.54438972,0.1565760842432519,0.2214315978158819,0.11756887197499999,C
73.56436920,10.8260135651,2023-02-22T18:06:47Z,147.29190762848333,36,21.54438972,0.1565760842432519,0.2214315978158819,0.11756887197499999,C
85.76976013,11.1293621063,2023-02-22T18:06:47Z,147.29190762848333,36,21.54438972,0.1565760842432519,0.2214315978158819,0.11756887197499999,C
100.00019836,7.45029163361,2023-02-22T18:06:47Z,147.29190762848333,36,21.54438972,0.1565760842432519,0.2214315978158819,0.11756887197499999,C
116.59166718,0,2023-02-22T18:06:47Z,147.29190762848333,36,21.54438972,0.1565760842432519,0.2214315978158819,0.11756887197499999,C
135.93591309,0,2023-02-22T18:06:47Z,147.29190762848333,36,21.54438972,0.1565760842432519,0.2214315978158819,0.11756887197499999,C
158.48962402,0,2023-02-22T18:06:47Z,147.29190762848333,36,21.54438972,0.1565760842432519,0.2214315978158819,0.11756887197499999,C
184.78533936,0,2023-02-22T18:06:47Z,147.29190762848333,36,21.54438972,0.1565760842432519,0.2214315978158819,0.11756887197499999,C
215.44389343,0,2023-02-22T18:06:47Z,147.29190762848333,36,21.54438972,0.1565760842432519,0.2214315978158819,0.11756887197499999,C
251.18913269,0,2023-02-22T18:06:47Z,147.29190762848333,36,21.54438972,0.1565760842432519,0.2214315978158819,0.11756887197499999,C
292.86502075,0,2023-02-22T18:06:47Z,147.29190762848333,36,21.54438972,0.1565760842432519,0.2214315978158819,0.11756887197499999,C
341.45556641,0,2023-02-22T18:06:47Z,147.29190762848333,36,21.54438972,0.1565760842432519,0.2214315978158819,0.11756887197499999,C
398.10794067,0,2023-02-22T18:06:47Z,147.29190762848333,36,21.54438972,0.1565760842432519,0.2214315978158819,0.11756887197499999,C
464.15979004,0,2023-02-22T18:06:47Z,147.29190762848333,36,21.54438972,0.1565760842432519,0.2214315978158819,0.11756887197499999,C
541.17059326,0,2023-02-22T18:06:47Z,147.29190762848333,36,21.54438972,0.1565760842432519,0.2214315978158819,0.11756887197499999,C
630.95855713,0,2023-02-22T18:06:47Z,147.29190762848333,36,21.54438972,0.1565760842432519,0.2214315978158819,0.11756887197499999,C
735.64367676,0,2023-02-22T18:06:47Z,147.29190762848333,36,21.54438972,0.1565760842432519,0.2214315978158819,0.11756887197499999,C
857.69757080,0,2023-02-22T18:06:47Z,147.29190762848333,36,21.54438972,0.1565760842432519,0.2214315978158819,0.11756887197499999,C
1000.00195313,0,2023-02-22T18:06:47Z,147.29190762848333,36,21.54438972,0.1565760842432519,0.2214315978158819,0.11756887197499999,C
0.10000020,0,2023-02-22T18:06:48Z,215.68779839397223,37,25.11891365,0.1580935934198454,0.17932670157527345,0.155446000043324,B
0.11659167,0,2023-02-22T18:06:48Z,215.68779839397223,37,25.11891365,0.1580935934198454,0.17932670157527345,0.155446000043324,B
0.13593590,0,2023-02-22T18:06:48Z,215.68779839397223,37,25.11891365,0.1580935934198454,0.17932670157527345,0.155446000043324,B
0.15848963,0,2023-02-22T18:06:48Z,215.68779839397223,37,25.11891365,0.1580935934198454,0.17932670157527345,0.155446000043324,B
0.18478534,0,2023-02-22T18:06:48Z,215.68779839397223,37,25.11891365,0.1580935934198454,0.17932670157527345,0.155446000043324,B
0.21544389,0,2023-02-22T18:06:48Z,215.68779839397223,37,25.11891365,0.1580935934198454,0.17932670157527345,0.155446000043324,B
0.25118914,0,2023-02-22T18:06:48Z,215.68779839397223,37,25.11891365,0.1580935934198454,0.17932670157527345,0.155446000043324,B
0.29286504,0,2023-02-22T18:06:48Z,215.68779839397223,37,25.11891365,0.1580935934198454,0.17932670157527345,0.155446000043324,B
0.34145555,0,2023-02-22T18:06:48Z,215.68779839397223,37,25.11891365,0.1580935934198454,0.17932670157527345,0.155446000043324,B
0.39810795,0,2023-02-22T18:06:48Z,215.68779839397223,37,25.11891365,0.1580935934198454,0.17932670157527345,0.155446000043324,B
0.46415979,0,2023-02-22T18:06:48Z,215.68779839397223,37,25.11891365,0.1580935934198454,0.17932670157527345,0.155446000043324,B
0.54117060,0,2023-02-22T18:06:48Z,215.68779839397223,37,25.11891365,0.1580935934198454,0.17932670157527345,0.155446000043324,B
0.63095856,0,2023-02-22T18:06:48Z,215.68779839397223,37,25.11891365,0.1580935934198454,0.17932670157527345,0.155446000043324,B
0.73564368,0,2023-02-22T18:06:48Z,215.68779839397223,37,25.11891365,0.1580935934198454,0.17932670157527345,0.155446000043324,B
0.85769761,0,2023-02-22T18:06:48Z,215.68779839397223,37,25.11891365,0.1580935934198454,0.17932670157527345,0.155446000043324,B
1.00000191,0.0238904897124,2023-02-22T18:06:48Z,215.68779839397223,37,25.11891365,0.1580935934198454,0.17932670157527345,0.155446000043324,B
1.16591668,1.33816313744,2023-02-22T18:06:48Z,215.68779839397223,37,25.11891365,0.1580935934198454,0.17932670157527345,0.155446000043324,B
1.35935903,5.85064315796,2023-02-22T18:06:48Z,215.68779839397223,37,25.11891365,0.1580935934198454,0.17932670157527345,0.155446000043324,B
1.58489633,6.17909193039,2023-02-22T18:06:48Z,215.68779839397223,37,25.11891365,0.1580935934198454,0.17932670157527345,0.155446000043324,B
1.84785342,2.15281128883,2023-02-22T18:06:48Z,215.68779839397223,37,25.11891365,0.1580935934198454,0.17932670157527345,0.155446000043324,B
2.15443897,0.256733417511,2023-02-22T18:06:48Z,215.68779839397223,37,25.11891365,0.1580935934198454,0.17932670157527345,0.155446000043324,B
2.51189137,0.00800386816263,2023-02-22T18:06:48Z,215.68779839397223,37,25.11891365,0.1580935934198454,0.17932670157527345,0.155446000043324,B
2.92865038,2.2051977794e-5,2023-02-22T18:06:48Z,215.68779839397223,37,25.11891365,0.1580935934198454,0.17932670157527345,0.155446000043324,B
3.41455555,7.19070094267e-13,2023-02-22T18:06:48Z,215.68779839397223,37,25.11891365,0.1580935934198454,0.17932670157527345,0.155446000043324,B
3.98107958,0,2023-02-22T18:06:48Z,215.68779839397223,37,25.11891365,0.1580935934198454,0.17932670157527345,0.155446000043324,B
4.64159775,0,2023-02-22T18:06:48Z,215.68779839397223,37,25.11891365,0.1580935934198454,0.17932670157527345,0.155446000043324,B
5.41170597,0.0406636111438,2023-02-22T18:06:48Z,215.68779839397223,37,25.11891365,0.1580935934198454,0.17932670157527345,0.155446000043324,B
6.30958605,0.205685079098,2023-02-22T18:06:48Z,215.68779839397223,37,25.11891365,0.1580935934198454,0.17932670157527345,0.155446000043324,B
7.35643721,0.589248716831,2023-02-22T18:06:48Z,215.68779839397223,37,25.11891365,0.1580935934198454,0.17932670157527345,0.155446000043324,B
8.57697582,1.28771340847,2023-02-22T18:06:48Z,215.68779839397223,37,25.11891365,0.1580935934198454,0.17932670157527345,0.155446000043324,B
10.00002003,2.35881400108,2023-02-22T18:06:48Z,215.68779839397223,37,25.11891365,0.1580935934198454,0.17932670157527345,0.155446000043324,B
11.65916729,3.75709462166,2023-02-22T18:06:48Z,215.68779839397223,37,25.11891365,0.1580935934198454,0.17932670157527345,0.155446000043324,B
13.59359074,5.25714111328,2023-02-22T18:06:48Z,215.68779839397223,37,25.11891365,0.1580935934198454,0.17932670157527345,0.155446000043324,B
15.84896278,6.4079990387,2023-02-22T18:06:48Z,215.68779839397223,37,25.11891365,0.1580935934198454,0.17932670157527345,0.155446000043324,B
18.47853470,6.61217784882,2023-02-22T18:06:48Z,215.68779839397223,37,25.11891365,0.1580935934198454,0.17932670157527345,0.155446000043324,B
21.54438972,5.4083738327,2023-02-22T18:06:48Z,215.68779839397223,37,25.11891365,0.1580935934198454,0.17932670157527345,0.155446000043324,B
25.11891365,2.96535468102,2023-02-22T18:06:48Z,215.68779839397223,37,25.11891365,0.1580935934198454,0.17932670157527345,0.155446000043324,B
29.28650284,0.502454936504,2023-02-22T18:06:48Z,215.68779839397223,37,25.11891365,0.1580935934198454,0.17932670157527345,0.155446000043324,B
34.14555740,0,2023-02-22T18:06:48Z,215.68779839397223,37,25.11891365,0.1580935934198454,0.17932670157527345,0.155446000043324,B
39.81079483,0,2023-02-22T18:06:48Z,215.68779839397223,37,25.11891365,0.1580935934198454,0.17932670157527345,0.155446000043324,B
46.41598129,0,2023-02-22T18:06:48Z,215.68779839397223,37,25.11891365,0.1580935934198454,0.17932670157527345,0.155446000043324,B
54.11705780,0,2023-02-22T18:06:48Z,215.68779839397223,37,25.11891365,0.1580935934198454,0.17932670157527345,0.155446000043324,B
63.09585953,0,2023-02-22T18:06:48Z,215.68779839397223,37,25.11891365,0.1580935934198454,0.17932670157527345,0.155446000043324,B
73.56436920,0,2023-02-22T18:06:48Z,215.68779839397223,37,25.11891365,0.1580935934198454,0.17932670157527345,0.155446000043324,B
85.76976013,0,2023-02-22T18:06:48Z,215.68779839397223,37,25.11891365,0.1580935934198454,0.17932670157527345,0.155446000043324,B
100.00019836,48.7979202271,2023-02-22T18:06:48Z,215.68779839397223,37,25.11891365,0.1580935934198454,0.17932670157527345,0.155446000043324,B
116.59166718,0,2023-02-22T18:06:48Z,215.68779839397223,37,25.11891365,0.1580935934198454,0.17932670157527345,0.155446000043324,B
135.93591309,0,2023-02-22T18:06:48Z,215.68779839397223,37,25.11891365,0.1580935934198454,0.17932670157527345,0.155446000043324,B
158.48962402,0,2023-02-22T18:06:48Z,215.68779839397223,37,25.11891365,0.1580935934198454,0.17932670157527345,0.155446000043324,B
184.78533936,0,2023-02-22T18:06:48Z,215.68779839397223,37,25.11891365,0.1580935934198454,0.17932670157527345,0.155446000043324,B
215.44389343,0,2023-02-22T18:06:48Z,215.68779839397223,37,25.11891365,0.1580935934198454,0.17932670157527345,0.155446000043324,B
251.18913269,0,2023-02-22T18:06:48Z,215.68779839397223,37,25.11891365,0.1580935934198454,0.17932670157527345,0.155446000043324,B
292.86502075,0,2023-02-22T18:06:48Z,215.68779839397223,37,25.11891365,0.1580935934198454,0.17932670157527345,0.155446000043324,B
341.45556641,0,2023-02-22T18:06:48Z,215.68779839397223,37,25.11891365,0.1580935934198454,0.17932670157527345,0.155446000043324,B
398.10794067,0,2023-02-22T18:06:48Z,215.68779839397223,37,25.11891365,0.1580935934198454,0.17932670157527345,0.155446000043324,B
464.15979004,0,2023-02-22T18:06:48Z,215.68779839397223,37,25.11891365,0.1580935934198454,0.17932670157527345,0.155446000043324,B
541.17059326,0,2023-02-22T18:06:48Z,215.68779839397223,37,25.11891365,0.1580935934198454,0.17932670157527345,0.155446000043324,B
630.95855713,0,2023-02-22T18:06:48Z,215.68779839397223,37,25.11891365,0.1580935934198454,0.17932670157527345,0.155446000043324,B
735.64367676,0,2023-02-22T18:06:48Z,215.68779839397223,37,25.11891365,0.1580935934198454,0.17932670157527345,0.155446000043324,B
857.69757080,0,2023-02-22T18:06:48Z,215.68779839397223,37,25.11891365,0.1580935934198454,0.17932670157527345,0.155446000043324,B
1000.00195313,0,2023-02-22T18:06:48Z,215.68779839397223,37,25.11891365,0.1580935934198454,0.17932670157527345,0.155446000043324,B
0.10000020,0,2023-02-22T18:06:49Z,180.76858393354445,46,100.00019836,0.1858001196384536,0.1958048698416307,0.17536331146956002,B
0.11659167,0,2023-02-22T18:06:49Z,180.76858393354445,46,100.00019836,0.1858001196384536,0.1958048698416307,0.17536331146956002,B
0.13593590,0,2023-02-22T18:06:49Z,180.76858393354445,46,100.00019836,0.1858001196384536,0.1958048698416307,0.17536331146956002,B
0.15848963,0,2023-02-22T18:06:49Z,180.76858393354445,46,100.00019836,0.1858001196384536,0.1958048698416307,0.17536331146956002,B
0.18478534,0,2023-02-22T18:06:49Z,180.76858393354445,46,100.00019836,0.1858001196384536,0.1958048698416307,0.17536331146956002,B
0.21544389,0,2023-02-22T18:06:49Z,180.76858393354445,46,100.00019836,0.1858001196384536,0.1958048698416307,0.17536331146956002,B
0.25118914,0,2023-02-22T18:06:49Z,180.76858393354445,46,100.00019836,0.1858001196384536,0.1958048698416307,0.17536331146956002,B
0.29286504,0,2023-02-22T18:06:49Z,180.76858393354445,46,100.00019836,0.1858001196384536,0.1958048698416307,0.17536331146956002,B
0.34145555,0,2023-02-22T18:06:49Z,180.76858393354445,46,100.00019836,0.1858001196384536,0.1958048698416307,0.17536331146956002,B
0.39810795,0,2023-02-22T18:06:49Z,180.76858393354445,46,100.00019836,0.1858001196384536,0.1958048698416307,0.17536331146956002,B
0.46415979,0,2023-02-22T18:06:49Z,180.76858393354445,46,100.00019836,0.1858001196384536,0.1958048698416307,0.17536331146956002,B
0.54117060,0,2023-02-22T18:06:49Z,180.76858393354445,46,100.00019836,0.1858001196384536,0.1958048698416307,0.17536331146956002,B
0.63095856,0,2023-02-22T18:06:49Z,180.76858393354445,46,100.00019836,0.1858001196384536,0.1958048698416307,0.17536331146956002,B
0.73564368,0,2023-02-22T18:06:49Z,180.76858393354445,46,100.00019836,0.1858001196384536,0.1958048698416307,0.17536331146956002,B
0.85769761,0,2023-02-22T18:06:49Z,180.76858393354445,46,100.00019836,0.1858001196384536,0.1958048698416307,0.17536331146956002,B
1.00000191,0.348899811506,2023-02-22T18:06:49Z,180.76858393354445,46,100.00019836,0.1858001196384536,0.1958048698416307,0.17536331146956002,B
1.16591668,2.64339447021,2023-02-22T18:06:49Z,180.76858393354445,46,100.00019836,0.1858001196384536,0.1958048698416307,0.17536331146956002,B
1.35935903,5.69574546814,2023-02-22T18:06:49Z,180.76858393354445,46,100.00019836,0.1858001196384536,0.1958048698416307,0.17536331146956002,B
1.58489633,5.741979599,2023-02-22T18:06:49Z,180.76858393354445,46,100.00019836,0.1858001196384536,0.1958048698416307,0.17536331146956002,B
1.84785342,3.1063117981,2023-02-22T18:06:49Z,180.76858393354445,46,100.00019836,0.1858001196384536,0.1958048698416307,0.17536331146956002,B
2.15443897,0.912240982056,2023-02-22T18:06:49Z,180.76858393354445,46,100.00019836,0.1858001196384536,0.1958048698416307,0.17536331146956002,B
2.51189137,0.126797616482,2023-02-22T18:06:49Z,180.76858393354445,46,100.00019836,0.1858001196384536,0.1958048698416307,0.17536331146956002,B
2.92865038,0.00464221835136,2023-02-22T18:06:49Z,180.76858393354445,46,100.00019836,0.1858001196384536,0.1958048698416307,0.17536331146956002,B
3.41455555,0,2023-02-22T18:06:49Z,180.76858393354445,46,100.00019836,0.1858001196384536,0.1958048698416307,0.17536331146956002,B
3.98107958,0,2023-02-22T18:06:49Z,180.76858393354445,46,100.00019836,0.1858001196384536,0.1958048698416307,0.17536331146956002,B
4.64159775,0,2023-02-22T18:06:49Z,180.76858393354445,46,100.00019836,0.1858001196384536,0.1958048698416307,0.17536331146956002,B
5.41170597,1.52375378093e-5,2023-02-22T18:06:49Z,180.76858393354445,46,100.00019836,0.1858001196384536,0.1958048698416307,0.17536331146956002,B
6.30958605,0.0465283766389,2023-02-22T18:06:49Z,180.76858393354445,46,100.00019836,0.1858001196384536,0.1958048698416307,0.17536331146956002,B
7.35643721,0.24027492106,2023-02-22T18:06:49Z,180.76858393354445,46,100.00019836,0.1858001196384536,0.1958048698416307,0.17536331146956002,B
8.57697582,0.713656485081,2023-02-22T18:06:49Z,180.76858393354445,46,100.00019836,0.1858001196384536,0.1958048698416307,0.17536331146956002,B
10.00002003,1.60437822342,2023-02-22T18:06:49Z,180.76858393354445,46,100.00019836,0.1858001196384536,0.1958048698416307,0.17536331146956002,B
11.65916729,2.96430659294,2023-02-22T18:06:49Z,180.76858393354445,46,100.00019836,0.1858001196384536,0.1958048698416307,0.17536331146956002,B
13.59359074,4.62192869186,2023-02-22T18:06:49Z,180.76858393354445,46,100.00019836,0.1858001196384536,0.1958048698416307,0.17536331146956002,B
15.84896278,6.06177282333,2023-02-22T18:06:49Z,180.76858393354445,46,100.00019836,0.1858001196384536,0.1958048698416307,0.17536331146956002,B
18.47853470,6.49010181427,2023-02-22T18:06:49Z,180.76858393354445,46,100.00019836,0.1858001196384536,0.1958048698416307,0.17536331146956002,B
21.54438972,5.2591509819,2023-02-22T18:06:49Z,180.76858393354445,46,100.00019836,0.1858001196384536,0.1958048698416307,0.17536331146956002,B
25.11891365,2.63097310066,2023-02-22T18:06:49Z,180.76858393354445,46,100.00019836,0.1858001196384536,0.1958048698416307,0.17536331146956002,B
29.28650284,0.27159756422,2023-02-22T18:06:49Z,180.76858393354445,46,100.00019836,0.1858001196384536,0.1958048698416307,0.17536331146956002,B
34.14555740,0,2023-02-22T18:06:49Z,180.76858393354445,46,100.00019836,0.1858001196384536,0.1958048698416307,0.17536331146956002,B
39.81079483,0,2023-02-22T18:06:49Z,180.76858393354445,46,100.00019836,0.1858001196384536,0.1958048698416307,0.17536331146956002,B
46.41598129,0,2023-02-22T18:06:49Z,180.76858393354445,46,100.00019836,0.1858001196384536,0.1958048698416307,0.17536331146956002,B
54.11705780,0,2023-02-22T18:06:49Z,180.76858393354445,46,100.00019836,0.1858001196384536,0.1958048698416307,0.17536331146956002,B
63.09585953,0,2023-02-22T18:06:49Z,180.76858393354445,46,100.00019836,0.1858001196384536,0.1958048698416307,0.17536331146956002,B
73.56436920,0,2023-02-22T18:06:49Z,180.76858393354445,46,100.00019836,0.1858001196384536,0.1958048698416307,0.17536331146956002,B
85.76976013,0,2023-02-22T18:06:49Z,180.76858393354445,46,100.00019836,0.1858001196384536,0.1958048698416307,0.17536331146956002,B
100.00019836,50.5153045654,2023-02-22T18:06:49Z,180.76858393354445,46,100.00019836,0.1858001196384536,0.1958048698416307,0.17536331146956002,B
116.59166718,0,2023-02-22T18:06:49Z,180.76858393354445,46,100.00019836,0.1858001196384536,0.1958048698416307,0.17536331146956002,B
135.93591309,0,2023-02-22T18:06:49Z,180.76858393354445,46,100.00019836,0.1858001196384536,0.1958048698416307,0.17536331146956002,B
158.48962402,0,2023-02-22T18:06:49Z,180.76858393354445,46,100.00019836,0.1858001196384536,0.1958048698416307,0.17536331146956002,B
184.78533936,0,2023-02-22T18:06:49Z,180.76858393354445,46,100.00019836,0.1858001196384536,0.1958048698416307,0.17536331146956002,B
215.44389343,0,2023-02-22T18:06:49Z,180.76858393354445,46,100.00019836,0.1858001196384536,0.1958048698416307,0.17536331146956002,B
251.18913269,0,2023-02-22T18:06:49Z,180.76858393354445,46,100.00019836,0.1858001196384536,0.1958048698416307,0.17536331146956002,B
292.86502075,0,2023-02-22T18:06:49Z,180.76858393354445,46,100.00019836,0.1858001196384536,0.1958048698416307,0.17536331146956002,B
341.45556641,0,2023-02-22T18:06:49Z,180.76858393354445,46,100.00019836,0.1858001196384536,0.1958048698416307,0.17536331146956002,B
398.10794067,0,2023-02-22T18:06:49Z,180.76858393354445,46,100.00019836,0.1858001196384536,0.1958048698416307,0.17536331146956002,B
464.15979004,0,2023-02-22T18:06:49Z,180.76858393354445,46,100.00019836,0.1858001196384536,0.1958048698416307,0.17536331146956002,B
541.17059326,0,2023-02-22T18:06:49Z,180.76858393354445,46,100.00019836,0.1858001196384536,0.1958048698416307,0.17536331146956002,B
630.95855713,0,2023-02-22T18:06:49Z,180.76858393354445,46,100.00019836,0.1858001196384536,0.1958048698416307,0.17536331146956002,B
735.64367676,0,2023-02-22T18:06:49Z,180.76858393354445,46,100.00019836,0.1858001196384536,0.1958048698416307,0.17536331146956002,B
857.69757080,0,2023-02-22T18:06:49Z,180.76858393354445,46,100.00019836,0.1858001196384536,0.1958048698416307,0.17536331146956002,B
1000.00195313,0,2023-02-22T18:06:49Z,180.76858393354445,46,100.00019836,0.1858001196384536,0.1958048698416307,0.17536331146956002,B
0.10000020,0,2023-02-22T18:06:50Z,155.84550242959443,46,100.00019836,0.1550706979216784,0.16145022697315842,0.15306477144361,B
0.11659167,0,2023-02-22T18:06:50Z,155.84550242959443,46,100.00019836,0.1550706979216784,0.16145022697315842,0.15306477144361,B
0.13593590,0,2023-02-22T18:06:50Z,155.84550242959443,46,100.00019836,0.1550706979216784,0.16145022697315842,0.15306477144361,B
0.15848963,0,2023-02-22T18:06:50Z,155.84550242959443,46,100.00019836,0.1550706979216784,0.16145022697315842,0.15306477144361,B
0.18478534,0,2023-02-22T18:06:50Z,155.84550242959443,46,100.00019836,0.1550706979216784,0.16145022697315842,0.15306477144361,B
0.21544389,0,2023-02-22T18:06:50Z,155.84550242959443,46,100.00019836,0.1550706979216784,0.16145022697315842,0.15306477144361,B
0.25118914,0,2023-02-22T18:06:50Z,155.84550242959443,46,100.00019836,0.1550706979216784,0.16145022697315842,0.15306477144361,B
0.29286504,0,2023-02-22T18:06:50Z,155.84550242959443,46,100.00019836,0.1550706979216784,0.16145022697315842,0.15306477144361,B
0.34145555,0,2023-02-22T18:06:50Z,155.84550242959443,46,100.00019836,0.1550706979216784,0.16145022697315842,0.15306477144361,B
0.39810795,0,2023-02-22T18:06:50Z,155.84550242959443,46,100.00019836,0.1550706979216784,0.16145022697315842,0.15306477144361,B
0.46415979,0,2023-02-22T18:06:50Z,155.84550242959443,46,100.00019836,0.1550706979216784,0.16145022697315842,0.15306477144361,B
0.54117060,0,2023-02-22T18:06:50Z,155.84550242959443,46,100.00019836,0.1550706979216784,0.16145022697315842,0.15306477144361,B
0.63095856,0,2023-02-22T18:06:50Z,155.84550242959443,46,100.00019836,0.1550706979216784,0.16145022697315842,0.15306477144361,B
0.73564368,0,2023-02-22T18:06:50Z,155.84550242959443,46,100.00019836,0.1550706979216784,0.16145022697315842,0.15306477144361,B
0.85769761,0,2023-02-22T18:06:50Z,155.84550242959443,46,100.00019836,0.1550706979216784,0.16145022697315842,0.15306477144361,B
1.00000191,0.191286280751,2023-02-22T18:06:50Z,155.84550242959443,46,100.00019836,0.1550706979216784,0.16145022697315842,0.15306477144361,B
1.16591668,2.84895420074,2023-02-22T18:06:50Z,155.84550242959443,46,100.00019836,0.1550706979216784,0.16145022697315842,0.15306477144361,B
1.35935903,6.2172036171,2023-02-22T18:06:50Z,155.84550242959443,46,100.00019836,0.1550706979216784,0.16145022697315842,0.15306477144361,B
1.58489633,4.60342741013,2023-02-22T18:06:50Z,155.84550242959443,46,100.00019836,0.1550706979216784,0.16145022697315842,0.15306477144361,B
1.84785342,1.44560563564,2023-02-22T18:06:50Z,155.84550242959443,46,100.00019836,0.1550706979216784,0.16145022697315842,0.15306477144361,B
2.15443897,0.192506685853,2023-02-22T18:06:50Z,155.84550242959443,46,100.00019836,0.1550706979216784,0.16145022697315842,0.15306477144361,B
2.51189137,0.00806083902717,2023-02-22T18:06:50Z,155.84550242959443,46,100.00019836,0.1550706979216784,0.16145022697315842,0.15306477144361,B
2.92865038,2.51229266723e-5,2023-02-22T18:06:50Z,155.84550242959443,46,100.00019836,0.1550706979216784,0.16145022697315842,0.15306477144361,B
3.41455555,0,2023-02-22T18:06:50Z,155.84550242959443,46,100.00019836,0.1550706979216784,0.16145022697315842,0.15306477144361,B
3.98107958,0,2023-02-22T18:06:50Z,155.84550242959443,46,100.00019836,0.1550706979216784,0.16145022697315842,0.15306477144361,B
4.64159775,0,2023-02-22T18:06:50Z,155.84550242959443,46,100.00019836,0.1550706979216784,0.16145022697315842,0.15306477144361,B
5.41170597,0,2023-02-22T18:06:50Z,155.84550242959443,46,100.00019836,0.1550706979216784,0.16145022697315842,0.15306477144361,B
6.30958605,0.015978526324,2023-02-22T18:06:50Z,155.84550242959443,46,100.00019836,0.1550706979216784,0.16145022697315842,0.15306477144361,B
7.35643721,0.141888171434,2023-02-22T18:06:50Z,155.84550242959443,46,100.00019836,0.1550706979216784,0.16145022697315842,0.15306477144361,B
8.57697582,0.48008620739,2023-02-22T18:06:50Z,155.84550242959443,46,100.00019836,0.1550706979216784,0.16145022697315842,0.15306477144361,B
10.00002003,1.16729974747,2023-02-22T18:06:50Z,155.84550242959443,46,100.00019836,0.1550706979216784,0.16145022697315842,0.15306477144361,B
11.65916729,2.29758048058,2023-02-22T18:06:50Z,155.84550242959443,46,100.00019836,0.1550706979216784,0.16145022697315842,0.15306477144361,B
13.59359074,3.78814673424,2023-02-22T18:06:50Z,155.84550242959443,46,100.00019836,0.1550706979216784,0.16145022697315842,0.15306477144361,B
15.84896278,5.2257437706,2023-02-22T18:06:50Z,155.84550242959443,46,100.00019836,0.1550706979216784,0.16145022697315842,0.15306477144361,B
18.47853470,5.8417930603,2023-02-22T18:06:50Z,155.84550242959443,46,100.00019836,0.1550706979216784,0.16145022697315842,0.15306477144361,B
21.54438972,4.81479692459,2023-02-22T18:06:50Z,155.84550242959443,46,100.00019836,0.1550706979216784,0.16145022697315842,0.15306477144361,B
25.11891365,2.03930950165,2023-02-22T18:06:50Z,155.84550242959443,46,100.00019836,0.1550706979216784,0.16145022697315842,0.15306477144361,B
29.28650284,0,2023-02-22T18:06:50Z,155.84550242959443,46,100.00019836,0.1550706979216784,0.16145022697315842,0.15306477144361,B
34.14555740,0,2023-02-22T18:06:50Z,155.84550242959443,46,100.00019836,0.1550706979216784,0.16145022697315842,0.15306477144361,B
39.81079483,0,2023-02-22T18:06:50Z,155.84550242959443,46,100.00019836,0.1550706979216784,0.16145022697315842,0.15306477144361,B
46.41598129,0,2023-02-22T18:06:50Z,155.84550242959443,46,100.00019836,0.1550706979216784,0.16145022697315842,0.15306477144361,B
54.11705780,0,2023-02-22T18:06:50Z,155.84550242959443,46,100.00019836,0.1550706979216784,0.16145022697315842,0.15306477144361,B
63.09585953,0,2023-02-22T18:06:50Z,155.84550242959443,46,100.00019836,0.1550706979216784,0.16145022697315842,0.15306477144361,B
73.56436920,0,2023-02-22T18:06:50Z,155.84550242959443,46,100.00019836,0.1550706979216784,0.16145022697315842,0.15306477144361,B
85.76976013,0,2023-02-22T18:06:50Z,155.84550242959443,46,100.00019836,0.1550706979216784,0.16145022697315842,0.15306477144361,B
100.00019836,58.6803092957,2023-02-22T18:06:50Z,155.84550242959443,46,100.00019836,0.1550706979216784,0.16145022697315842,0.15306477144361,B
116.59166718,0,2023-02-22T18:06:50Z,155.84550242959443,46,100.00019836,0.1550706979216784,0.16145022697315842,0.15306477144361,B
135.93591309,0,2023-02-22T18:06:50Z,155.84550242959443,46,100.00019836,0.1550706979216784,0.16145022697315842,0.15306477144361,B
158.48962402,0,2023-02-22T18:06:50Z,155.84550242959443,46,100.00019836,0.1550706979216784,0.16145022697315842,0.15306477144361,B
184.78533936,0,2023-02-22T18:06:50Z,155.84550242959443,46,100.00019836,0.1550706979216784,0.16145022697315842,0.15306477144361,B
215.44389343,0,2023-02-22T18:06:50Z,155.84550242959443,46,100.00019836,0.1550706979216784,0.16145022697315842,0.15306477144361,B
251.18913269,0,2023-02-22T18:06:50Z,155.84550242959443,46,100.00019836,0.1550706979216784,0.16145022697315842,0.15306477144361,B
292.86502075,0,2023-02-22T18:06:50Z,155.84550242959443,46,100.00019836,0.1550706979216784,0.16145022697315842,0.15306477144361,B
341.45556641,0,2023-02-22T18:06:50Z,155.84550242959443,46,100.00019836,0.1550706979216784,0.16145022697315842,0.15306477144361,B
398.10794067,0,2023-02-22T18:06:50Z,155.84550242959443,46,100.00019836,0.1550706979216784,0.16145022697315842,0.15306477144361,B
464.15979004,0,2023-02-22T18:06:50Z,155.84550242959443,46,100.00019836,0.1550706979216784,0.16145022697315842,0.15306477144361,B
541.17059326,0,2023-02-22T18:06:50Z,155.84550242959443,46,100.00019836,0.1550706979216784,0.16145022697315842,0.15306477144361,B
630.95855713,0,2023-02-22T18:06:50Z,155.84550242959443,46,100.00019836,0.1550706979216784,0.16145022697315842,0.15306477144361,B
735.64367676,0,2023-02-22T18:06:50Z,155.84550242959443,46,100.00019836,0.1550706979216784,0.16145022697315842,0.15306477144361,B
857.69757080,0,2023-02-22T18:06:50Z,155.84550242959443,46,100.00019836,0.1550706979216784,0.16145022697315842,0.15306477144361,B
1000.00195313,0,2023-02-22T18:06:50Z,155.84550242959443,46,100.00019836,0.1550706979216784,0.16145022697315842,0.15306477144361,B
0.10000020,0,2023-02-22T18:06:51Z,209.19931242194446,36,21.54438972,0.19776565900009507,0.24308289399309507,0.187379184104392,B
0.11659167,0,2023-02-22T18:06:51Z,209.19931242194446,36,21.54438972,0.19776565900009507,0.24308289399309507,0.187379184104392,B
0.13593590,0,2023-02-22T18:06:51Z,209.19931242194446,36,21.54438972,0.19776565900009507,0.24308289399309507,0.187379184104392,B
0.15848963,0,2023-02-22T18:06:51Z,209.19931242194446,36,21.54438972,0.19776565900009507,0.24308289399309507,0.187379184104392,B
0.18478534,0,2023-02-22T18:06:51Z,209.19931242194446,36,21.54438972,0.19776565900009507,0.24308289399309507,0.187379184104392,B
0.21544389,0,2023-02-22T18:06:51Z,209.19931242194446,36,21.54438972,0.19776565900009507,0.24308289399309507,0.187379184104392,B
0.25118914,0,2023-02-22T18:06:51Z,209.19931242194446,36,21.54438972,0.19776565900009507,0.24308289399309507,0.187379184104392,B
0.29286504,0,2023-02-22T18:06:51Z,209.19931242194446,36,21.54438972,0.19776565900009507,0.24308289399309507,0.187379184104392,B
0.34145555,0,2023-02-22T18:06:51Z,209.19931242194446,36,21.54438972,0.19776565900009507,0.24308289399309507,0.187379184104392,B
0.39810795,0,2023-02-22T18:06:51Z,209.19931242194446,36,21.54438972,0.19776565900009507,0.24308289399309507,0.187379184104392,B
0.46415979,0,2023-02-22T18:06:51Z,209.19931242194446,36,21.54438972,0.19776565900009507,0.24308289399309507,0.187379184104392,B
0.54117060,0,2023-02-22T18:06:51Z,209.19931242194446,36,21.54438972,0.19776565900009507,0.24308289399309507,0.187379184104392,B
0.63095856,0,2023-02-22T18:06:51Z,209.19931242194446,36,21.54438972,0.19776565900009507,0.24308289399309507,0.187379184104392,B
0.73564368,0,2023-02-22T18:06:51Z,209.19931242194446,36,21.54438972,0.19776565900009507,0.24308289399309507,0.187379184104392,B
0.85769761,0,2023-02-22T18:06:51Z,209.19931242194446,36,21.54438972,0.19776565900009507,0.24308289399309507,0.187379184104392,B
1.00000191,0.0538919307292,2023-02-22T18:06:51Z,209.19931242194446,36,21.54438972,0.19776565900009507,0.24308289399309507,0.187379184104392,B
1.16591668,1.51239752769,2023-02-22T18:06:51Z,209.19931242194446,36,21.54438972,0.19776565900009507,0.24308289399309507,0.187379184104392,B
1.35935903,5.80018138885,2023-02-22T18:06:51Z,209.19931242194446,36,21.54438972,0.19776565900009507,0.24308289399309507,0.187379184104392,B
1.58489633,7.38033056259,2023-02-22T18:06:51Z,209.19931242194446,36,21.54438972,0.19776565900009507,0.24308289399309507,0.187379184104392,B
1.84785342,3.99111700058,2023-02-22T18:06:51Z,209.19931242194446,36,21.54438972,0.19776565900009507,0.24308289399309507,0.187379184104392,B
2.15443897,0.951719105244,2023-02-22T18:06:51Z,209.19931242194446,36,21.54438972,0.19776565900009507,0.24308289399309507,0.187379184104392,B
2.51189137,0.0830808207393,2023-02-22T18:06:51Z,209.19931242194446,36,21.54438972,0.19776565900009507,0.24308289399309507,0.187379184104392,B
2.92865038,0.00127804500517,2023-02-22T18:06:51Z,209.19931242194446,36,21.54438972,0.19776565900009507,0.24308289399309507,0.187379184104392,B
3.41455555,4.9889887776500003e-08,2023-02-22T18:06:51Z,209.19931242194446,36,21.54438972,0.19776565900009507,0.24308289399309507,0.187379184104392,B
3.98107958,0,2023-02-22T18:06:51Z,209.19931242194446,36,21.54438972,0.19776565900009507,0.24308289399309507,0.187379184104392,B
4.64159775,0.00256946869195,2023-02-22T18:06:51Z,209.19931242194446,36,21.54438972,0.19776565900009507,0.24308289399309507,0.187379184104392,B
5.41170597,0.194451928139,2023-02-22T18:06:51Z,209.19931242194446,36,21.54438972,0.19776565900009507,0.24308289399309507,0.187379184104392,B
6.30958605,0.634433150291,2023-02-22T18:06:51Z,209.19931242194446,36,21.54438972,0.19776565900009507,0.24308289399309507,0.187379184104392,B
7.35643721,1.35667824745,2023-02-22T18:06:51Z,209.19931242194446,36,21.54438972,0.19776565900009507,0.24308289399309507,0.187379184104392,B
8.57697582,2.34616017342,2023-02-22T18:06:51Z,209.19931242194446,36,21.54438972,0.19776565900009507,0.24308289399309507,0.187379184104392,B
10.00002003,3.51623702049,2023-02-22T18:06:51Z,209.19931242194446,36,21.54438972,0.19776565900009507,0.24308289399309507,0.187379184104392,B
11.65916729,4.69158744812,2023-02-22T18:06:51Z,209.19931242194446,36,21.54438972,0.19776565900009507,0.24308289399309507,0.187379184104392,B
13.59359074,5.60548877716,2023-02-22T18:06:51Z,209.19931242194446,36,21.54438972,0.19776565900009507,0.24308289399309507,0.187379184104392,B
15.84896278,5.93121814728,2023-02-22T18:06:51Z,209.19931242194446,36,21.54438972,0.19776565900009507,0.24308289399309507,0.187379184104392,B
18.47853470,5.37123298645,2023-02-22T18:06:51Z,209.19931242194446,36,21.54438972,0.19776565900009507,0.24308289399309507,0.187379184104392,B
21.54438972,3.80218219757,2023-02-22T18:06:51Z,209.19931242194446,36,21.54438972,0.19776565900009507,0.24308289399309507,0.187379184104392,B
25.11891365,1.47897958755,2023-02-22T18:06:51Z,209.19931242194446,36,21.54438972,0.19776565900009507,0.24308289399309507,0.187379184104392,B
29.28650284,0,2023-02-22T18:06:51Z,209.19931242194446,36,21.54438972,0.19776565900009507,0.24308289399309507,0.187379184104392,B
34.14555740,0,2023-02-22T18:06:51Z,209.19931242194446,36,21.54438972,0.19776565900009507,0.24308289399309507,0.187379184104392,B
39.81079483,0,2023-02-22T18:06:51Z,209.19931242194446,36,21.54438972,0.19776565900009507,0.24308289399309507,0.187379184104392,B
46.41598129,0,2023-02-22T18:06:51Z,209.19931242194446,36,21.54438972,0.19776565900009507,0.24308289399309507,0.187379184104392,B
54.11705780,0,2023-02-22T18:06:51Z,209.19931242194446,36,21.54438972,0.19776565900009507,0.24308289399309507,0.187379184104392,B
63.09585953,0,2023-02-22T18:06:51Z,209.19931242194446,36,21.54438972,0.19776565900009507,0.24308289399309507,0.187379184104392,B
73.56436920,0,2023-02-22T18:06:51Z,209.19931242194446,36,21.54438972,0.19776565900009507,0.24308289399309507,0.187379184104392,B
85.76976013,0,2023-02-22T18:06:51Z,209.19931242194446,36,21.54438972,0.19776565900009507,0.24308289399309507,0.187379184104392,B
100.00019836,45.2947807312,2023-02-22T18:06:51Z,209.19931242194446,36,21.54438972,0.19776565900009507,0.24308289399309507,0.187379184104392,B
116.59166718,0,2023-02-22T18:06:51Z,209.19931242194446,36,21.54438972,0.19776565900009507,0.24308289399309507,0.187379184104392,B
135.93591309,0,2023-02-22T18:06:51Z,209.19931242194446,36,21.54438972,0.19776565900009507,0.24308289399309507,0.187379184104392,B
158.48962402,0,2023-02-22T18:06:51Z,209.19931242194446,36,21.54438972,0.19776565900009507,0.24308289399309507,0.187379184104392,B
184.78533936,0,2023-02-22T18:06:51Z,209.19931242194446,36,21.54438972,0.19776565900009507,0.24308289399309507,0.187379184104392,B
215.44389343,0,2023-02-22T18:06:51Z,209.19931242194446,36,21.54438972,0.19776565900009507,0.24308289399309507,0.187379184104392,B
251.18913269,0,2023-02-22T18:06:51Z,209.19931242194446,36,21.54438972,0.19776565900009507,0.24308289399309507,0.187379184104392,B
292.86502075,0,2023-02-22T18:06:51Z,209.19931242194446,36,21.54438972,0.19776565900009507,0.24308289399309507,0.187379184104392,B
341.45556641,0,2023-02-22T18:06:51Z,209.19931242194446,36,21.54438972,0.19776565900009507,0.24308289399309507,0.187379184104392,B
398.10794067,0,2023-02-22T18:06:51Z,209.19931242194446,36,21.54438972,0.19776565900009507,0.24308289399309507,0.187379184104392,B
464.15979004,0,2023-02-22T18:06:51Z,209.19931242194446,36,21.54438972,0.19776565900009507,0.24308289399309507,0.187379184104392,B
541.17059326,0,2023-02-22T18:06:51Z,209.19931242194446,36,21.54438972,0.19776565900009507,0.24308289399309507,0.187379184104392,B
630.95855713,0,2023-02-22T18:06:51Z,209.19931242194446,36,21.54438972,0.19776565900009507,0.24308289399309507,0.187379184104392,B
735.64367676,0,2023-02-22T18:06:51Z,209.19931242194446,36,21.54438972,0.19776565900009507,0.24308289399309507,0.187379184104392,B
857.69757080,0,2023-02-22T18:06:51Z,209.19931242194446,36,21.54438972,0.19776565900009507,0.24308289399309507,0.187379184104392,B
1000.00195313,0,2023-02-22T18:06:51Z,209.19931242194446,36,21.54438972,0.19776565900009507,0.24308289399309507,0.187379184104392,B
0.10000020,0,2023-02-22T18:06:52Z,156.1606589423139,46,100.00019836,0.1720880313828265,0.1888256449583895,0.167044263873343,B
0.11659167,0,2023-02-22T18:06:52Z,156.1606589423139,46,100.00019836,0.1720880313828265,0.1888256449583895,0.167044263873343,B
0.13593590,0,2023-02-22T18:06:52Z,156.1606589423139,46,100.00019836,0.1720880313828265,0.1888256449583895,0.167044263873343,B
0.15848963,0,2023-02-22T18:06:52Z,156.1606589423139,46,100.00019836,0.1720880313828265,0.1888256449583895,0.167044263873343,B
0.18478534,0,2023-02-22T18:06:52Z,156.1606589423139,46,100.00019836,0.1720880313828265,0.1888256449583895,0.167044263873343,B
0.21544389,0,2023-02-22T18:06:52Z,156.1606589423139,46,100.00019836,0.1720880313828265,0.1888256449583895,0.167044263873343,B
0.25118914,0,2023-02-22T18:06:52Z,156.1606589423139,46,100.00019836,0.1720880313828265,0.1888256449583895,0.167044263873343,B
0.29286504,0,2023-02-22T18:06:52Z,156.1606589423139,46,100.00019836,0.1720880313828265,0.1888256449583895,0.167044263873343,B
0.34145555,0,2023-02-22T18:06:52Z,156.1606589423139,46,100.00019836,0.1720880313828265,0.1888256449583895,0.167044263873343,B
0.39810795,0,2023-02-22T18:06:52Z,156.1606589423139,46,100.00019836,0.1720880313828265,0.1888256449583895,0.167044263873343,B
0.46415979,0,2023-02-22T18:06:52Z,156.1606589423139,46,100.00019836,0.1720880313828265,0.1888256449583895,0.167044263873343,B
0.54117060,0,2023-02-22T18:06:52Z,156.1606589423139,46,100.00019836,0.1720880313828265,0.1888256449583895,0.167044263873343,B
0.63095856,0,2023-02-22T18:06:52Z,156.1606589423139,46,100.00019836,0.1720880313828265,0.1888256449583895,0.167044263873343,B
0.73564368,0,2023-02-22T18:06:52Z,156.1606589423139,46,100.00019836,0.1720880313828265,0.1888256449583895,0.167044263873343,B
0.85769761,0,2023-02-22T18:06:52Z,156.1606589423139,46,100.00019836,0.1720880313828265,0.1888256449583895,0.167044263873343,B
1.00000191,0.0176849160343,2023-02-22T18:06:52Z,156.1606589423139,46,100.00019836,0.1720880313828265,0.1888256449583895,0.167044263873343,B
1.16591668,1.10243666172,2023-02-22T18:06:52Z,156.1606589423139,46,100.00019836,0.1720880313828265,0.1888256449583895,0.167044263873343,B
1.35935903,5.5465669632,2023-02-22T18:06:52Z,156.1606589423139,46,100.00019836,0.1720880313828265,0.1888256449583895,0.167044263873343,B
1.58489633,6.99524497986,2023-02-22T18:06:52Z,156.1606589423139,46,100.00019836,0.1720880313828265,0.1888256449583895,0.167044263873343,B
1.84785342,3.04249286652,2023-02-22T18:06:52Z,156.1606589423139,46,100.00019836,0.1720880313828265,0.1888256449583895,0.167044263873343,B
2.15443897,0.481805711985,2023-02-22T18:06:52Z,156.1606589423139,46,100.00019836,0.1720880313828265,0.1888256449583895,0.167044263873343,B
2.51189137,0.0224391166121,2023-02-22T18:06:52Z,156.1606589423139,46,100.00019836,0.1720880313828265,0.1888256449583895,0.167044263873343,B
2.92865038,1.31921435241e-4,2023-02-22T18:06:52Z,156.1606589423139,46,100.00019836,0.1720880313828265,0.1888256449583895,0.167044263873343,B
3.41455555,9.16008158214e-10,2023-02-22T18:06:52Z,156.1606589423139,46,100.00019836,0.1720880313828265,0.1888256449583895,0.167044263873343,B
3.98107958,0,2023-02-22T18:06:52Z,156.1606589423139,46,100.00019836,0.1720880313828265,0.1888256449583895,0.167044263873343,B
4.64159775,0,2023-02-22T18:06:52Z,156.1606589423139,46,100.00019836,0.1720880313828265,0.1888256449583895,0.167044263873343,B
5.41170597,0.0138166146353,2023-02-22T18:06:52Z,156.1606589423139,46,100.00019836,0.1720880313828265,0.1888256449583895,0.167044263873343,B
6.30958605,0.122663587332,2023-02-22T18:06:52Z,156.1606589423139,46,100.00019836,0.1720880313828265,0.1888256449583895,0.167044263873343,B
7.35643721,0.439760327339,2023-02-22T18:06:52Z,156.1606589423139,46,100.00019836,0.1720880313828265,0.1888256449583895,0.167044263873343,B
8.57697582,1.09752082825,2023-02-22T18:06:52Z,156.1606589423139,46,100.00019836,0.1720880313828265,0.1888256449583895,0.167044263873343,B
10.00002003,2.18961167336,2023-02-22T18:06:52Z,156.1606589423139,46,100.00019836,0.1720880313828265,0.1888256449583895,0.167044263873343,B
11.65916729,3.67373943329,2023-02-22T18:06:52Z,156.1606589423139,46,100.00019836,0.1720880313828265,0.1888256449583895,0.167044263873343,B
13.59359074,5.25517606735,2023-02-22T18:06:52Z,156.1606589423139,46,100.00019836,0.1720880313828265,0.1888256449583895,0.167044263873343,B
15.84896278,6.33618545532,2023-02-22T18:06:52Z,156.1606589423139,46,100.00019836,0.1720880313828265,0.1888256449583895,0.167044263873343,B
18.47853470,6.18041086197,2023-02-22T18:06:52Z,156.1606589423139,46,100.00019836,0.1720880313828265,0.1888256449583895,0.167044263873343,B
21.54438972,4.39030265808,2023-02-22T18:06:52Z,156.1606589423139,46,100.00019836,0.1720880313828265,0.1888256449583895,0.167044263873343,B
25.11891365,1.60474324226,2023-02-22T18:06:52Z,156.1606589423139,46,100.00019836,0.1720880313828265,0.1888256449583895,0.167044263873343,B
29.28650284,0,2023-02-22T18:06:52Z,156.1606589423139,46,100.00019836,0.1720880313828265,0.1888256449583895,0.167044263873343,B
34.14555740,0,2023-02-22T18:06:52Z,156.1606589423139,46,100.00019836,0.1720880313828265,0.1888256449583895,0.167044263873343,B
39.81079483,0,2023-02-22T18:06:52Z,156.1606589423139,46,100.00019836,0.1720880313828265,0.1888256449583895,0.167044263873343,B
46.41598129,0,2023-02-22T18:06:52Z,156.1606589423139,46,100.00019836,0.1720880313828265,0.1888256449583895,0.167044263873343,B
54.11705780,0,2023-02-22T18:06:52Z,156.1606589423139,46,100.00019836,0.1720880313828265,0.1888256449583895,0.167044263873343,B
63.09585953,0,2023-02-22T18:06:52Z,156.1606589423139,46,100.00019836,0.1720880313828265,0.1888256449583895,0.167044263873343,B
73.56436920,0,2023-02-22T18:06:52Z,156.1606589423139,46,100.00019836,0.1720880313828265,0.1888256449583895,0.167044263873343,B
85.76976013,0,2023-02-22T18:06:52Z,156.1606589423139,46,100.00019836,0.1720880313828265,0.1888256449583895,0.167044263873343,B
100.00019836,51.4872665405,2023-02-22T18:06:52Z,156.1606589423139,46,100.00019836,0.1720880313828265,0.1888256449583895,0.167044263873343,B
116.59166718,0,2023-02-22T18:06:52Z,156.1606589423139,46,100.00019836,0.1720880313828265,0.1888256449583895,0.167044263873343,B
135.93591309,0,2023-02-22T18:06:52Z,156.1606589423139,46,100.00019836,0.1720880313828265,0.1888256449583895,0.167044263873343,B
158.48962402,0,2023-02-22T18:06:52Z,156.1606589423139,46,100.00019836,0.1720880313828265,0.1888256449583895,0.167044263873343,B
184.78533936,0,2023-02-22T18:06:52Z,156.1606589423139,46,100.00019836,0.1720880313828265,0.1888256449583895,0.167044263873343,B
215.44389343,0,2023-02-22T18:06:52Z,156.1606589423139,46,100.00019836,0.1720880313828265,0.1888256449583895,0.167044263873343,B
251.18913269,0,2023-02-22T18:06:52Z,156.1606589423139,46,100.00019836,0.1720880313828265,0.1888256449583895,0.167044263873343,B
292.86502075,0,2023-02-22T18:06:52Z,156.1606589423139,46,100.00019836,0.1720880313828265,0.1888256449583895,0.167044263873343,B
341.45556641,0,2023-02-22T18:06:52Z,156.1606589423139,46,100.00019836,0.1720880313828265,0.1888256449583895,0.167044263873343,B
398.10794067,0,2023-02-22T18:06:52Z,156.1606589423139,46,100.00019836,0.1720880313828265,0.1888256449583895,0.167044263873343,B
464.15979004,0,2023-02-22T18:06:52Z,156.1606589423139,46,100.00019836,0.1720880313828265,0.1888256449583895,0.167044263873343,B
541.17059326,0,2023-02-22T18:06:52Z,156.1606589423139,46,100.00019836,0.1720880313828265,0.1888256449583895,0.167044263873343,B
630.95855713,0,2023-02-22T18:06:52Z,156.1606589423139,46,100.00019836,0.1720880313828265,0.1888256449583895,0.167044263873343,B
735.64367676,0,2023-02-22T18:06:52Z,156.1606589423139,46,100.00019836,0.1720880313828265,0.1888256449583895,0.167044263873343,B
857.69757080,0,2023-02-22T18:06:52Z,156.1606589423139,46,100.00019836,0.1720880313828265,0.1888256449583895,0.167044263873343,B
1000.00195313,0,2023-02-22T18:06:52Z,156.1606589423139,46,100.00019836,0.1720880313828265,0.1888256449583895,0.167044263873343,B
0.10000020,0,2023-02-22T18:06:53Z,161.4556795756222,46,100.00019836,0.17291088373195648,0.1810805034523865,0.16810181230306,B
0.11659167,0,2023-02-22T18:06:53Z,161.4556795756222,46,100.00019836,0.17291088373195648,0.1810805034523865,0.16810181230306,B
0.13593590,0,2023-02-22T18:06:53Z,161.4556795756222,46,100.00019836,0.17291088373195648,0.1810805034523865,0.16810181230306,B
0.15848963,0,2023-02-22T18:06:53Z,161.4556795756222,46,100.00019836,0.17291088373195648,0.1810805034523865,0.16810181230306,B
0.18478534,0,2023-02-22T18:06:53Z,161.4556795756222,46,100.00019836,0.17291088373195648,0.1810805034523865,0.16810181230306,B
0.21544389,0,2023-02-22T18:06:53Z,161.4556795756222,46,100.00019836,0.17291088373195648,0.1810805034523865,0.16810181230306,B
0.25118914,0,2023-02-22T18:06:53Z,161.4556795756222,46,100.00019836,0.17291088373195648,0.1810805034523865,0.16810181230306,B
0.29286504,0,2023-02-22T18:06:53Z,161.4556795756222,46,100.00019836,0.17291088373195648,0.1810805034523865,0.16810181230306,B
0.34145555,0,2023-02-22T18:06:53Z,161.4556795756222,46,100.00019836,0.17291088373195648,0.1810805034523865,0.16810181230306,B
0.39810795,0,2023-02-22T18:06:53Z,161.4556795756222,46,100.00019836,0.17291088373195648,0.1810805034523865,0.16810181230306,B
0.46415979,0,2023-02-22T18:06:53Z,161.4556795756222,46,100.00019836,0.17291088373195648,0.1810805034523865,0.16810181230306,B
0.54117060,0,2023-02-22T18:06:53Z,161.4556795756222,46,100.00019836,0.17291088373195648,0.1810805034523865,0.16810181230306,B
0.63095856,0,2023-02-22T18:06:53Z,161.4556795756222,46,100.00019836,0.17291088373195648,0.1810805034523865,0.16810181230306,B
0.73564368,0,2023-02-22T18:06:53Z,161.4556795756222,46,100.00019836,0.17291088373195648,0.1810805034523865,0.16810181230306,B
0.85769761,0,2023-02-22T18:06:53Z,161.4556795756222,46,100.00019836,0.17291088373195648,0.1810805034523865,0.16810181230306,B
1.00000191,0.245798677206,2023-02-22T18:06:53Z,161.4556795756222,46,100.00019836,0.17291088373195648,0.1810805034523865,0.16810181230306,B
1.16591668,2.78112244606,2023-02-22T18:06:53Z,161.4556795756222,46,100.00019836,0.17291088373195648,0.1810805034523865,0.16810181230306,B
1.35935903,6.17145109177,2023-02-22T18:06:53Z,161.4556795756222,46,100.00019836,0.17291088373195648,0.1810805034523865,0.16810181230306,B
1.58489633,5.38192987442,2023-02-22T18:06:53Z,161.4556795756222,46,100.00019836,0.17291088373195648,0.1810805034523865,0.16810181230306,B
1.84785342,2.22987914085,2023-02-22T18:06:53Z,161.4556795756222,46,100.00019836,0.17291088373195648,0.1810805034523865,0.16810181230306,B
2.15443897,0.445222944021,2023-02-22T18:06:53Z,161.4556795756222,46,100.00019836,0.17291088373195648,0.1810805034523865,0.16810181230306,B
2.51189137,0.0352158285677,2023-02-22T18:06:53Z,161.4556795756222,46,100.00019836,0.17291088373195648,0.1810805034523865,0.16810181230306,B
2.92865038,4.6837030095e-4,2023-02-22T18:06:53Z,161.4556795756222,46,100.00019836,0.17291088373195648,0.1810805034523865,0.16810181230306,B
3.41455555,0,2023-02-22T18:06:53Z,161.4556795756222,46,100.00019836,0.17291088373195648,0.1810805034523865,0.16810181230306,B
3.98107958,0,2023-02-22T18:06:53Z,161.4556795756222,46,100.00019836,0.17291088373195648,0.1810805034523865,0.16810181230306,B
4.64159775,0,2023-02-22T18:06:53Z,161.4556795756222,46,100.00019836,0.17291088373195648,0.1810805034523865,0.16810181230306,B
5.41170597,0,2023-02-22T18:06:53Z,161.4556795756222,46,100.00019836,0.17291088373195648,0.1810805034523865,0.16810181230306,B
6.30958605,0.025250999257,2023-02-22T18:06:53Z,161.4556795756222,46,100.00019836,0.17291088373195648,0.1810805034523865,0.16810181230306,B
7.35643721,0.180805981159,2023-02-22T18:06:53Z,161.4556795756222,46,100.00019836,0.17291088373195648,0.1810805034523865,0.16810181230306,B
8.57697582,0.610904991627,2023-02-22T18:06:53Z,161.4556795756222,46,100.00019836,0.17291088373195648,0.1810805034523865,0.16810181230306,B
10.00002003,1.47934865952,2023-02-22T18:06:53Z,161.4556795756222,46,100.00019836,0.17291088373195648,0.1810805034523865,0.16810181230306,B
11.65916729,2.84242510796,2023-02-22T18:06:53Z,161.4556795756222,46,100.00019836,0.17291088373195648,0.1810805034523865,0.16810181230306,B
13.59359074,4.45866680145,2023-02-22T18:06:53Z,161.4556795756222,46,100.00019836,0.17291088373195648,0.1810805034523865,0.16810181230306,B
15.84896278,5.66102170944,2023-02-22T18:06:53Z,161.4556795756222,46,100.00019836,0.17291088373195648,0.1810805034523865,0.16810181230306,B
18.47853470,5.54172039032,2023-02-22T18:06:53Z,161.4556795756222,46,100.00019836,0.17291088373195648,0.1810805034523865,0.16810181230306,B
21.54438972,3.61129188538,2023-02-22T18:06:53Z,161.4556795756222,46,100.00019836,0.17291088373195648,0.1810805034523865,0.16810181230306,B
25.11891365,0.75195389986,2023-02-22T18:06:53Z,161.4556795756222,46,100.00019836,0.17291088373195648,0.1810805034523865,0.16810181230306,B
29.28650284,0,2023-02-22T18:06:53Z,161.4556795756222,46,100.00019836,0.17291088373195648,0.1810805034523865,0.16810181230306,B
34.14555740,0,2023-02-22T18:06:53Z,161.4556795756222,46,100.00019836,0.17291088373195648,0.1810805034523865,0.16810181230306,B
39.81079483,0,2023-02-22T18:06:53Z,161.4556795756222,46,100.00019836,0.17291088373195648,0.1810805034523865,0.16810181230306,B
46.41598129,0,2023-02-22T18:06:53Z,161.4556795756222,46,100.00019836,0.17291088373195648,0.1810805034523865,0.16810181230306,B
54.11705780,0,2023-02-22T18:06:53Z,161.4556795756222,46,100.00019836,0.17291088373195648,0.1810805034523865,0.16810181230306,B
63.09585953,0,2023-02-22T18:06:53Z,161.4556795756222,46,100.00019836,0.17291088373195648,0.1810805034523865,0.16810181230306,B
73.56436920,0,2023-02-22T18:06:53Z,161.4556795756222,46,100.00019836,0.17291088373195648,0.1810805034523865,0.16810181230306,B
85.76976013,0,2023-02-22T18:06:53Z,161.4556795756222,46,100.00019836,0.17291088373195648,0.1810805034523865,0.16810181230306,B
100.00019836,57.5455322266,2023-02-22T18:06:53Z,161.4556795756222,46,100.00019836,0.17291088373195648,0.1810805034523865,0.16810181230306,B
116.59166718,0,2023-02-22T18:06:53Z,161.4556795756222,46,100.00019836,0.17291088373195648,0.1810805034523865,0.16810181230306,B
135.93591309,0,2023-02-22T18:06:53Z,161.4556795756222,46,100.00019836,0.17291088373195648,0.1810805034523865,0.16810181230306,B
158.48962402,0,2023-02-22T18:06:53Z,161.4556795756222,46,100.00019836,0.17291088373195648,0.1810805034523865,0.16810181230306,B
184.78533936,0,2023-02-22T18:06:53Z,161.4556795756222,46,100.00019836,0.17291088373195648,0.1810805034523865,0.16810181230306,B
215.44389343,0,2023-02-22T18:06:53Z,161.4556795756222,46,100.00019836,0.17291088373195648,0.1810805034523865,0.16810181230306,B
251.18913269,0,2023-02-22T18:06:53Z,161.4556795756222,46,100.00019836,0.17291088373195648,0.1810805034523865,0.16810181230306,B
292.86502075,0,2023-02-22T18:06:53Z,161.4556795756222,46,100.00019836,0.17291088373195648,0.1810805034523865,0.16810181230306,B
341.45556641,0,2023-02-22T18:06:53Z,161.4556795756222,46,100.00019836,0.17291088373195648,0.1810805034523865,0.16810181230306,B
398.10794067,0,2023-02-22T18:06:53Z,161.4556795756222,46,100.00019836,0.17291088373195648,0.1810805034523865,0.16810181230306,B
464.15979004,0,2023-02-22T18:06:53Z,161.4556795756222,46,100.00019836,0.17291088373195648,0.1810805034523865,0.16810181230306,B
541.17059326,0,2023-02-22T18:06:53Z,161.4556795756222,46,100.00019836,0.17291088373195648,0.1810805034523865,0.16810181230306,B
630.95855713,0,2023-02-22T18:06:53Z,161.4556795756222,46,100.00019836,0.17291088373195648,0.1810805034523865,0.16810181230306,B
735.64367676,0,2023-02-22T18:06:53Z,161.4556795756222,46,100.00019836,0.17291088373195648,0.1810805034523865,0.16810181230306,B
857.69757080,0,2023-02-22T18:06:53Z,161.4556795756222,46,100.00019836,0.17291088373195648,0.1810805034523865,0.16810181230306,B
1000.00195313,0,2023-02-22T18:06:53Z,161.4556795756222,46,100.00019836,0.17291088373195648,0.1810805034523865,0.16810181230306,B
0.10000020,0,2023-02-22T18:06:54Z,179.72139739994168,46,100.00019836,0.1487620179093027,0.16398588205860773,0.1487618845911271,B
0.11659167,0,2023-02-22T18:06:54Z,179.72139739994168,46,100.00019836,0.1487620179093027,0.16398588205860773,0.1487618845911271,B
0.13593590,0,2023-02-22T18:06:54Z,179.72139739994168,46,100.00019836,0.1487620179093027,0.16398588205860773,0.1487618845911271,B
0.15848963,0,2023-02-22T18:06:54Z,179.72139739994168,46,100.00019836,0.1487620179093027,0.16398588205860773,0.1487618845911271,B
0.18478534,0,2023-02-22T18:06:54Z,179.72139739994168,46,100.00019836,0.1487620179093027,0.16398588205860773,0.1487618845911271,B
0.21544389,0,2023-02-22T18:06:54Z,179.72139739994168,46,100.00019836,0.1487620179093027,0.16398588205860773,0.1487618845911271,B
0.25118914,0,2023-02-22T18:06:54Z,179.72139739994168,46,100.00019836,0.1487620179093027,0.16398588205860773,0.1487618845911271,B
0.29286504,0,2023-02-22T18:06:54Z,179.72139739994168,46,100.00019836,0.1487620179093027,0.16398588205860773,0.1487618845911271,B
0.34145555,0,2023-02-22T18:06:54Z,179.72139739994168,46,100.00019836,0.1487620179093027,0.16398588205860773,0.1487618845911271,B
0.39810795,0,2023-02-22T18:06:54Z,179.72139739994168,46,100.00019836,0.1487620179093027,0.16398588205860773,0.1487618845911271,B
0.46415979,0,2023-02-22T18:06:54Z,179.72139739994168,46,100.00019836,0.1487620179093027,0.16398588205860773,0.1487618845911271,B
0.54117060,0,2023-02-22T18:06:54Z,179.72139739994168,46,100.00019836,0.1487620179093027,0.16398588205860773,0.1487618845911271,B
0.63095856,0,2023-02-22T18:06:54Z,179.72139739994168,46,100.00019836,0.1487620179093027,0.16398588205860773,0.1487618845911271,B
0.73564368,0,2023-02-22T18:06:54Z,179.72139739994168,46,100.00019836,0.1487620179093027,0.16398588205860773,0.1487618845911271,B
0.85769761,0,2023-02-22T18:06:54Z,179.72139739994168,46,100.00019836,0.1487620179093027,0.16398588205860773,0.1487618845911271,B
1.00000191,1.83818101883,2023-02-22T18:06:54Z,179.72139739994168,46,100.00019836,0.1487620179093027,0.16398588205860773,0.1487618845911271,B
1.16591668,9.78314781189,2023-02-22T18:06:54Z,179.72139739994168,46,100.00019836,0.1487620179093027,0.16398588205860773,0.1487618845911271,B
1.35935903,3.06126236916,2023-02-22T18:06:54Z,179.72139739994168,46,100.00019836,0.1487620179093027,0.16398588205860773,0.1487618845911271,B
1.58489633,0.190424978733,2023-02-22T18:06:54Z,179.72139739994168,46,100.00019836,0.1487620179093027,0.16398588205860773,0.1487618845911271,B
1.84785342,0.00317228049971,2023-02-22T18:06:54Z,179.72139739994168,46,100.00019836,0.1487620179093027,0.16398588205860773,0.1487618845911271,B
2.15443897,1.33242483571e-5,2023-02-22T18:06:54Z,179.72139739994168,46,100.00019836,0.1487620179093027,0.16398588205860773,0.1487618845911271,B
2.51189137,7.56918794309e-9,2023-02-22T18:06:54Z,179.72139739994168,46,100.00019836,0.1487620179093027,0.16398588205860773,0.1487618845911271,B
2.92865038,1.65708291137e-14,2023-02-22T18:06:54Z,179.72139739994168,46,100.00019836,0.1487620179093027,0.16398588205860773,0.1487618845911271,B
3.41455555,0,2023-02-22T18:06:54Z,179.72139739994168,46,100.00019836,0.1487620179093027,0.16398588205860773,0.1487618845911271,B
3.98107958,0,2023-02-22T18:06:54Z,179.72139739994168,46,100.00019836,0.1487620179093027,0.16398588205860773,0.1487618845911271,B
4.64159775,0,2023-02-22T18:06:54Z,179.72139739994168,46,100.00019836,0.1487620179093027,0.16398588205860773,0.1487618845911271,B
5.41170597,0,2023-02-22T18:06:54Z,179.72139739994168,46,100.00019836,0.1487620179093027,0.16398588205860773,0.1487618845911271,B
6.30958605,0.0233848225325,2023-02-22T18:06:54Z,179.72139739994168,46,100.00019836,0.1487620179093027,0.16398588205860773,0.1487618845911271,B
7.35643721,0.389455407858,2023-02-22T18:06:54Z,179.72139739994168,46,100.00019836,0.1487620179093027,0.16398588205860773,0.1487618845911271,B
8.57697582,1.10954618454,2023-02-22T18:06:54Z,179.72139739994168,46,100.00019836,0.1487620179093027,0.16398588205860773,0.1487618845911271,B
10.00002003,2.18325638771,2023-02-22T18:06:54Z,179.72139739994168,46,100.00019836,0.1487620179093027,0.16398588205860773,0.1487618845911271,B
11.65916729,3.41508579254,2023-02-22T18:06:54Z,179.72139739994168,46,100.00019836,0.1487620179093027,0.16398588205860773,0.1487618845911271,B
13.59359074,4.39091205597,2023-02-22T18:06:54Z,179.72139739994168,46,100.00019836,0.1487620179093027,0.16398588205860773,0.1487618845911271,B
15.84896278,4.60032224655,2023-02-22T18:06:54Z,179.72139739994168,46,100.00019836,0.1487620179093027,0.16398588205860773,0.1487618845911271,B
18.47853470,3.71166682243,2023-02-22T18:06:54Z,179.72139739994168,46,100.00019836,0.1487620179093027,0.16398588205860773,0.1487618845911271,B
21.54438972,1.85365736485,2023-02-22T18:06:54Z,179.72139739994168,46,100.00019836,0.1487620179093027,0.16398588205860773,0.1487618845911271,B
25.11891365,0,2023-02-22T18:06:54Z,179.72139739994168,46,100.00019836,0.1487620179093027,0.16398588205860773,0.1487618845911271,B
29.28650284,0,2023-02-22T18:06:54Z,179.72139739994168,46,100.00019836,0.1487620179093027,0.16398588205860773,0.1487618845911271,B
34.14555740,0,2023-02-22T18:06:54Z,179.72139739994168,46,100.00019836,0.1487620179093027,0.16398588205860773,0.1487618845911271,B
39.81079483,0,2023-02-22T18:06:54Z,179.72139739994168,46,100.00019836,0.1487620179093027,0.16398588205860773,0.1487618845911271,B
46.41598129,0,2023-02-22T18:06:54Z,179.72139739994168,46,100.00019836,0.1487620179093027,0.16398588205860773,0.1487618845911271,B
54.11705780,0,2023-02-22T18:06:54Z,179.72139739994168,46,100.00019836,0.1487620179093027,0.16398588205860773,0.1487618845911271,B
63.09585953,0,2023-02-22T18:06:54Z,179.72139739994168,46,100.00019836,0.1487620179093027,0.16398588205860773,0.1487618845911271,B
73.56436920,0,2023-02-22T18:06:54Z,179.72139739994168,46,100.00019836,0.1487620179093027,0.16398588205860773,0.1487618845911271,B
85.76976013,0,2023-02-22T18:06:54Z,179.72139739994168,46,100.00019836,0.1487620179093027,0.16398588205860773,0.1487618845911271,B
100.00019836,63.4465103149,2023-02-22T18:06:54Z,179.72139739994168,46,100.00019836,0.1487620179093027,0.16398588205860773,0.1487618845911271,B
116.59166718,0,2023-02-22T18:06:54Z,179.72139739994168,46,100.00019836,0.1487620179093027,0.16398588205860773,0.1487618845911271,B
135.93591309,0,2023-02-22T18:06:54Z,179.72139739994168,46,100.00019836,0.1487620179093027,0.16398588205860773,0.1487618845911271,B
158.48962402,0,2023-02-22T18:06:54Z,179.72139739994168,46,100.00019836,0.1487620179093027,0.16398588205860773,0.1487618845911271,B
184.78533936,0,2023-02-22T18:06:54Z,179.72139739994168,46,100.00019836,0.1487620179093027,0.16398588205860773,0.1487618845911271,B
215.44389343,0,2023-02-22T18:06:54Z,179.72139739994168,46,100.00019836,0.1487620179093027,0.16398588205860773,0.1487618845911271,B
251.18913269,0,2023-02-22T18:06:54Z,179.72139739994168,46,100.00019836,0.1487620179093027,0.16398588205860773,0.1487618845911271,B
292.86502075,0,2023-02-22T18:06:54Z,179.72139739994168,46,100.00019836,0.1487620179093027,0.16398588205860773,0.1487618845911271,B
341.45556641,0,2023-02-22T18:06:54Z,179.72139739994168,46,100.00019836,0.1487620179093027,0.16398588205860773,0.1487618845911271,B
398.10794067,0,2023-02-22T18:06:54Z,179.72139739994168,46,100.00019836,0.1487620179093027,0.16398588205860773,0.1487618845911271,B
464.15979004,0,2023-02-22T18:06:54Z,179.72139739994168,46,100.00019836,0.1487620179093027,0.16398588205860773,0.1487618845911271,B
541.17059326,0,2023-02-22T18:06:54Z,179.72139739994168,46,100.00019836,0.1487620179093027,0.16398588205860773,0.1487618845911271,B
630.95855713,0,2023-02-22T18:06:54Z,179.72139739994168,46,100.00019836,0.1487620179093027,0.16398588205860773,0.1487618845911271,B
735.64367676,0,2023-02-22T18:06:54Z,179.72139739994168,46,100.00019836,0.1487620179093027,0.16398588205860773,0.1487618845911271,B
857.69757080,0,2023-02-22T18:06:54Z,179.72139739994168,46,100.00019836,0.1487620179093027,0.16398588205860773,0.1487618845911271,B
1000.00195313,0,2023-02-22T18:06:54Z,179.72139739994168,46,100.00019836,0.1487620179093027,0.16398588205860773,0.1487618845911271,B
0.10000020,0,2023-02-22T18:06:55Z,241.42414474478332,46,100.00019836,0.13638471836064575,0.20258178332660573,0.13638471836064575,B
0.11659167,0,2023-02-22T18:06:55Z,241.42414474478332,46,100.00019836,0.13638471836064575,0.20258178332660573,0.13638471836064575,B
0.13593590,0,2023-02-22T18:06:55Z,241.42414474478332,46,100.00019836,0.13638471836064575,0.20258178332660573,0.13638471836064575,B
0.15848963,0,2023-02-22T18:06:55Z,241.42414474478332,46,100.00019836,0.13638471836064575,0.20258178332660573,0.13638471836064575,B
0.18478534,0,2023-02-22T18:06:55Z,241.42414474478332,46,100.00019836,0.13638471836064575,0.20258178332660573,0.13638471836064575,B
0.21544389,0,2023-02-22T18:06:55Z,241.42414474478332,46,100.00019836,0.13638471836064575,0.20258178332660573,0.13638471836064575,B
0.25118914,0,2023-02-22T18:06:55Z,241.42414474478332,46,100.00019836,0.13638471836064575,0.20258178332660573,0.13638471836064575,B
0.29286504,0,2023-02-22T18:06:55Z,241.42414474478332,46,100.00019836,0.13638471836064575,0.20258178332660573,0.13638471836064575,B
0.34145555,0,2023-02-22T18:06:55Z,241.42414474478332,46,100.00019836,0.13638471836064575,0.20258178332660573,0.13638471836064575,B
0.39810795,0,2023-02-22T18:06:55Z,241.42414474478332,46,100.00019836,0.13638471836064575,0.20258178332660573,0.13638471836064575,B
0.46415979,0,2023-02-22T18:06:55Z,241.42414474478332,46,100.00019836,0.13638471836064575,0.20258178332660573,0.13638471836064575,B
0.54117060,0,2023-02-22T18:06:55Z,241.42414474478332,46,100.00019836,0.13638471836064575,0.20258178332660573,0.13638471836064575,B
0.63095856,0,2023-02-22T18:06:55Z,241.42414474478332,46,100.00019836,0.13638471836064575,0.20258178332660573,0.13638471836064575,B
0.73564368,0,2023-02-22T18:06:55Z,241.42414474478332,46,100.00019836,0.13638471836064575,0.20258178332660573,0.13638471836064575,B
0.85769761,0,2023-02-22T18:06:55Z,241.42414474478332,46,100.00019836,0.13638471836064575,0.20258178332660573,0.13638471836064575,B
1.00000191,8.58599662781,2023-02-22T18:06:55Z,241.42414474478332,46,100.00019836,0.13638471836064575,0.20258178332660573,0.13638471836064575,B
1.16591668,5.05220317841,2023-02-22T18:06:55Z,241.42414474478332,46,100.00019836,0.13638471836064575,0.20258178332660573,0.13638471836064575,B
1.35935903,2.72029777989e-4,2023-02-22T18:06:55Z,241.42414474478332,46,100.00019836,0.13638471836064575,0.20258178332660573,0.13638471836064575,B
1.58489633,6.65862295857e-11,2023-02-22T18:06:55Z,241.42414474478332,46,100.00019836,0.13638471836064575,0.20258178332660573,0.13638471836064575,B
1.84785342,1.92891526586e-19,2023-02-22T18:06:55Z,241.42414474478332,46,100.00019836,0.13638471836064575,0.20258178332660573,0.13638471836064575,B
2.15443897,5.90001077683e-30,2023-02-22T18:06:55Z,241.42414474478332,46,100.00019836,0.13638471836064575,0.20258178332660573,0.13638471836064575,B
2.51189137,4.20389539297e-43,2023-02-22T18:06:55Z,241.42414474478332,46,100.00019836,0.13638471836064575,0.20258178332660573,0.13638471836064575,B
2.92865038,0,2023-02-22T18:06:55Z,241.42414474478332,46,100.00019836,0.13638471836064575,0.20258178332660573,0.13638471836064575,B
3.41455555,0,2023-02-22T18:06:55Z,241.42414474478332,46,100.00019836,0.13638471836064575,0.20258178332660573,0.13638471836064575,B
3.98107958,0,2023-02-22T18:06:55Z,241.42414474478332,46,100.00019836,0.13638471836064575,0.20258178332660573,0.13638471836064575,B
4.64159775,0,2023-02-22T18:06:55Z,241.42414474478332,46,100.00019836,0.13638471836064575,0.20258178332660573,0.13638471836064575,B
5.41170597,0,2023-02-22T18:06:55Z,241.42414474478332,46,100.00019836,0.13638471836064575,0.20258178332660573,0.13638471836064575,B
6.30958605,0.231653794646,2023-02-22T18:06:55Z,241.42414474478332,46,100.00019836,0.13638471836064575,0.20258178332660573,0.13638471836064575,B
7.35643721,2.20158457756,2023-02-22T18:06:55Z,241.42414474478332,46,100.00019836,0.13638471836064575,0.20258178332660573,0.13638471836064575,B
8.57697582,4.18646812439,2023-02-22T18:06:55Z,241.42414474478332,46,100.00019836,0.13638471836064575,0.20258178332660573,0.13638471836064575,B
10.00002003,4.98510074615,2023-02-22T18:06:55Z,241.42414474478332,46,100.00019836,0.13638471836064575,0.20258178332660573,0.13638471836064575,B
11.65916729,4.23743247986,2023-02-22T18:06:55Z,241.42414474478332,46,100.00019836,0.13638471836064575,0.20258178332660573,0.13638471836064575,B
13.59359074,2.63581514359,2023-02-22T18:06:55Z,241.42414474478332,46,100.00019836,0.13638471836064575,0.20258178332660573,0.13638471836064575,B
15.84896278,1.16957342625,2023-02-22T18:06:55Z,241.42414474478332,46,100.00019836,0.13638471836064575,0.20258178332660573,0.13638471836064575,B
18.47853470,0.332242280245,2023-02-22T18:06:55Z,241.42414474478332,46,100.00019836,0.13638471836064575,0.20258178332660573,0.13638471836064575,B
21.54438972,0.032105024904,2023-02-22T18:06:55Z,241.42414474478332,46,100.00019836,0.13638471836064575,0.20258178332660573,0.13638471836064575,B
25.11891365,0,2023-02-22T18:06:55Z,241.42414474478332,46,100.00019836,0.13638471836064575,0.20258178332660573,0.13638471836064575,B
29.28650284,0,2023-02-22T18:06:55Z,241.42414474478332,46,100.00019836,0.13638471836064575,0.20258178332660573,0.13638471836064575,B
34.14555740,0,2023-02-22T18:06:55Z,241.42414474478332,46,100.00019836,0.13638471836064575,0.20258178332660573,0.13638471836064575,B
39.81079483,0,2023-02-22T18:06:55Z,241.42414474478332,46,100.00019836,0.13638471836064575,0.20258178332660573,0.13638471836064575,B
46.41598129,0,2023-02-22T18:06:55Z,241.42414474478332,46,100.00019836,0.13638471836064575,0.20258178332660573,0.13638471836064575,B
54.11705780,0,2023-02-22T18:06:55Z,241.42414474478332,46,100.00019836,0.13638471836064575,0.20258178332660573,0.13638471836064575,B
63.09585953,0,2023-02-22T18:06:55Z,241.42414474478332,46,100.00019836,0.13638471836064575,0.20258178332660573,0.13638471836064575,B
73.56436920,0,2023-02-22T18:06:55Z,241.42414474478332,46,100.00019836,0.13638471836064575,0.20258178332660573,0.13638471836064575,B
85.76976013,0,2023-02-22T18:06:55Z,241.42414474478332,46,100.00019836,0.13638471836064575,0.20258178332660573,0.13638471836064575,B
100.00019836,66.3495559692,2023-02-22T18:06:55Z,241.42414474478332,46,100.00019836,0.13638471836064575,0.20258178332660573,0.13638471836064575,B
116.59166718,0,2023-02-22T18:06:55Z,241.42414474478332,46,100.00019836,0.13638471836064575,0.20258178332660573,0.13638471836064575,B
135.93591309,0,2023-02-22T18:06:55Z,241.42414474478332,46,100.00019836,0.13638471836064575,0.20258178332660573,0.13638471836064575,B
158.48962402,0,2023-02-22T18:06:55Z,241.42414474478332,46,100.00019836,0.13638471836064575,0.20258178332660573,0.13638471836064575,B
184.78533936,0,2023-02-22T18:06:55Z,241.42414474478332,46,100.00019836,0.13638471836064575,0.20258178332660573,0.13638471836064575,B
215.44389343,0,2023-02-22T18:06:55Z,241.42414474478332,46,100.00019836,0.13638471836064575,0.20258178332660573,0.13638471836064575,B
251.18913269,0,2023-02-22T18:06:55Z,241.42414474478332,46,100.00019836,0.13638471836064575,0.20258178332660573,0.13638471836064575,B
292.86502075,0,2023-02-22T18:06:55Z,241.42414474478332,46,100.00019836,0.13638471836064575,0.20258178332660573,0.13638471836064575,B
341.45556641,0,2023-02-22T18:06:55Z,241.42414474478332,46,100.00019836,0.13638471836064575,0.20258178332660573,0.13638471836064575,B
398.10794067,0,2023-02-22T18:06:55Z,241.42414474478332,46,100.00019836,0.13638471836064575,0.20258178332660573,0.13638471836064575,B
464.15979004,0,2023-02-22T18:06:55Z,241.42414474478332,46,100.00019836,0.13638471836064575,0.20258178332660573,0.13638471836064575,B
541.17059326,0,2023-02-22T18:06:55Z,241.42414474478332,46,100.00019836,0.13638471836064575,0.20258178332660573,0.13638471836064575,B
630.95855713,0,2023-02-22T18:06:55Z,241.42414474478332,46,100.00019836,0.13638471836064575,0.20258178332660573,0.13638471836064575,B
735.64367676,0,2023-02-22T18:06:55Z,241.42414474478332,46,100.00019836,0.13638471836064575,0.20258178332660573,0.13638471836064575,B
857.69757080,0,2023-02-22T18:06:55Z,241.42414474478332,46,100.00019836,0.13638471836064575,0.20258178332660573,0.13638471836064575,B
1000.00195313,0,2023-02-22T18:06:55Z,241.42414474478332,46,100.00019836,0.13638471836064575,0.20258178332660573,0.13638471836064575,B
0.10000020,0,2023-02-22T18:06:56Z,137.82528199091945,35,18.4785347,0.214015843346659,0.28433190263790903,0.1659552335739,C
0.11659167,0,2023-02-22T18:06:56Z,137.82528199091945,35,18.4785347,0.214015843346659,0.28433190263790903,0.1659552335739,C
0.13593590,0,2023-02-22T18:06:56Z,137.82528199091945,35,18.4785347,0.214015843346659,0.28433190263790903,0.1659552335739,C
0.15848963,0,2023-02-22T18:06:56Z,137.82528199091945,35,18.4785347,0.214015843346659,0.28433190263790903,0.1659552335739,C
0.18478534,0,2023-02-22T18:06:56Z,137.82528199091945,35,18.4785347,0.214015843346659,0.28433190263790903,0.1659552335739,C
0.21544389,0,2023-02-22T18:06:56Z,137.82528199091945,35,18.4785347,0.214015843346659,0.28433190263790903,0.1659552335739,C
0.25118914,0,2023-02-22T18:06:56Z,137.82528199091945,35,18.4785347,0.214015843346659,0.28433190263790903,0.1659552335739,C
0.29286504,0,2023-02-22T18:06:56Z,137.82528199091945,35,18.4785347,0.214015843346659,0.28433190263790903,0.1659552335739,C
0.34145555,0,2023-02-22T18:06:56Z,137.82528199091945,35,18.4785347,0.214015843346659,0.28433190263790903,0.1659552335739,C
0.39810795,0,2023-02-22T18:06:56Z,137.82528199091945,35,18.4785347,0.214015843346659,0.28433190263790903,0.1659552335739,C
0.46415979,0,2023-02-22T18:06:56Z,137.82528199091945,35,18.4785347,0.214015843346659,0.28433190263790903,0.1659552335739,C
0.54117060,0,2023-02-22T18:06:56Z,137.82528199091945,35,18.4785347,0.214015843346659,0.28433190263790903,0.1659552335739,C
0.63095856,0,2023-02-22T18:06:56Z,137.82528199091945,35,18.4785347,0.214015843346659,0.28433190263790903,0.1659552335739,C
0.73564368,0,2023-02-22T18:06:56Z,137.82528199091945,35,18.4785347,0.214015843346659,0.28433190263790903,0.1659552335739,C
0.85769761,0,2023-02-22T18:06:56Z,137.82528199091945,35,18.4785347,0.214015843346659,0.28433190263790903,0.1659552335739,C
1.00000191,1.4537963867199999,2023-02-22T18:06:56Z,137.82528199091945,35,18.4785347,0.214015843346659,0.28433190263790903,0.1659552335739,C
1.16591668,3.18325090408,2023-02-22T18:06:56Z,137.82528199091945,35,18.4785347,0.214015843346659,0.28433190263790903,0.1659552335739,C
1.35935903,4.20236825943,2023-02-22T18:06:56Z,137.82528199091945,35,18.4785347,0.214015843346659,0.28433190263790903,0.1659552335739,C
1.58489633,4.24355506897,2023-02-22T18:06:56Z,137.82528199091945,35,18.4785347,0.214015843346659,0.28433190263790903,0.1659552335739,C
1.84785342,3.51255273819,2023-02-22T18:06:56Z,137.82528199091945,35,18.4785347,0.214015843346659,0.28433190263790903,0.1659552335739,C
2.15443897,2.42997527122,2023-02-22T18:06:56Z,137.82528199091945,35,18.4785347,0.214015843346659,0.28433190263790903,0.1659552335739,C
2.51189137,1.38130235672,2023-02-22T18:06:56Z,137.82528199091945,35,18.4785347,0.214015843346659,0.28433190263790903,0.1659552335739,C
2.92865038,0.605253040791,2023-02-22T18:06:56Z,137.82528199091945,35,18.4785347,0.214015843346659,0.28433190263790903,0.1659552335739,C
3.41455555,0.188963100314,2023-02-22T18:06:56Z,137.82528199091945,35,18.4785347,0.214015843346659,0.28433190263790903,0.1659552335739,C
3.98107958,0.0678117796779,2023-02-22T18:06:56Z,137.82528199091945,35,18.4785347,0.214015843346659,0.28433190263790903,0.1659552335739,C
4.64159775,0.132755428553,2023-02-22T18:06:56Z,137.82528199091945,35,18.4785347,0.214015843346659,0.28433190263790903,0.1659552335739,C
5.41170597,0.438976973295,2023-02-22T18:06:56Z,137.82528199091945,35,18.4785347,0.214015843346659,0.28433190263790903,0.1659552335739,C
6.30958605,1.10011029243,2023-02-22T18:06:56Z,137.82528199091945,35,18.4785347,0.214015843346659,0.28433190263790903,0.1659552335739,C
7.35643721,2.11981153488,2023-02-22T18:06:56Z,137.82528199091945,35,18.4785347,0.214015843346659,0.28433190263790903,0.1659552335739,C
8.57697582,3.37270712852,2023-02-22T18:06:56Z,137.82528199091945,35,18.4785347,0.214015843346659,0.28433190263790903,0.1659552335739,C
10.00002003,4.61017990112,2023-02-22T18:06:56Z,137.82528199091945,35,18.4785347,0.214015843346659,0.28433190263790903,0.1659552335739,C
11.65916729,5.5091509819,2023-02-22T18:06:56Z,137.82528199091945,35,18.4785347,0.214015843346659,0.28433190263790903,0.1659552335739,C
13.59359074,5.74523115158,2023-02-22T18:06:56Z,137.82528199091945,35,18.4785347,0.214015843346659,0.28433190263790903,0.1659552335739,C
15.84896278,5.1137638092,2023-02-22T18:06:56Z,137.82528199091945,35,18.4785347,0.214015843346659,0.28433190263790903,0.1659552335739,C
18.47853470,3.66624593735,2023-02-22T18:06:56Z,137.82528199091945,35,18.4785347,0.214015843346659,0.28433190263790903,0.1659552335739,C
21.54438972,1.79468727112,2023-02-22T18:06:56Z,137.82528199091945,35,18.4785347,0.214015843346659,0.28433190263790903,0.1659552335739,C
25.11891365,0.233649119735,2023-02-22T18:06:56Z,137.82528199091945,35,18.4785347,0.214015843346659,0.28433190263790903,0.1659552335739,C
29.28650284,0,2023-02-22T18:06:56Z,137.82528199091945,35,18.4785347,0.214015843346659,0.28433190263790903,0.1659552335739,C
34.14555740,0,2023-02-22T18:06:56Z,137.82528199091945,35,18.4785347,0.214015843346659,0.28433190263790903,0.1659552335739,C
39.81079483,0,2023-02-22T18:06:56Z,137.82528199091945,35,18.4785347,0.214015843346659,0.28433190263790903,0.1659552335739,C
46.41598129,0,2023-02-22T18:06:56Z,137.82528199091945,35,18.4785347,0.214015843346659,0.28433190263790903,0.1659552335739,C
54.11705780,0,2023-02-22T18:06:56Z,137.82528199091945,35,18.4785347,0.214015843346659,0.28433190263790903,0.1659552335739,C
63.09585953,0,2023-02-22T18:06:56Z,137.82528199091945,35,18.4785347,0.214015843346659,0.28433190263790903,0.1659552335739,C
73.56436920,0,2023-02-22T18:06:56Z,137.82528199091945,35,18.4785347,0.214015843346659,0.28433190263790903,0.1659552335739,C
85.76976013,0,2023-02-22T18:06:56Z,137.82528199091945,35,18.4785347,0.214015843346659,0.28433190263790903,0.1659552335739,C
100.00019836,44.8938903809,2023-02-22T18:06:56Z,137.82528199091945,35,18.4785347,0.214015843346659,0.28433190263790903,0.1659552335739,C
116.59166718,0,2023-02-22T18:06:56Z,137.82528199091945,35,18.4785347,0.214015843346659,0.28433190263790903,0.1659552335739,C
135.93591309,0,2023-02-22T18:06:56Z,137.82528199091945,35,18.4785347,0.214015843346659,0.28433190263790903,0.1659552335739,C
158.48962402,0,2023-02-22T18:06:56Z,137.82528199091945,35,18.4785347,0.214015843346659,0.28433190263790903,0.1659552335739,C
184.78533936,0,2023-02-22T18:06:56Z,137.82528199091945,35,18.4785347,0.214015843346659,0.28433190263790903,0.1659552335739,C
215.44389343,0,2023-02-22T18:06:56Z,137.82528199091945,35,18.4785347,0.214015843346659,0.28433190263790903,0.1659552335739,C
251.18913269,0,2023-02-22T18:06:56Z,137.82528199091945,35,18.4785347,0.214015843346659,0.28433190263790903,0.1659552335739,C
292.86502075,0,2023-02-22T18:06:56Z,137.82528199091945,35,18.4785347,0.214015843346659,0.28433190263790903,0.1659552335739,C
341.45556641,0,2023-02-22T18:06:56Z,137.82528199091945,35,18.4785347,0.214015843346659,0.28433190263790903,0.1659552335739,C
398.10794067,0,2023-02-22T18:06:56Z,137.82528199091945,35,18.4785347,0.214015843346659,0.28433190263790903,0.1659552335739,C
464.15979004,0,2023-02-22T18:06:56Z,137.82528199091945,35,18.4785347,0.214015843346659,0.28433190263790903,0.1659552335739,C
541.17059326,0,2023-02-22T18:06:56Z,137.82528199091945,35,18.4785347,0.214015843346659,0.28433190263790903,0.1659552335739,C
630.95855713,0,2023-02-22T18:06:56Z,137.82528199091945,35,18.4785347,0.214015843346659,0.28433190263790903,0.1659552335739,C
735.64367676,0,2023-02-22T18:06:56Z,137.82528199091945,35,18.4785347,0.214015843346659,0.28433190263790903,0.1659552335739,C
857.69757080,0,2023-02-22T18:06:56Z,137.82528199091945,35,18.4785347,0.214015843346659,0.28433190263790903,0.1659552335739,C
1000.00195313,0,2023-02-22T18:06:56Z,137.82528199091945,35,18.4785347,0.214015843346659,0.28433190263790903,0.1659552335739,C
0.10000020,0,2023-02-22T18:06:57Z,0.7482496188541083,0,0,0,0,0,F
0.11659167,0,2023-02-22T18:06:57Z,0.7482496188541083,0,0,0,0,0,F
0.13593590,0,2023-02-22T18:06:57Z,0.7482496188541083,0,0,0,0,0,F
0.15848963,0,2023-02-22T18:06:57Z,0.7482496188541083,0,0,0,0,0,F
0.18478534,0,2023-02-22T18:06:57Z,0.7482496188541083,0,0,0,0,0,F
0.21544389,0,2023-02-22T18:06:57Z,0.7482496188541083,0,0,0,0,0,F
0.25118914,0,2023-02-22T18:06:57Z,0.7482496188541083,0,0,0,0,0,F
0.29286504,0,2023-02-22T18:06:57Z,0.7482496188541083,0,0,0,0,0,F
0.34145555,0,2023-02-22T18:06:57Z,0.7482496188541083,0,0,0,0,0,F
0.39810795,0,2023-02-22T18:06:57Z,0.7482496188541083,0,0,0,0,0,F
0.46415979,0,2023-02-22T18:06:57Z,0.7482496188541083,0,0,0,0,0,F
0.54117060,0,2023-02-22T18:06:57Z,0.7482496188541083,0,0,0,0,0,F
0.63095856,0,2023-02-22T18:06:57Z,0.7482496188541083,0,0,0,0,0,F
0.73564368,0,2023-02-22T18:06:57Z,0.7482496188541083,0,0,0,0,0,F
0.85769761,0,2023-02-22T18:06:57Z,0.7482496188541083,0,0,0,0,0,F
1.00000191,0,2023-02-22T18:06:57Z,0.7482496188541083,0,0,0,0,0,F
1.16591668,0,2023-02-22T18:06:57Z,0.7482496188541083,0,0,0,0,0,F
1.35935903,0,2023-02-22T18:06:57Z,0.7482496188541083,0,0,0,0,0,F
1.58489633,0,2023-02-22T18:06:57Z,0.7482496188541083,0,0,0,0,0,F
1.84785342,0,2023-02-22T18:06:57Z,0.7482496188541083,0,0,0,0,0,F
2.15443897,0,2023-02-22T18:06:57Z,0.7482496188541083,0,0,0,0,0,F
2.51189137,0,2023-02-22T18:06:57Z,0.7482496188541083,0,0,0,0,0,F
2.92865038,0,2023-02-22T18:06:57Z,0.7482496188541083,0,0,0,0,0,F
3.41455555,0,2023-02-22T18:06:57Z,0.7482496188541083,0,0,0,0,0,F
3.98107958,0,2023-02-22T18:06:57Z,0.7482496188541083,0,0,0,0,0,F
4.64159775,0,2023-02-22T18:06:57Z,0.7482496188541083,0,0,0,0,0,F
5.41170597,0,2023-02-22T18:06:57Z,0.7482496188541083,0,0,0,0,0,F
6.30958605,0,2023-02-22T18:06:57Z,0.7482496188541083,0,0,0,0,0,F
7.35643721,0,2023-02-22T18:06:57Z,0.7482496188541083,0,0,0,0,0,F
8.57697582,0,2023-02-22T18:06:57Z,0.7482496188541083,0,0,0,0,0,F
10.00002003,0,2023-02-22T18:06:57Z,0.7482496188541083,0,0,0,0,0,F
11.65916729,0,2023-02-22T18:06:57Z,0.7482496188541083,0,0,0,0,0,F
13.59359074,0,2023-02-22T18:06:57Z,0.7482496188541083,0,0,0,0,0,F
15.84896278,0,2023-02-22T18:06:57Z,0.7482496188541083,0,0,0,0,0,F
18.47853470,0,2023-02-22T18:06:57Z,0.7482496188541083,0,0,0,0,0,F
21.54438972,0,2023-02-22T18:06:57Z,0.7482496188541083,0,0,0,0,0,F
25.11891365,0,2023-02-22T18:06:57Z,0.7482496188541083,0,0,0,0,0,F
29.28650284,0,2023-02-22T18:06:57Z,0.7482496188541083,0,0,0,0,0,F
34.14555740,0,2023-02-22T18:06:57Z,0.7482496188541083,0,0,0,0,0,F
39.81079483,0,2023-02-22T18:06:57Z,0.7482496188541083,0,0,0,0,0,F
46.41598129,0,2023-02-22T18:06:57Z,0.7482496188541083,0,0,0,0,0,F
54.11705780,0,2023-02-22T18:06:57Z,0.7482496188541083,0,0,0,0,0,F
63.09585953,0,2023-02-22T18:06:57Z,0.7482496188541083,0,0,0,0,0,F
73.56436920,0,2023-02-22T18:06:57Z,0.7482496188541083,0,0,0,0,0,F
85.76976013,0,2023-02-22T18:06:57Z,0.7482496188541083,0,0,0,0,0,F
100.00019836,0,2023-02-22T18:06:57Z,0.7482496188541083,0,0,0,0,0,F
116.59166718,0,2023-02-22T18:06:57Z,0.7482496188541083,0,0,0,0,0,F
135.93591309,0,2023-02-22T18:06:57Z,0.7482496188541083,0,0,0,0,0,F
158.48962402,0,2023-02-22T18:06:57Z,0.7482496188541083,0,0,0,0,0,F
184.78533936,0,2023-02-22T18:06:57Z,0.7482496188541083,0,0,0,0,0,F
215.44389343,0,2023-02-22T18:06:57Z,0.7482496188541083,0,0,0,0,0,F
251.18913269,0,2023-02-22T18:06:57Z,0.7482496188541083,0,0,0,0,0,F
292.86502075,0,2023-02-22T18:06:57Z,0.7482496188541083,0,0,0,0,0,F
341.45556641,0,2023-02-22T18:06:57Z,0.7482496188541083,0,0,0,0,0,F
398.10794067,0,2023-02-22T18:06:57Z,0.7482496188541083,0,0,0,0,0,F
464.15979004,0,2023-02-22T18:06:57Z,0.7482496188541083,0,0,0,0,0,F
541.17059326,0,2023-02-22T18:06:57Z,0.7482496188541083,0,0,0,0,0,F
630.95855713,0,2023-02-22T18:06:57Z,0.7482496188541083,0,0,0,0,0,F
735.64367676,0,2023-02-22T18:06:57Z,0.7482496188541083,0,0,0,0,0,F
857.69757080,0,2023-02-22T18:06:57Z,0.7482496188541083,0,0,0,0,0,F
1000.00195313,0,2023-02-22T18:06:57Z,0.7482496188541083,0,0,0,0,0,F
0.10000020,0,2023-02-22T18:06:58Z,0.26098600631107777,0,0,0,0,0,F
0.11659167,0,2023-02-22T18:06:58Z,0.26098600631107777,0,0,0,0,0,F
0.13593590,0,2023-02-22T18:06:58Z,0.26098600631107777,0,0,0,0,0,F
0.15848963,0,2023-02-22T18:06:58Z,0.26098600631107777,0,0,0,0,0,F
0.18478534,0,2023-02-22T18:06:58Z,0.26098600631107777,0,0,0,0,0,F
0.21544389,0,2023-02-22T18:06:58Z,0.26098600631107777,0,0,0,0,0,F
0.25118914,0,2023-02-22T18:06:58Z,0.26098600631107777,0,0,0,0,0,F
0.29286504,0,2023-02-22T18:06:58Z,0.26098600631107777,0,0,0,0,0,F
0.34145555,0,2023-02-22T18:06:58Z,0.26098600631107777,0,0,0,0,0,F
0.39810795,0,2023-02-22T18:06:58Z,0.26098600631107777,0,0,0,0,0,F
0.46415979,0,2023-02-22T18:06:58Z,0.26098600631107777,0,0,0,0,0,F
0.54117060,0,2023-02-22T18:06:58Z,0.26098600631107777,0,0,0,0,0,F
0.63095856,0,2023-02-22T18:06:58Z,0.26098600631107777,0,0,0,0,0,F
0.73564368,0,2023-02-22T18:06:58Z,0.26098600631107777,0,0,0,0,0,F
0.85769761,0,2023-02-22T18:06:58Z,0.26098600631107777,0,0,0,0,0,F
1.00000191,0,2023-02-22T18:06:58Z,0.26098600631107777,0,0,0,0,0,F
1.16591668,0,2023-02-22T18:06:58Z,0.26098600631107777,0,0,0,0,0,F
1.35935903,0,2023-02-22T18:06:58Z,0.26098600631107777,0,0,0,0,0,F
1.58489633,0,2023-02-22T18:06:58Z,0.26098600631107777,0,0,0,0,0,F
1.84785342,0,2023-02-22T18:06:58Z,0.26098600631107777,0,0,0,0,0,F
2.15443897,0,2023-02-22T18:06:58Z,0.26098600631107777,0,0,0,0,0,F
2.51189137,0,2023-02-22T18:06:58Z,0.26098600631107777,0,0,0,0,0,F
2.92865038,0,2023-02-22T18:06:58Z,0.26098600631107777,0,0,0,0,0,F
3.41455555,0,2023-02-22T18:06:58Z,0.26098600631107777,0,0,0,0,0,F
3.98107958,0,2023-02-22T18:06:58Z,0.26098600631107777,0,0,0,0,0,F
4.64159775,0,2023-02-22T18:06:58Z,0.26098600631107777,0,0,0,0,0,F
5.41170597,0,2023-02-22T18:06:58Z,0.26098600631107777,0,0,0,0,0,F
6.30958605,0,2023-02-22T18:06:58Z,0.26098600631107777,0,0,0,0,0,F
7.35643721,0,2023-02-22T18:06:58Z,0.26098600631107777,0,0,0,0,0,F
8.57697582,0,2023-02-22T18:06:58Z,0.26098600631107777,0,0,0,0,0,F
10.00002003,0,2023-02-22T18:06:58Z,0.26098600631107777,0,0,0,0,0,F
11.65916729,0,2023-02-22T18:06:58Z,0.26098600631107777,0,0,0,0,0,F
13.59359074,0,2023-02-22T18:06:58Z,0.26098600631107777,0,0,0,0,0,F
15.84896278,0,2023-02-22T18:06:58Z,0.26098600631107777,0,0,0,0,0,F
18.47853470,0,2023-02-22T18:06:58Z,0.26098600631107777,0,0,0,0,0,F
21.54438972,0,2023-02-22T18:06:58Z,0.26098600631107777,0,0,0,0,0,F
25.11891365,0,2023-02-22T18:06:58Z,0.26098600631107777,0,0,0,0,0,F
29.28650284,0,2023-02-22T18:06:58Z,0.26098600631107777,0,0,0,0,0,F
34.14555740,0,2023-02-22T18:06:58Z,0.26098600631107777,0,0,0,0,0,F
39.81079483,0,2023-02-22T18:06:58Z,0.26098600631107777,0,0,0,0,0,F
46.41598129,0,2023-02-22T18:06:58Z,0.26098600631107777,0,0,0,0,0,F
54.11705780,0,2023-02-22T18:06:58Z,0.26098600631107777,0,0,0,0,0,F
63.09585953,0,2023-02-22T18:06:58Z,0.26098600631107777,0,0,0,0,0,F
73.56436920,0,2023-02-22T18:06:58Z,0.26098600631107777,0,0,0,0,0,F
85.76976013,0,2023-02-22T18:06:58Z,0.26098600631107777,0,0,0,0,0,F
100.00019836,0,2023-02-22T18:06:58Z,0.26098600631107777,0,0,0,0,0,F
116.59166718,0,2023-02-22T18:06:58Z,0.26098600631107777,0,0,0,0,0,F
135.93591309,0,2023-02-22T18:06:58Z,0.26098600631107777,0,0,0,0,0,F
158.48962402,0,2023-02-22T18:06:58Z,0.26098600631107777,0,0,0,0,0,F
184.78533936,0,2023-02-22T18:06:58Z,0.26098600631107777,0,0,0,0,0,F
215.44389343,0,2023-02-22T18:06:58Z,0.26098600631107777,0,0,0,0,0,F
251.18913269,0,2023-02-22T18:06:58Z,0.26098600631107777,0,0,0,0,0,F
292.86502075,0,2023-02-22T18:06:58Z,0.26098600631107777,0,0,0,0,0,F
341.45556641,0,2023-02-22T18:06:58Z,0.26098600631107777,0,0,0,0,0,F
398.10794067,0,2023-02-22T18:06:58Z,0.26098600631107777,0,0,0,0,0,F
464.15979004,0,2023-02-22T18:06:58Z,0.26098600631107777,0,0,0,0,0,F
541.17059326,0,2023-02-22T18:06:58Z,0.26098600631107777,0,0,0,0,0,F
630.95855713,0,2023-02-22T18:06:58Z,0.26098600631107777,0,0,0,0,0,F
735.64367676,0,2023-02-22T18:06:58Z,0.26098600631107777,0,0,0,0,0,F
857.69757080,0,2023-02-22T18:06:58Z,0.26098600631107777,0,0,0,0,0,F
1000.00195313,0,2023-02-22T18:06:58Z,0.26098600631107777,0,0,0,0,0,F
0.10000020,0,2023-02-22T18:06:59Z,0.7200984685789306,0,0,0,0,0,F
0.11659167,0,2023-02-22T18:06:59Z,0.7200984685789306,0,0,0,0,0,F
0.13593590,0,2023-02-22T18:06:59Z,0.7200984685789306,0,0,0,0,0,F
0.15848963,0,2023-02-22T18:06:59Z,0.7200984685789306,0,0,0,0,0,F
0.18478534,0,2023-02-22T18:06:59Z,0.7200984685789306,0,0,0,0,0,F
0.21544389,0,2023-02-22T18:06:59Z,0.7200984685789306,0,0,0,0,0,F
0.25118914,0,2023-02-22T18:06:59Z,0.7200984685789306,0,0,0,0,0,F
0.29286504,0,2023-02-22T18:06:59Z,0.7200984685789306,0,0,0,0,0,F
0.34145555,0,2023-02-22T18:06:59Z,0.7200984685789306,0,0,0,0,0,F
0.39810795,0,2023-02-22T18:06:59Z,0.7200984685789306,0,0,0,0,0,F
0.46415979,0,2023-02-22T18:06:59Z,0.7200984685789306,0,0,0,0,0,F
0.54117060,0,2023-02-22T18:06:59Z,0.7200984685789306,0,0,0,0,0,F
0.63095856,0,2023-02-22T18:06:59Z,0.7200984685789306,0,0,0,0,0,F
0.73564368,0,2023-02-22T18:06:59Z,0.7200984685789306,0,0,0,0,0,F
0.85769761,0,2023-02-22T18:06:59Z,0.7200984685789306,0,0,0,0,0,F
1.00000191,0,2023-02-22T18:06:59Z,0.7200984685789306,0,0,0,0,0,F
1.16591668,0,2023-02-22T18:06:59Z,0.7200984685789306,0,0,0,0,0,F
1.35935903,0,2023-02-22T18:06:59Z,0.7200984685789306,0,0,0,0,0,F
1.58489633,0,2023-02-22T18:06:59Z,0.7200984685789306,0,0,0,0,0,F
1.84785342,0,2023-02-22T18:06:59Z,0.7200984685789306,0,0,0,0,0,F
2.15443897,0,2023-02-22T18:06:59Z,0.7200984685789306,0,0,0,0,0,F
2.51189137,0,2023-02-22T18:06:59Z,0.7200984685789306,0,0,0,0,0,F
2.92865038,0,2023-02-22T18:06:59Z,0.7200984685789306,0,0,0,0,0,F
3.41455555,0,2023-02-22T18:06:59Z,0.7200984685789306,0,0,0,0,0,F
3.98107958,0,2023-02-22T18:06:59Z,0.7200984685789306,0,0,0,0,0,F
4.64159775,0,2023-02-22T18:06:59Z,0.7200984685789306,0,0,0,0,0,F
5.41170597,0,2023-02-22T18:06:59Z,0.7200984685789306,0,0,0,0,0,F
6.30958605,0,2023-02-22T18:06:59Z,0.7200984685789306,0,0,0,0,0,F
7.35643721,0,2023-02-22T18:06:59Z,0.7200984685789306,0,0,0,0,0,F
8.57697582,0,2023-02-22T18:06:59Z,0.7200984685789306,0,0,0,0,0,F
10.00002003,0,2023-02-22T18:06:59Z,0.7200984685789306,0,0,0,0,0,F
11.65916729,0,2023-02-22T18:06:59Z,0.7200984685789306,0,0,0,0,0,F
13.59359074,0,2023-02-22T18:06:59Z,0.7200984685789306,0,0,0,0,0,F
15.84896278,0,2023-02-22T18:06:59Z,0.7200984685789306,0,0,0,0,0,F
18.47853470,0,2023-02-22T18:06:59Z,0.7200984685789306,0,0,0,0,0,F
21.54438972,0,2023-02-22T18:06:59Z,0.7200984685789306,0,0,0,0,0,F
25.11891365,0,2023-02-22T18:06:59Z,0.7200984685789306,0,0,0,0,0,F
29.28650284,0,2023-02-22T18:06:59Z,0.7200984685789306,0,0,0,0,0,F
34.14555740,0,2023-02-22T18:06:59Z,0.7200984685789306,0,0,0,0,0,F
39.81079483,0,2023-02-22T18:06:59Z,0.7200984685789306,0,0,0,0,0,F
46.41598129,0,2023-02-22T18:06:59Z,0.7200984685789306,0,0,0,0,0,F
54.11705780,0,2023-02-22T18:06:59Z,0.7200984685789306,0,0,0,0,0,F
63.09585953,0,2023-02-22T18:06:59Z,0.7200984685789306,0,0,0,0,0,F
73.56436920,0,2023-02-22T18:06:59Z,0.7200984685789306,0,0,0,0,0,F
85.76976013,0,2023-02-22T18:06:59Z,0.7200984685789306,0,0,0,0,0,F
100.00019836,0,2023-02-22T18:06:59Z,0.7200984685789306,0,0,0,0,0,F
116.59166718,0,2023-02-22T18:06:59Z,0.7200984685789306,0,0,0,0,0,F
135.93591309,0,2023-02-22T18:06:59Z,0.7200984685789306,0,0,0,0,0,F
158.48962402,0,2023-02-22T18:06:59Z,0.7200984685789306,0,0,0,0,0,F
184.78533936,0,2023-02-22T18:06:59Z,0.7200984685789306,0,0,0,0,0,F
215.44389343,0,2023-02-22T18:06:59Z,0.7200984685789306,0,0,0,0,0,F
251.18913269,0,2023-02-22T18:06:59Z,0.7200984685789306,0,0,0,0,0,F
292.86502075,0,2023-02-22T18:06:59Z,0.7200984685789306,0,0,0,0,0,F
341.45556641,0,2023-02-22T18:06:59Z,0.7200984685789306,0,0,0,0,0,F
398.10794067,0,2023-02-22T18:06:59Z,0.7200984685789306,0,0,0,0,0,F
464.15979004,0,2023-02-22T18:06:59Z,0.7200984685789306,0,0,0,0,0,F
541.17059326,0,2023-02-22T18:06:59Z,0.7200984685789306,0,0,0,0,0,F
630.95855713,0,2023-02-22T18:06:59Z,0.7200984685789306,0,0,0,0,0,F
735.64367676,0,2023-02-22T18:06:59Z,0.7200984685789306,0,0,0,0,0,F
857.69757080,0,2023-02-22T18:06:59Z,0.7200984685789306,0,0,0,0,0,F
1000.00195313,0,2023-02-22T18:06:59Z,0.7200984685789306,0,0,0,0,0,F
0.10000020,0,2023-02-22T18:07:00Z,0.280752313843154,0,0,0,0,0,F
0.11659167,0,2023-02-22T18:07:00Z,0.280752313843154,0,0,0,0,0,F
0.13593590,0,2023-02-22T18:07:00Z,0.280752313843154,0,0,0,0,0,F
0.15848963,0,2023-02-22T18:07:00Z,0.280752313843154,0,0,0,0,0,F
0.18478534,0,2023-02-22T18:07:00Z,0.280752313843154,0,0,0,0,0,F
0.21544389,0,2023-02-22T18:07:00Z,0.280752313843154,0,0,0,0,0,F
0.25118914,0,2023-02-22T18:07:00Z,0.280752313843154,0,0,0,0,0,F
0.29286504,0,2023-02-22T18:07:00Z,0.280752313843154,0,0,0,0,0,F
0.34145555,0,2023-02-22T18:07:00Z,0.280752313843154,0,0,0,0,0,F
0.39810795,0,2023-02-22T18:07:00Z,0.280752313843154,0,0,0,0,0,F
0.46415979,0,2023-02-22T18:07:00Z,0.280752313843154,0,0,0,0,0,F
0.54117060,0,2023-02-22T18:07:00Z,0.280752313843154,0,0,0,0,0,F
0.63095856,0,2023-02-22T18:07:00Z,0.280752313843154,0,0,0,0,0,F
0.73564368,0,2023-02-22T18:07:00Z,0.280752313843154,0,0,0,0,0,F
0.85769761,0,2023-02-22T18:07:00Z,0.280752313843154,0,0,0,0,0,F
1.00000191,0,2023-02-22T18:07:00Z,0.280752313843154,0,0,0,0,0,F
1.16591668,0,2023-02-22T18:07:00Z,0.280752313843154,0,0,0,0,0,F
1.35935903,0,2023-02-22T18:07:00Z,0.280752313843154,0,0,0,0,0,F
1.58489633,0,2023-02-22T18:07:00Z,0.280752313843154,0,0,0,0,0,F
1.84785342,0,2023-02-22T18:07:00Z,0.280752313843154,0,0,0,0,0,F
2.15443897,0,2023-02-22T18:07:00Z,0.280752313843154,0,0,0,0,0,F
2.51189137,0,2023-02-22T18:07:00Z,0.280752313843154,0,0,0,0,0,F
2.92865038,0,2023-02-22T18:07:00Z,0.280752313843154,0,0,0,0,0,F
3.41455555,0,2023-02-22T18:07:00Z,0.280752313843154,0,0,0,0,0,F
3.98107958,0,2023-02-22T18:07:00Z,0.280752313843154,0,0,0,0,0,F
4.64159775,0,2023-02-22T18:07:00Z,0.280752313843154,0,0,0,0,0,F
5.41170597,0,2023-02-22T18:07:00Z,0.280752313843154,0,0,0,0,0,F
6.30958605,0,2023-02-22T18:07:00Z,0.280752313843154,0,0,0,0,0,F
7.35643721,0,2023-02-22T18:07:00Z,0.280752313843154,0,0,0,0,0,F
8.57697582,0,2023-02-22T18:07:00Z,0.280752313843154,0,0,0,0,0,F
10.00002003,0,2023-02-22T18:07:00Z,0.280752313843154,0,0,0,0,0,F
11.65916729,0,2023-02-22T18:07:00Z,0.280752313843154,0,0,0,0,0,F
13.59359074,0,2023-02-22T18:07:00Z,0.280752313843154,0,0,0,0,0,F
15.84896278,0,2023-02-22T18:07:00Z,0.280752313843154,0,0,0,0,0,F
18.47853470,0,2023-02-22T18:07:00Z,0.280752313843154,0,0,0,0,0,F
21.54438972,0,2023-02-22T18:07:00Z,0.280752313843154,0,0,0,0,0,F
25.11891365,0,2023-02-22T18:07:00Z,0.280752313843154,0,0,0,0,0,F
29.28650284,0,2023-02-22T18:07:00Z,0.280752313843154,0,0,0,0,0,F
34.14555740,0,2023-02-22T18:07:00Z,0.280752313843154,0,0,0,0,0,F
39.81079483,0,2023-02-22T18:07:00Z,0.280752313843154,0,0,0,0,0,F
46.41598129,0,2023-02-22T18:07:00Z,0.280752313843154,0,0,0,0,0,F
54.11705780,0,2023-02-22T18:07:00Z,0.280752313843154,0,0,0,0,0,F
63.09585953,0,2023-02-22T18:07:00Z,0.280752313843154,0,0,0,0,0,F
73.56436920,0,2023-02-22T18:07:00Z,0.280752313843154,0,0,0,0,0,F
85.76976013,0,2023-02-22T18:07:00Z,0.280752313843154,0,0,0,0,0,F
100.00019836,0,2023-02-22T18:07:00Z,0.280752313843154,0,0,0,0,0,F
116.59166718,0,2023-02-22T18:07:00Z,0.280752313843154,0,0,0,0,0,F
135.93591309,0,2023-02-22T18:07:00Z,0.280752313843154,0,0,0,0,0,F
158.48962402,0,2023-02-22T18:07:00Z,0.280752313843154,0,0,0,0,0,F
184.78533936,0,2023-02-22T18:07:00Z,0.280752313843154,0,0,0,0,0,F
215.44389343,0,2023-02-22T18:07:00Z,0.280752313843154,0,0,0,0,0,F
251.18913269,0,2023-02-22T18:07:00Z,0.280752313843154,0,0,0,0,0,F
292.86502075,0,2023-02-22T18:07:00Z,0.280752313843154,0,0,0,0,0,F
341.45556641,0,2023-02-22T18:07:00Z,0.280752313843154,0,0,0,0,0,F
398.10794067,0,2023-02-22T18:07:00Z,0.280752313843154,0,0,0,0,0,F
464.15979004,0,2023-02-22T18:07:00Z,0.280752313843154,0,0,0,0,0,F
541.17059326,0,2023-02-22T18:07:00Z,0.280752313843154,0,0,0,0,0,F
630.95855713,0,2023-02-22T18:07:00Z,0.280752313843154,0,0,0,0,0,F
735.64367676,0,2023-02-22T18:07:00Z,0.280752313843154,0,0,0,0,0,F
857.69757080,0,2023-02-22T18:07:00Z,0.280752313843154,0,0,0,0,0,F
1000.00195313,0,2023-02-22T18:07:00Z,0.280752313843154,0,0,0,0,0,F
0.10000020,0,2023-02-22T18:07:01Z,0.5123653146955472,0,0,0,0,0,F
0.11659167,0,2023-02-22T18:07:01Z,0.5123653146955472,0,0,0,0,0,F
0.13593590,0,2023-02-22T18:07:01Z,0.5123653146955472,0,0,0,0,0,F
0.15848963,0,2023-02-22T18:07:01Z,0.5123653146955472,0,0,0,0,0,F
0.18478534,0,2023-02-22T18:07:01Z,0.5123653146955472,0,0,0,0,0,F
0.21544389,0,2023-02-22T18:07:01Z,0.5123653146955472,0,0,0,0,0,F
0.25118914,0,2023-02-22T18:07:01Z,0.5123653146955472,0,0,0,0,0,F
0.29286504,0,2023-02-22T18:07:01Z,0.5123653146955472,0,0,0,0,0,F
0.34145555,0,2023-02-22T18:07:01Z,0.5123653146955472,0,0,0,0,0,F
0.39810795,0,2023-02-22T18:07:01Z,0.5123653146955472,0,0,0,0,0,F
0.46415979,0,2023-02-22T18:07:01Z,0.5123653146955472,0,0,0,0,0,F
0.54117060,0,2023-02-22T18:07:01Z,0.5123653146955472,0,0,0,0,0,F
0.63095856,0,2023-02-22T18:07:01Z,0.5123653146955472,0,0,0,0,0,F
0.73564368,0,2023-02-22T18:07:01Z,0.5123653146955472,0,0,0,0,0,F
0.85769761,0,2023-02-22T18:07:01Z,0.5123653146955472,0,0,0,0,0,F
1.00000191,0,2023-02-22T18:07:01Z,0.5123653146955472,0,0,0,0,0,F
1.16591668,0,2023-02-22T18:07:01Z,0.5123653146955472,0,0,0,0,0,F
1.35935903,0,2023-02-22T18:07:01Z,0.5123653146955472,0,0,0,0,0,F
1.58489633,0,2023-02-22T18:07:01Z,0.5123653146955472,0,0,0,0,0,F
1.84785342,0,2023-02-22T18:07:01Z,0.5123653146955472,0,0,0,0,0,F
2.15443897,0,2023-02-22T18:07:01Z,0.5123653146955472,0,0,0,0,0,F
2.51189137,0,2023-02-22T18:07:01Z,0.5123653146955472,0,0,0,0,0,F
2.92865038,0,2023-02-22T18:07:01Z,0.5123653146955472,0,0,0,0,0,F
3.41455555,0,2023-02-22T18:07:01Z,0.5123653146955472,0,0,0,0,0,F
3.98107958,0,2023-02-22T18:07:01Z,0.5123653146955472,0,0,0,0,0,F
4.64159775,0,2023-02-22T18:07:01Z,0.5123653146955472,0,0,0,0,0,F
5.41170597,0,2023-02-22T18:07:01Z,0.5123653146955472,0,0,0,0,0,F
6.30958605,0,2023-02-22T18:07:01Z,0.5123653146955472,0,0,0,0,0,F
7.35643721,0,2023-02-22T18:07:01Z,0.5123653146955472,0,0,0,0,0,F
8.57697582,0,2023-02-22T18:07:01Z,0.5123653146955472,0,0,0,0,0,F
10.00002003,0,2023-02-22T18:07:01Z,0.5123653146955472,0,0,0,0,0,F
11.65916729,0,2023-02-22T18:07:01Z,0.5123653146955472,0,0,0,0,0,F
13.59359074,0,2023-02-22T18:07:01Z,0.5123653146955472,0,0,0,0,0,F
15.84896278,0,2023-02-22T18:07:01Z,0.5123653146955472,0,0,0,0,0,F
18.47853470,0,2023-02-22T18:07:01Z,0.5123653146955472,0,0,0,0,0,F
21.54438972,0,2023-02-22T18:07:01Z,0.5123653146955472,0,0,0,0,0,F
25.11891365,0,2023-02-22T18:07:01Z,0.5123653146955472,0,0,0,0,0,F
29.28650284,0,2023-02-22T18:07:01Z,0.5123653146955472,0,0,0,0,0,F
34.14555740,0,2023-02-22T18:07:01Z,0.5123653146955472,0,0,0,0,0,F
39.81079483,0,2023-02-22T18:07:01Z,0.5123653146955472,0,0,0,0,0,F
46.41598129,0,2023-02-22T18:07:01Z,0.5123653146955472,0,0,0,0,0,F
54.11705780,0,2023-02-22T18:07:01Z,0.5123653146955472,0,0,0,0,0,F
63.09585953,0,2023-02-22T18:07:01Z,0.5123653146955472,0,0,0,0,0,F
73.56436920,0,2023-02-22T18:07:01Z,0.5123653146955472,0,0,0,0,0,F
85.76976013,0,2023-02-22T18:07:01Z,0.5123653146955472,0,0,0,0,0,F
100.00019836,0,2023-02-22T18:07:01Z,0.5123653146955472,0,0,0,0,0,F
116.59166718,0,2023-02-22T18:07:01Z,0.5123653146955472,0,0,0,0,0,F
135.93591309,0,2023-02-22T18:07:01Z,0.5123653146955472,0,0,0,0,0,F
158.48962402,0,2023-02-22T18:07:01Z,0.5123653146955472,0,0,0,0,0,F
184.78533936,0,2023-02-22T18:07:01Z,0.5123653146955472,0,0,0,0,0,F
215.44389343,0,2023-02-22T18:07:01Z,0.5123653146955472,0,0,0,0,0,F
251.18913269,0,2023-02-22T18:07:01Z,0.5123653146955472,0,0,0,0,0,F
292.86502075,0,2023-02-22T18:07:01Z,0.5123653146955472,0,0,0,0,0,F
341.45556641,0,2023-02-22T18:07:01Z,0.5123653146955472,0,0,0,0,0,F
398.10794067,0,2023-02-22T18:07:01Z,0.5123653146955472,0,0,0,0,0,F
464.15979004,0,2023-02-22T18:07:01Z,0.5123653146955472,0,0,0,0,0,F
541.17059326,0,2023-02-22T18:07:01Z,0.5123653146955472,0,0,0,0,0,F
630.95855713,0,2023-02-22T18:07:01Z,0.5123653146955472,0,0,0,0,0,F
735.64367676,0,2023-02-22T18:07:01Z,0.5123653146955472,0,0,0,0,0,F
857.69757080,0,2023-02-22T18:07:01Z,0.5123653146955472,0,0,0,0,0,F
1000.00195313,0,2023-02-22T18:07:01Z,0.5123653146955472,0,0,0,0,0,F
0.10000020,0,2023-02-22T18:07:02Z,0.3701452886583194,0,0,0,0,0,F
0.11659167,0,2023-02-22T18:07:02Z,0.3701452886583194,0,0,0,0,0,F
0.13593590,0,2023-02-22T18:07:02Z,0.3701452886583194,0,0,0,0,0,F
0.15848963,0,2023-02-22T18:07:02Z,0.3701452886583194,0,0,0,0,0,F
0.18478534,0,2023-02-22T18:07:02Z,0.3701452886583194,0,0,0,0,0,F
0.21544389,0,2023-02-22T18:07:02Z,0.3701452886583194,0,0,0,0,0,F
0.25118914,0,2023-02-22T18:07:02Z,0.3701452886583194,0,0,0,0,0,F
0.29286504,0,2023-02-22T18:07:02Z,0.3701452886583194,0,0,0,0,0,F
0.34145555,0,2023-02-22T18:07:02Z,0.3701452886583194,0,0,0,0,0,F
0.39810795,0,2023-02-22T18:07:02Z,0.3701452886583194,0,0,0,0,0,F
0.46415979,0,2023-02-22T18:07:02Z,0.3701452886583194,0,0,0,0,0,F
0.54117060,0,2023-02-22T18:07:02Z,0.3701452886583194,0,0,0,0,0,F
0.63095856,0,2023-02-22T18:07:02Z,0.3701452886583194,0,0,0,0,0,F
0.73564368,0,2023-02-22T18:07:02Z,0.3701452886583194,0,0,0,0,0,F
0.85769761,0,2023-02-22T18:07:02Z,0.3701452886583194,0,0,0,0,0,F
1.00000191,0,2023-02-22T18:07:02Z,0.3701452886583194,0,0,0,0,0,F
1.16591668,0,2023-02-22T18:07:02Z,0.3701452886583194,0,0,0,0,0,F
1.35935903,0,2023-02-22T18:07:02Z,0.3701452886583194,0,0,0,0,0,F
1.58489633,0,2023-02-22T18:07:02Z,0.3701452886583194,0,0,0,0,0,F
1.84785342,0,2023-02-22T18:07:02Z,0.3701452886583194,0,0,0,0,0,F
2.15443897,0,2023-02-22T18:07:02Z,0.3701452886583194,0,0,0,0,0,F
2.51189137,0,2023-02-22T18:07:02Z,0.3701452886583194,0,0,0,0,0,F
2.92865038,0,2023-02-22T18:07:02Z,0.3701452886583194,0,0,0,0,0,F
3.41455555,0,2023-02-22T18:07:02Z,0.3701452886583194,0,0,0,0,0,F
3.98107958,0,2023-02-22T18:07:02Z,0.3701452886583194,0,0,0,0,0,F
4.64159775,0,2023-02-22T18:07:02Z,0.3701452886583194,0,0,0,0,0,F
5.41170597,0,2023-02-22T18:07:02Z,0.3701452886583194,0,0,0,0,0,F
6.30958605,0,2023-02-22T18:07:02Z,0.3701452886583194,0,0,0,0,0,F
7.35643721,0,2023-02-22T18:07:02Z,0.3701452886583194,0,0,0,0,0,F
8.57697582,0,2023-02-22T18:07:02Z,0.3701452886583194,0,0,0,0,0,F
10.00002003,0,2023-02-22T18:07:02Z,0.3701452886583194,0,0,0,0,0,F
11.65916729,0,2023-02-22T18:07:02Z,0.3701452886583194,0,0,0,0,0,F
13.59359074,0,2023-02-22T18:07:02Z,0.3701452886583194,0,0,0,0,0,F
15.84896278,0,2023-02-22T18:07:02Z,0.3701452886583194,0,0,0,0,0,F
18.47853470,0,2023-02-22T18:07:02Z,0.3701452886583194,0,0,0,0,0,F
21.54438972,0,2023-02-22T18:07:02Z,0.3701452886583194,0,0,0,0,0,F
25.11891365,0,2023-02-22T18:07:02Z,0.3701452886583194,0,0,0,0,0,F
29.28650284,0,2023-02-22T18:07:02Z,0.3701452886583194,0,0,0,0,0,F
34.14555740,0,2023-02-22T18:07:02Z,0.3701452886583194,0,0,0,0,0,F
39.81079483,0,2023-02-22T18:07:02Z,0.3701452886583194,0,0,0,0,0,F
46.41598129,0,2023-02-22T18:07:02Z,0.3701452886583194,0,0,0,0,0,F
54.11705780,0,2023-02-22T18:07:02Z,0.3701452886583194,0,0,0,0,0,F
63.09585953,0,2023-02-22T18:07:02Z,0.3701452886583194,0,0,0,0,0,F
73.56436920,0,2023-02-22T18:07:02Z,0.3701452886583194,0,0,0,0,0,F
85.76976013,0,2023-02-22T18:07:02Z,0.3701452886583194,0,0,0,0,0,F
100.00019836,0,2023-02-22T18:07:02Z,0.3701452886583194,0,0,0,0,0,F
116.59166718,0,2023-02-22T18:07:02Z,0.3701452886583194,0,0,0,0,0,F
135.93591309,0,2023-02-22T18:07:02Z,0.3701452886583194,0,0,0,0,0,F
158.48962402,0,2023-02-22T18:07:02Z,0.3701452886583194,0,0,0,0,0,F
184.78533936,0,2023-02-22T18:07:02Z,0.3701452886583194,0,0,0,0,0,F
215.44389343,0,2023-02-22T18:07:02Z,0.3701452886583194,0,0,0,0,0,F
251.18913269,0,2023-02-22T18:07:02Z,0.3701452886583194,0,0,0,0,0,F
292.86502075,0,2023-02-22T18:07:02Z,0.3701452886583194,0,0,0,0,0,F
341.45556641,0,2023-02-22T18:07:02Z,0.3701452886583194,0,0,0,0,0,F
398.10794067,0,2023-02-22T18:07:02Z,0.3701452886583194,0,0,0,0,0,F
464.15979004,0,2023-02-22T18:07:02Z,0.3701452886583194,0,0,0,0,0,F
541.17059326,0,2023-02-22T18:07:02Z,0.3701452886583194,0,0,0,0,0,F
630.95855713,0,2023-02-22T18:07:02Z,0.3701452886583194,0,0,0,0,0,F
735.64367676,0,2023-02-22T18:07:02Z,0.3701452886583194,0,0,0,0,0,F
857.69757080,0,2023-02-22T18:07:02Z,0.3701452886583194,0,0,0,0,0,F
1000.00195313,0,2023-02-22T18:07:02Z,0.3701452886583194,0,0,0,0,0,F
0.10000020,0,2023-02-22T18:07:03Z,0.2731625835100722,0,0,0,0,0,F
0.11659167,0,2023-02-22T18:07:03Z,0.2731625835100722,0,0,0,0,0,F
0.13593590,0,2023-02-22T18:07:03Z,0.2731625835100722,0,0,0,0,0,F
0.15848963,0,2023-02-22T18:07:03Z,0.2731625835100722,0,0,0,0,0,F
0.18478534,0,2023-02-22T18:07:03Z,0.2731625835100722,0,0,0,0,0,F
0.21544389,0,2023-02-22T18:07:03Z,0.2731625835100722,0,0,0,0,0,F
0.25118914,0,2023-02-22T18:07:03Z,0.2731625835100722,0,0,0,0,0,F
0.29286504,0,2023-02-22T18:07:03Z,0.2731625835100722,0,0,0,0,0,F
0.34145555,0,2023-02-22T18:07:03Z,0.2731625835100722,0,0,0,0,0,F
0.39810795,0,2023-02-22T18:07:03Z,0.2731625835100722,0,0,0,0,0,F
0.46415979,0,2023-02-22T18:07:03Z,0.2731625835100722,0,0,0,0,0,F
0.54117060,0,2023-02-22T18:07:03Z,0.2731625835100722,0,0,0,0,0,F
0.63095856,0,2023-02-22T18:07:03Z,0.2731625835100722,0,0,0,0,0,F
0.73564368,0,2023-02-22T18:07:03Z,0.2731625835100722,0,0,0,0,0,F
0.85769761,0,2023-02-22T18:07:03Z,0.2731625835100722,0,0,0,0,0,F
1.00000191,0,2023-02-22T18:07:03Z,0.2731625835100722,0,0,0,0,0,F
1.16591668,0,2023-02-22T18:07:03Z,0.2731625835100722,0,0,0,0,0,F
1.35935903,0,2023-02-22T18:07:03Z,0.2731625835100722,0,0,0,0,0,F
1.58489633,0,2023-02-22T18:07:03Z,0.2731625835100722,0,0,0,0,0,F
1.84785342,0,2023-02-22T18:07:03Z,0.2731625835100722,0,0,0,0,0,F
2.15443897,0,2023-02-22T18:07:03Z,0.2731625835100722,0,0,0,0,0,F
2.51189137,0,2023-02-22T18:07:03Z,0.2731625835100722,0,0,0,0,0,F
2.92865038,0,2023-02-22T18:07:03Z,0.2731625835100722,0,0,0,0,0,F
3.41455555,0,2023-02-22T18:07:03Z,0.2731625835100722,0,0,0,0,0,F
3.98107958,0,2023-02-22T18:07:03Z,0.2731625835100722,0,0,0,0,0,F
4.64159775,0,2023-02-22T18:07:03Z,0.2731625835100722,0,0,0,0,0,F
5.41170597,0,2023-02-22T18:07:03Z,0.2731625835100722,0,0,0,0,0,F
6.30958605,0,2023-02-22T18:07:03Z,0.2731625835100722,0,0,0,0,0,F
7.35643721,0,2023-02-22T18:07:03Z,0.2731625835100722,0,0,0,0,0,F
8.57697582,0,2023-02-22T18:07:03Z,0.2731625835100722,0,0,0,0,0,F
10.00002003,0,2023-02-22T18:07:03Z,0.2731625835100722,0,0,0,0,0,F
11.65916729,0,2023-02-22T18:07:03Z,0.2731625835100722,0,0,0,0,0,F
13.59359074,0,2023-02-22T18:07:03Z,0.2731625835100722,0,0,0,0,0,F
15.84896278,0,2023-02-22T18:07:03Z,0.2731625835100722,0,0,0,0,0,F
18.47853470,0,2023-02-22T18:07:03Z,0.2731625835100722,0,0,0,0,0,F
21.54438972,0,2023-02-22T18:07:03Z,0.2731625835100722,0,0,0,0,0,F
25.11891365,0,2023-02-22T18:07:03Z,0.2731625835100722,0,0,0,0,0,F
29.28650284,0,2023-02-22T18:07:03Z,0.2731625835100722,0,0,0,0,0,F
34.14555740,0,2023-02-22T18:07:03Z,0.2731625835100722,0,0,0,0,0,F
39.81079483,0,2023-02-22T18:07:03Z,0.2731625835100722,0,0,0,0,0,F
46.41598129,0,2023-02-22T18:07:03Z,0.2731625835100722,0,0,0,0,0,F
54.11705780,0,2023-02-22T18:07:03Z,0.2731625835100722,0,0,0,0,0,F
63.09585953,0,2023-02-22T18:07:03Z,0.2731625835100722,0,0,0,0,0,F
73.56436920,0,2023-02-22T18:07:03Z,0.2731625835100722,0,0,0,0,0,F
85.76976013,0,2023-02-22T18:07:03Z,0.2731625835100722,0,0,0,0,0,F
100.00019836,0,2023-02-22T18:07:03Z,0.2731625835100722,0,0,0,0,0,F
116.59166718,0,2023-02-22T18:07:03Z,0.2731625835100722,0,0,0,0,0,F
135.93591309,0,2023-02-22T18:07:03Z,0.2731625835100722,0,0,0,0,0,F
158.48962402,0,2023-02-22T18:07:03Z,0.2731625835100722,0,0,0,0,0,F
184.78533936,0,2023-02-22T18:07:03Z,0.2731625835100722,0,0,0,0,0,F
215.44389343,0,2023-02-22T18:07:03Z,0.2731625835100722,0,0,0,0,0,F
251.18913269,0,2023-02-22T18:07:03Z,0.2731625835100722,0,0,0,0,0,F
292.86502075,0,2023-02-22T18:07:03Z,0.2731625835100722,0,0,0,0,0,F
341.45556641,0,2023-02-22T18:07:03Z,0.2731625835100722,0,0,0,0,0,F
398.10794067,0,2023-02-22T18:07:03Z,0.2731625835100722,0,0,0,0,0,F
464.15979004,0,2023-02-22T18:07:03Z,0.2731625835100722,0,0,0,0,0,F
541.17059326,0,2023-02-22T18:07:03Z,0.2731625835100722,0,0,0,0,0,F
630.95855713,0,2023-02-22T18:07:03Z,0.2731625835100722,0,0,0,0,0,F
735.64367676,0,2023-02-22T18:07:03Z,0.2731625835100722,0,0,0,0,0,F
857.69757080,0,2023-02-22T18:07:03Z,0.2731625835100722,0,0,0,0,0,F
1000.00195313,0,2023-02-22T18:07:03Z,0.2731625835100722,0,0,0,0,0,F
0.10000020,0,2023-02-22T18:07:04Z,1.2975667090046223,0,0,0,0,0,F
0.11659167,0,2023-02-22T18:07:04Z,1.2975667090046223,0,0,0,0,0,F
0.13593590,0,2023-02-22T18:07:04Z,1.2975667090046223,0,0,0,0,0,F
0.15848963,0,2023-02-22T18:07:04Z,1.2975667090046223,0,0,0,0,0,F
0.18478534,0,2023-02-22T18:07:04Z,1.2975667090046223,0,0,0,0,0,F
0.21544389,0,2023-02-22T18:07:04Z,1.2975667090046223,0,0,0,0,0,F
0.25118914,0,2023-02-22T18:07:04Z,1.2975667090046223,0,0,0,0,0,F
0.29286504,0,2023-02-22T18:07:04Z,1.2975667090046223,0,0,0,0,0,F
0.34145555,0,2023-02-22T18:07:04Z,1.2975667090046223,0,0,0,0,0,F
0.39810795,0,2023-02-22T18:07:04Z,1.2975667090046223,0,0,0,0,0,F
0.46415979,0,2023-02-22T18:07:04Z,1.2975667090046223,0,0,0,0,0,F
0.54117060,0,2023-02-22T18:07:04Z,1.2975667090046223,0,0,0,0,0,F
0.63095856,0,2023-02-22T18:07:04Z,1.2975667090046223,0,0,0,0,0,F
0.73564368,0,2023-02-22T18:07:04Z,1.2975667090046223,0,0,0,0,0,F
0.85769761,0,2023-02-22T18:07:04Z,1.2975667090046223,0,0,0,0,0,F
1.00000191,0,2023-02-22T18:07:04Z,1.2975667090046223,0,0,0,0,0,F
1.16591668,0,2023-02-22T18:07:04Z,1.2975667090046223,0,0,0,0,0,F
1.35935903,0,2023-02-22T18:07:04Z,1.2975667090046223,0,0,0,0,0,F
1.58489633,0,2023-02-22T18:07:04Z,1.2975667090046223,0,0,0,0,0,F
1.84785342,0,2023-02-22T18:07:04Z,1.2975667090046223,0,0,0,0,0,F
2.15443897,0,2023-02-22T18:07:04Z,1.2975667090046223,0,0,0,0,0,F
2.51189137,0,2023-02-22T18:07:04Z,1.2975667090046223,0,0,0,0,0,F
2.92865038,0,2023-02-22T18:07:04Z,1.2975667090046223,0,0,0,0,0,F
3.41455555,0,2023-02-22T18:07:04Z,1.2975667090046223,0,0,0,0,0,F
3.98107958,0,2023-02-22T18:07:04Z,1.2975667090046223,0,0,0,0,0,F
4.64159775,0,2023-02-22T18:07:04Z,1.2975667090046223,0,0,0,0,0,F
5.41170597,0,2023-02-22T18:07:04Z,1.2975667090046223,0,0,0,0,0,F
6.30958605,0,2023-02-22T18:07:04Z,1.2975667090046223,0,0,0,0,0,F
7.35643721,0,2023-02-22T18:07:04Z,1.2975667090046223,0,0,0,0,0,F
8.57697582,0,2023-02-22T18:07:04Z,1.2975667090046223,0,0,0,0,0,F
10.00002003,0,2023-02-22T18:07:04Z,1.2975667090046223,0,0,0,0,0,F
11.65916729,0,2023-02-22T18:07:04Z,1.2975667090046223,0,0,0,0,0,F
13.59359074,0,2023-02-22T18:07:04Z,1.2975667090046223,0,0,0,0,0,F
15.84896278,0,2023-02-22T18:07:04Z,1.2975667090046223,0,0,0,0,0,F
18.47853470,0,2023-02-22T18:07:04Z,1.2975667090046223,0,0,0,0,0,F
21.54438972,0,2023-02-22T18:07:04Z,1.2975667090046223,0,0,0,0,0,F
25.11891365,0,2023-02-22T18:07:04Z,1.2975667090046223,0,0,0,0,0,F
29.28650284,0,2023-02-22T18:07:04Z,1.2975667090046223,0,0,0,0,0,F
34.14555740,0,2023-02-22T18:07:04Z,1.2975667090046223,0,0,0,0,0,F
39.81079483,0,2023-02-22T18:07:04Z,1.2975667090046223,0,0,0,0,0,F
46.41598129,0,2023-02-22T18:07:04Z,1.2975667090046223,0,0,0,0,0,F
54.11705780,0,2023-02-22T18:07:04Z,1.2975667090046223,0,0,0,0,0,F
63.09585953,0,2023-02-22T18:07:04Z,1.2975667090046223,0,0,0,0,0,F
73.56436920,0,2023-02-22T18:07:04Z,1.2975667090046223,0,0,0,0,0,F
85.76976013,0,2023-02-22T18:07:04Z,1.2975667090046223,0,0,0,0,0,F
100.00019836,0,2023-02-22T18:07:04Z,1.2975667090046223,0,0,0,0,0,F
116.59166718,0,2023-02-22T18:07:04Z,1.2975667090046223,0,0,0,0,0,F
135.93591309,0,2023-02-22T18:07:04Z,1.2975667090046223,0,0,0,0,0,F
158.48962402,0,2023-02-22T18:07:04Z,1.2975667090046223,0,0,0,0,0,F
184.78533936,0,2023-02-22T18:07:04Z,1.2975667090046223,0,0,0,0,0,F
215.44389343,0,2023-02-22T18:07:04Z,1.2975667090046223,0,0,0,0,0,F
251.18913269,0,2023-02-22T18:07:04Z,1.2975667090046223,0,0,0,0,0,F
292.86502075,0,2023-02-22T18:07:04Z,1.2975667090046223,0,0,0,0,0,F
341.45556641,0,2023-02-22T18:07:04Z,1.2975667090046223,0,0,0,0,0,F
398.10794067,0,2023-02-22T18:07:04Z,1.2975667090046223,0,0,0,0,0,F
464.15979004,0,2023-02-22T18:07:04Z,1.2975667090046223,0,0,0,0,0,F
541.17059326,0,2023-02-22T18:07:04Z,1.2975667090046223,0,0,0,0,0,F
630.95855713,0,2023-02-22T18:07:04Z,1.2975667090046223,0,0,0,0,0,F
735.64367676,0,2023-02-22T18:07:04Z,1.2975667090046223,0,0,0,0,0,F
857.69757080,0,2023-02-22T18:07:04Z,1.2975667090046223,0,0,0,0,0,F
1000.00195313,0,2023-02-22T18:07:04Z,1.2975667090046223,0,0,0,0,0,F
0.10000020,0,2023-02-22T18:07:05Z,1.1269865129142833,0,0,0,0,0,F
0.11659167,0,2023-02-22T18:07:05Z,1.1269865129142833,0,0,0,0,0,F
0.13593590,0,2023-02-22T18:07:05Z,1.1269865129142833,0,0,0,0,0,F
0.15848963,0,2023-02-22T18:07:05Z,1.1269865129142833,0,0,0,0,0,F
0.18478534,0,2023-02-22T18:07:05Z,1.1269865129142833,0,0,0,0,0,F
0.21544389,0,2023-02-22T18:07:05Z,1.1269865129142833,0,0,0,0,0,F
0.25118914,0,2023-02-22T18:07:05Z,1.1269865129142833,0,0,0,0,0,F
0.29286504,0,2023-02-22T18:07:05Z,1.1269865129142833,0,0,0,0,0,F
0.34145555,0,2023-02-22T18:07:05Z,1.1269865129142833,0,0,0,0,0,F
0.39810795,0,2023-02-22T18:07:05Z,1.1269865129142833,0,0,0,0,0,F
0.46415979,0,2023-02-22T18:07:05Z,1.1269865129142833,0,0,0,0,0,F
0.54117060,0,2023-02-22T18:07:05Z,1.1269865129142833,0,0,0,0,0,F
0.63095856,0,2023-02-22T18:07:05Z,1.1269865129142833,0,0,0,0,0,F
0.73564368,0,2023-02-22T18:07:05Z,1.1269865129142833,0,0,0,0,0,F
0.85769761,0,2023-02-22T18:07:05Z,1.1269865129142833,0,0,0,0,0,F
1.00000191,0,2023-02-22T18:07:05Z,1.1269865129142833,0,0,0,0,0,F
1.16591668,0,2023-02-22T18:07:05Z,1.1269865129142833,0,0,0,0,0,F
1.35935903,0,2023-02-22T18:07:05Z,1.1269865129142833,0,0,0,0,0,F
1.58489633,0,2023-02-22T18:07:05Z,1.1269865129142833,0,0,0,0,0,F
1.84785342,0,2023-02-22T18:07:05Z,1.1269865129142833,0,0,0,0,0,F
2.15443897,0,2023-02-22T18:07:05Z,1.1269865129142833,0,0,0,0,0,F
2.51189137,0,2023-02-22T18:07:05Z,1.1269865129142833,0,0,0,0,0,F
2.92865038,0,2023-02-22T18:07:05Z,1.1269865129142833,0,0,0,0,0,F
3.41455555,0,2023-02-22T18:07:05Z,1.1269865129142833,0,0,0,0,0,F
3.98107958,0,2023-02-22T18:07:05Z,1.1269865129142833,0,0,0,0,0,F
4.64159775,0,2023-02-22T18:07:05Z,1.1269865129142833,0,0,0,0,0,F
5.41170597,0,2023-02-22T18:07:05Z,1.1269865129142833,0,0,0,0,0,F
6.30958605,0,2023-02-22T18:07:05Z,1.1269865129142833,0,0,0,0,0,F
7.35643721,0,2023-02-22T18:07:05Z,1.1269865129142833,0,0,0,0,0,F
8.57697582,0,2023-02-22T18:07:05Z,1.1269865129142833,0,0,0,0,0,F
10.00002003,0,2023-02-22T18:07:05Z,1.1269865129142833,0,0,0,0,0,F
11.65916729,0,2023-02-22T18:07:05Z,1.1269865129142833,0,0,0,0,0,F
13.59359074,0,2023-02-22T18:07:05Z,1.1269865129142833,0,0,0,0,0,F
15.84896278,0,2023-02-22T18:07:05Z,1.1269865129142833,0,0,0,0,0,F
18.47853470,0,2023-02-22T18:07:05Z,1.1269865129142833,0,0,0,0,0,F
21.54438972,0,2023-02-22T18:07:05Z,1.1269865129142833,0,0,0,0,0,F
25.11891365,0,2023-02-22T18:07:05Z,1.1269865129142833,0,0,0,0,0,F
29.28650284,0,2023-02-22T18:07:05Z,1.1269865129142833,0,0,0,0,0,F
34.14555740,0,2023-02-22T18:07:05Z,1.1269865129142833,0,0,0,0,0,F
39.81079483,0,2023-02-22T18:07:05Z,1.1269865129142833,0,0,0,0,0,F
46.41598129,0,2023-02-22T18:07:05Z,1.1269865129142833,0,0,0,0,0,F
54.11705780,0,2023-02-22T18:07:05Z,1.1269865129142833,0,0,0,0,0,F
63.09585953,0,2023-02-22T18:07:05Z,1.1269865129142833,0,0,0,0,0,F
73.56436920,0,2023-02-22T18:07:05Z,1.1269865129142833,0,0,0,0,0,F
85.76976013,0,2023-02-22T18:07:05Z,1.1269865129142833,0,0,0,0,0,F
100.00019836,0,2023-02-22T18:07:05Z,1.1269865129142833,0,0,0,0,0,F
116.59166718,0,2023-02-22T18:07:05Z,1.1269865129142833,0,0,0,0,0,F
135.93591309,0,2023-02-22T18:07:05Z,1.1269865129142833,0,0,0,0,0,F
158.48962402,0,2023-02-22T18:07:05Z,1.1269865129142833,0,0,0,0,0,F
184.78533936,0,2023-02-22T18:07:05Z,1.1269865129142833,0,0,0,0,0,F
215.44389343,0,2023-02-22T18:07:05Z,1.1269865129142833,0,0,0,0,0,F
251.18913269,0,2023-02-22T18:07:05Z,1.1269865129142833,0,0,0,0,0,F
292.86502075,0,2023-02-22T18:07:05Z,1.1269865129142833,0,0,0,0,0,F
341.45556641,0,2023-02-22T18:07:05Z,1.1269865129142833,0,0,0,0,0,F
398.10794067,0,2023-02-22T18:07:05Z,1.1269865129142833,0,0,0,0,0,F
464.15979004,0,2023-02-22T18:07:05Z,1.1269865129142833,0,0,0,0,0,F
541.17059326,0,2023-02-22T18:07:05Z,1.1269865129142833,0,0,0,0,0,F
630.95855713,0,2023-02-22T18:07:05Z,1.1269865129142833,0,0,0,0,0,F
735.64367676,0,2023-02-22T18:07:05Z,1.1269865129142833,0,0,0,0,0,F
857.69757080,0,2023-02-22T18:07:05Z,1.1269865129142833,0,0,0,0,0,F
1000.00195313,0,2023-02-22T18:07:05Z,1.1269865129142833,0,0,0,0,0,F
0.10000020,0,2023-02-22T18:07:06Z,0.43777725280947366,0,0,0,0,0,F
0.11659167,0,2023-02-22T18:07:06Z,0.43777725280947366,0,0,0,0,0,F
0.13593590,0,2023-02-22T18:07:06Z,0.43777725280947366,0,0,0,0,0,F
0.15848963,0,2023-02-22T18:07:06Z,0.43777725280947366,0,0,0,0,0,F
0.18478534,0,2023-02-22T18:07:06Z,0.43777725280947366,0,0,0,0,0,F
0.21544389,0,2023-02-22T18:07:06Z,0.43777725280947366,0,0,0,0,0,F
0.25118914,0,2023-02-22T18:07:06Z,0.43777725280947366,0,0,0,0,0,F
0.29286504,0,2023-02-22T18:07:06Z,0.43777725280947366,0,0,0,0,0,F
0.34145555,0,2023-02-22T18:07:06Z,0.43777725280947366,0,0,0,0,0,F
0.39810795,0,2023-02-22T18:07:06Z,0.43777725280947366,0,0,0,0,0,F
0.46415979,0,2023-02-22T18:07:06Z,0.43777725280947366,0,0,0,0,0,F
0.54117060,0,2023-02-22T18:07:06Z,0.43777725280947366,0,0,0,0,0,F
0.63095856,0,2023-02-22T18:07:06Z,0.43777725280947366,0,0,0,0,0,F
0.73564368,0,2023-02-22T18:07:06Z,0.43777725280947366,0,0,0,0,0,F
0.85769761,0,2023-02-22T18:07:06Z,0.43777725280947366,0,0,0,0,0,F
1.00000191,0,2023-02-22T18:07:06Z,0.43777725280947366,0,0,0,0,0,F
1.16591668,0,2023-02-22T18:07:06Z,0.43777725280947366,0,0,0,0,0,F
1.35935903,0,2023-02-22T18:07:06Z,0.43777725280947366,0,0,0,0,0,F
1.58489633,0,2023-02-22T18:07:06Z,0.43777725280947366,0,0,0,0,0,F
1.84785342,0,2023-02-22T18:07:06Z,0.43777725280947366,0,0,0,0,0,F
2.15443897,0,2023-02-22T18:07:06Z,0.43777725280947366,0,0,0,0,0,F
2.51189137,0,2023-02-22T18:07:06Z,0.43777725280947366,0,0,0,0,0,F
2.92865038,0,2023-02-22T18:07:06Z,0.43777725280947366,0,0,0,0,0,F
3.41455555,0,2023-02-22T18:07:06Z,0.43777725280947366,0,0,0,0,0,F
3.98107958,0,2023-02-22T18:07:06Z,0.43777725280947366,0,0,0,0,0,F
4.64159775,0,2023-02-22T18:07:06Z,0.43777725280947366,0,0,0,0,0,F
5.41170597,0,2023-02-22T18:07:06Z,0.43777725280947366,0,0,0,0,0,F
6.30958605,0,2023-02-22T18:07:06Z,0.43777725280947366,0,0,0,0,0,F
7.35643721,0,2023-02-22T18:07:06Z,0.43777725280947366,0,0,0,0,0,F
8.57697582,0,2023-02-22T18:07:06Z,0.43777725280947366,0,0,0,0,0,F
10.00002003,0,2023-02-22T18:07:06Z,0.43777725280947366,0,0,0,0,0,F
11.65916729,0,2023-02-22T18:07:06Z,0.43777725280947366,0,0,0,0,0,F
13.59359074,0,2023-02-22T18:07:06Z,0.43777725280947366,0,0,0,0,0,F
15.84896278,0,2023-02-22T18:07:06Z,0.43777725280947366,0,0,0,0,0,F
18.47853470,0,2023-02-22T18:07:06Z,0.43777725280947366,0,0,0,0,0,F
21.54438972,0,2023-02-22T18:07:06Z,0.43777725280947366,0,0,0,0,0,F
25.11891365,0,2023-02-22T18:07:06Z,0.43777725280947366,0,0,0,0,0,F
29.28650284,0,2023-02-22T18:07:06Z,0.43777725280947366,0,0,0,0,0,F
34.14555740,0,2023-02-22T18:07:06Z,0.43777725280947366,0,0,0,0,0,F
39.81079483,0,2023-02-22T18:07:06Z,0.43777725280947366,0,0,0,0,0,F
46.41598129,0,2023-02-22T18:07:06Z,0.43777725280947366,0,0,0,0,0,F
54.11705780,0,2023-02-22T18:07:06Z,0.43777725280947366,0,0,0,0,0,F
63.09585953,0,2023-02-22T18:07:06Z,0.43777725280947366,0,0,0,0,0,F
73.56436920,0,2023-02-22T18:07:06Z,0.43777725280947366,0,0,0,0,0,F
85.76976013,0,2023-02-22T18:07:06Z,0.43777725280947366,0,0,0,0,0,F
100.00019836,0,2023-02-22T18:07:06Z,0.43777725280947366,0,0,0,0,0,F
116.59166718,0,2023-02-22T18:07:06Z,0.43777725280947366,0,0,0,0,0,F
135.93591309,0,2023-02-22T18:07:06Z,0.43777725280947366,0,0,0,0,0,F
158.48962402,0,2023-02-22T18:07:06Z,0.43777725280947366,0,0,0,0,0,F
184.78533936,0,2023-02-22T18:07:06Z,0.43777725280947366,0,0,0,0,0,F
215.44389343,0,2023-02-22T18:07:06Z,0.43777725280947366,0,0,0,0,0,F
251.18913269,0,2023-02-22T18:07:06Z,0.43777725280947366,0,0,0,0,0,F
292.86502075,0,2023-02-22T18:07:06Z,0.43777725280947366,0,0,0,0,0,F
341.45556641,0,2023-02-22T18:07:06Z,0.43777725280947366,0,0,0,0,0,F
398.10794067,0,2023-02-22T18:07:06Z,0.43777725280947366,0,0,0,0,0,F
464.15979004,0,2023-02-22T18:07:06Z,0.43777725280947366,0,0,0,0,0,F
541.17059326,0,2023-02-22T18:07:06Z,0.43777725280947366,0,0,0,0,0,F
630.95855713,0,2023-02-22T18:07:06Z,0.43777725280947366,0,0,0,0,0,F
735.64367676,0,2023-02-22T18:07:06Z,0.43777725280947366,0,0,0,0,0,F
857.69757080,0,2023-02-22T18:07:06Z,0.43777725280947366,0,0,0,0,0,F
1000.00195313,0,2023-02-22T18:07:06Z,0.43777725280947366,0,0,0,0,0,F
0.10000020,0,2023-02-22T18:07:07Z,0.5653684737472714,0,0,0,0,0,F
0.11659167,0,2023-02-22T18:07:07Z,0.5653684737472714,0,0,0,0,0,F
0.13593590,0,2023-02-22T18:07:07Z,0.5653684737472714,0,0,0,0,0,F
0.15848963,0,2023-02-22T18:07:07Z,0.5653684737472714,0,0,0,0,0,F
0.18478534,0,2023-02-22T18:07:07Z,0.5653684737472714,0,0,0,0,0,F
0.21544389,0,2023-02-22T18:07:07Z,0.5653684737472714,0,0,0,0,0,F
0.25118914,0,2023-02-22T18:07:07Z,0.5653684737472714,0,0,0,0,0,F
0.29286504,0,2023-02-22T18:07:07Z,0.5653684737472714,0,0,0,0,0,F
0.34145555,0,2023-02-22T18:07:07Z,0.5653684737472714,0,0,0,0,0,F
0.39810795,0,2023-02-22T18:07:07Z,0.5653684737472714,0,0,0,0,0,F
0.46415979,0,2023-02-22T18:07:07Z,0.5653684737472714,0,0,0,0,0,F
0.54117060,0,2023-02-22T18:07:07Z,0.5653684737472714,0,0,0,0,0,F
0.63095856,0,2023-02-22T18:07:07Z,0.5653684737472714,0,0,0,0,0,F
0.73564368,0,2023-02-22T18:07:07Z,0.5653684737472714,0,0,0,0,0,F
0.85769761,0,2023-02-22T18:07:07Z,0.5653684737472714,0,0,0,0,0,F
1.00000191,0,2023-02-22T18:07:07Z,0.5653684737472714,0,0,0,0,0,F
1.16591668,0,2023-02-22T18:07:07Z,0.5653684737472714,0,0,0,0,0,F
1.35935903,0,2023-02-22T18:07:07Z,0.5653684737472714,0,0,0,0,0,F
1.58489633,0,2023-02-22T18:07:07Z,0.5653684737472714,0,0,0,0,0,F
1.84785342,0,2023-02-22T18:07:07Z,0.5653684737472714,0,0,0,0,0,F
2.15443897,0,2023-02-22T18:07:07Z,0.5653684737472714,0,0,0,0,0,F
2.51189137,0,2023-02-22T18:07:07Z,0.5653684737472714,0,0,0,0,0,F
2.92865038,0,2023-02-22T18:07:07Z,0.5653684737472714,0,0,0,0,0,F
3.41455555,0,2023-02-22T18:07:07Z,0.5653684737472714,0,0,0,0,0,F
3.98107958,0,2023-02-22T18:07:07Z,0.5653684737472714,0,0,0,0,0,F
4.64159775,0,2023-02-22T18:07:07Z,0.5653684737472714,0,0,0,0,0,F
5.41170597,0,2023-02-22T18:07:07Z,0.5653684737472714,0,0,0,0,0,F
6.30958605,0,2023-02-22T18:07:07Z,0.5653684737472714,0,0,0,0,0,F
7.35643721,0,2023-02-22T18:07:07Z,0.5653684737472714,0,0,0,0,0,F
8.57697582,0,2023-02-22T18:07:07Z,0.5653684737472714,0,0,0,0,0,F
10.00002003,0,2023-02-22T18:07:07Z,0.5653684737472714,0,0,0,0,0,F
11.65916729,0,2023-02-22T18:07:07Z,0.5653684737472714,0,0,0,0,0,F
13.59359074,0,2023-02-22T18:07:07Z,0.5653684737472714,0,0,0,0,0,F
15.84896278,0,2023-02-22T18:07:07Z,0.5653684737472714,0,0,0,0,0,F
18.47853470,0,2023-02-22T18:07:07Z,0.5653684737472714,0,0,0,0,0,F
21.54438972,0,2023-02-22T18:07:07Z,0.5653684737472714,0,0,0,0,0,F
25.11891365,0,2023-02-22T18:07:07Z,0.5653684737472714,0,0,0,0,0,F
29.28650284,0,2023-02-22T18:07:07Z,0.5653684737472714,0,0,0,0,0,F
34.14555740,0,2023-02-22T18:07:07Z,0.5653684737472714,0,0,0,0,0,F
39.81079483,0,2023-02-22T18:07:07Z,0.5653684737472714,0,0,0,0,0,F
46.41598129,0,2023-02-22T18:07:07Z,0.5653684737472714,0,0,0,0,0,F
54.11705780,0,2023-02-22T18:07:07Z,0.5653684737472714,0,0,0,0,0,F
63.09585953,0,2023-02-22T18:07:07Z,0.5653684737472714,0,0,0,0,0,F
73.56436920,0,2023-02-22T18:07:07Z,0.5653684737472714,0,0,0,0,0,F
85.76976013,0,2023-02-22T18:07:07Z,0.5653684737472714,0,0,0,0,0,F
100.00019836,0,2023-02-22T18:07:07Z,0.5653684737472714,0,0,0,0,0,F
116.59166718,0,2023-02-22T18:07:07Z,0.5653684737472714,0,0,0,0,0,F
135.93591309,0,2023-02-22T18:07:07Z,0.5653684737472714,0,0,0,0,0,F
158.48962402,0,2023-02-22T18:07:07Z,0.5653684737472714,0,0,0,0,0,F
184.78533936,0,2023-02-22T18:07:07Z,0.5653684737472714,0,0,0,0,0,F
215.44389343,0,2023-02-22T18:07:07Z,0.5653684737472714,0,0,0,0,0,F
251.18913269,0,2023-02-22T18:07:07Z,0.5653684737472714,0,0,0,0,0,F
292.86502075,0,2023-02-22T18:07:07Z,0.5653684737472714,0,0,0,0,0,F
341.45556641,0,2023-02-22T18:07:07Z,0.5653684737472714,0,0,0,0,0,F
398.10794067,0,2023-02-22T18:07:07Z,0.5653684737472714,0,0,0,0,0,F
464.15979004,0,2023-02-22T18:07:07Z,0.5653684737472714,0,0,0,0,0,F
541.17059326,0,2023-02-22T18:07:07Z,0.5653684737472714,0,0,0,0,0,F
630.95855713,0,2023-02-22T18:07:07Z,0.5653684737472714,0,0,0,0,0,F
735.64367676,0,2023-02-22T18:07:07Z,0.5653684737472714,0,0,0,0,0,F
857.69757080,0,2023-02-22T18:07:07Z,0.5653684737472714,0,0,0,0,0,F
1000.00195313,0,2023-02-22T18:07:07Z,0.5653684737472714,0,0,0,0,0,F
0.10000020,0,2023-02-22T18:07:08Z,0.39678767799510267,0,0,0,0,0,F
0.11659167,0,2023-02-22T18:07:08Z,0.39678767799510267,0,0,0,0,0,F
0.13593590,0,2023-02-22T18:07:08Z,0.39678767799510267,0,0,0,0,0,F
0.15848963,0,2023-02-22T18:07:08Z,0.39678767799510267,0,0,0,0,0,F
0.18478534,0,2023-02-22T18:07:08Z,0.39678767799510267,0,0,0,0,0,F
0.21544389,0,2023-02-22T18:07:08Z,0.39678767799510267,0,0,0,0,0,F
0.25118914,0,2023-02-22T18:07:08Z,0.39678767799510267,0,0,0,0,0,F
0.29286504,0,2023-02-22T18:07:08Z,0.39678767799510267,0,0,0,0,0,F
0.34145555,0,2023-02-22T18:07:08Z,0.39678767799510267,0,0,0,0,0,F
0.39810795,0,2023-02-22T18:07:08Z,0.39678767799510267,0,0,0,0,0,F
0.46415979,0,2023-02-22T18:07:08Z,0.39678767799510267,0,0,0,0,0,F
0.54117060,0,2023-02-22T18:07:08Z,0.39678767799510267,0,0,0,0,0,F
0.63095856,0,2023-02-22T18:07:08Z,0.39678767799510267,0,0,0,0,0,F
0.73564368,0,2023-02-22T18:07:08Z,0.39678767799510267,0,0,0,0,0,F
0.85769761,0,2023-02-22T18:07:08Z,0.39678767799510267,0,0,0,0,0,F
1.00000191,0,2023-02-22T18:07:08Z,0.39678767799510267,0,0,0,0,0,F
1.16591668,0,2023-02-22T18:07:08Z,0.39678767799510267,0,0,0,0,0,F
1.35935903,0,2023-02-22T18:07:08Z,0.39678767799510267,0,0,0,0,0,F
1.58489633,0,2023-02-22T18:07:08Z,0.39678767799510267,0,0,0,0,0,F
1.84785342,0,2023-02-22T18:07:08Z,0.39678767799510267,0,0,0,0,0,F
2.15443897,0,2023-02-22T18:07:08Z,0.39678767799510267,0,0,0,0,0,F
2.51189137,0,2023-02-22T18:07:08Z,0.39678767799510267,0,0,0,0,0,F
2.92865038,0,2023-02-22T18:07:08Z,0.39678767799510267,0,0,0,0,0,F
3.41455555,0,2023-02-22T18:07:08Z,0.39678767799510267,0,0,0,0,0,F
3.98107958,0,2023-02-22T18:07:08Z,0.39678767799510267,0,0,0,0,0,F
4.64159775,0,2023-02-22T18:07:08Z,0.39678767799510267,0,0,0,0,0,F
5.41170597,0,2023-02-22T18:07:08Z,0.39678767799510267,0,0,0,0,0,F
6.30958605,0,2023-02-22T18:07:08Z,0.39678767799510267,0,0,0,0,0,F
7.35643721,0,2023-02-22T18:07:08Z,0.39678767799510267,0,0,0,0,0,F
8.57697582,0,2023-02-22T18:07:08Z,0.39678767799510267,0,0,0,0,0,F
10.00002003,0,2023-02-22T18:07:08Z,0.39678767799510267,0,0,0,0,0,F
11.65916729,0,2023-02-22T18:07:08Z,0.39678767799510267,0,0,0,0,0,F
13.59359074,0,2023-02-22T18:07:08Z,0.39678767799510267,0,0,0,0,0,F
15.84896278,0,2023-02-22T18:07:08Z,0.39678767799510267,0,0,0,0,0,F
18.47853470,0,2023-02-22T18:07:08Z,0.39678767799510267,0,0,0,0,0,F
21.54438972,0,2023-02-22T18:07:08Z,0.39678767799510267,0,0,0,0,0,F
25.11891365,0,2023-02-22T18:07:08Z,0.39678767799510267,0,0,0,0,0,F
29.28650284,0,2023-02-22T18:07:08Z,0.39678767799510267,0,0,0,0,0,F
34.14555740,0,2023-02-22T18:07:08Z,0.39678767799510267,0,0,0,0,0,F
39.81079483,0,2023-02-22T18:07:08Z,0.39678767799510267,0,0,0,0,0,F
46.41598129,0,2023-02-22T18:07:08Z,0.39678767799510267,0,0,0,0,0,F
54.11705780,0,2023-02-22T18:07:08Z,0.39678767799510267,0,0,0,0,0,F
63.09585953,0,2023-02-22T18:07:08Z,0.39678767799510267,0,0,0,0,0,F
73.56436920,0,2023-02-22T18:07:08Z,0.39678767799510267,0,0,0,0,0,F
85.76976013,0,2023-02-22T18:07:08Z,0.39678767799510267,0,0,0,0,0,F
100.00019836,0,2023-02-22T18:07:08Z,0.39678767799510267,0,0,0,0,0,F
116.59166718,0,2023-02-22T18:07:08Z,0.39678767799510267,0,0,0,0,0,F
135.93591309,0,2023-02-22T18:07:08Z,0.39678767799510267,0,0,0,0,0,F
158.48962402,0,2023-02-22T18:07:08Z,0.39678767799510267,0,0,0,0,0,F
184.78533936,0,2023-02-22T18:07:08Z,0.39678767799510267,0,0,0,0,0,F
215.44389343,0,2023-02-22T18:07:08Z,0.39678767799510267,0,0,0,0,0,F
251.18913269,0,2023-02-22T18:07:08Z,0.39678767799510267,0,0,0,0,0,F
292.86502075,0,2023-02-22T18:07:08Z,0.39678767799510267,0,0,0,0,0,F
341.45556641,0,2023-02-22T18:07:08Z,0.39678767799510267,0,0,0,0,0,F
398.10794067,0,2023-02-22T18:07:08Z,0.39678767799510267,0,0,0,0,0,F
464.15979004,0,2023-02-22T18:07:08Z,0.39678767799510267,0,0,0,0,0,F
541.17059326,0,2023-02-22T18:07:08Z,0.39678767799510267,0,0,0,0,0,F
630.95855713,0,2023-02-22T18:07:08Z,0.39678767799510267,0,0,0,0,0,F
735.64367676,0,2023-02-22T18:07:08Z,0.39678767799510267,0,0,0,0,0,F
857.69757080,0,2023-02-22T18:07:08Z,0.39678767799510267,0,0,0,0,0,F
1000.00195313,0,2023-02-22T18:07:08Z,0.39678767799510267,0,0,0,0,0,F
0.10000020,0,2023-02-22T18:07:09Z,0.28647598624199333,0,0,0,0,0,F
0.11659167,0,2023-02-22T18:07:09Z,0.28647598624199333,0,0,0,0,0,F
0.13593590,0,2023-02-22T18:07:09Z,0.28647598624199333,0,0,0,0,0,F
0.15848963,0,2023-02-22T18:07:09Z,0.28647598624199333,0,0,0,0,0,F
0.18478534,0,2023-02-22T18:07:09Z,0.28647598624199333,0,0,0,0,0,F
0.21544389,0,2023-02-22T18:07:09Z,0.28647598624199333,0,0,0,0,0,F
0.25118914,0,2023-02-22T18:07:09Z,0.28647598624199333,0,0,0,0,0,F
0.29286504,0,2023-02-22T18:07:09Z,0.28647598624199333,0,0,0,0,0,F
0.34145555,0,2023-02-22T18:07:09Z,0.28647598624199333,0,0,0,0,0,F
0.39810795,0,2023-02-22T18:07:09Z,0.28647598624199333,0,0,0,0,0,F
0.46415979,0,2023-02-22T18:07:09Z,0.28647598624199333,0,0,0,0,0,F
0.54117060,0,2023-02-22T18:07:09Z,0.28647598624199333,0,0,0,0,0,F
0.63095856,0,2023-02-22T18:07:09Z,0.28647598624199333,0,0,0,0,0,F
0.73564368,0,2023-02-22T18:07:09Z,0.28647598624199333,0,0,0,0,0,F
0.85769761,0,2023-02-22T18:07:09Z,0.28647598624199333,0,0,0,0,0,F
1.00000191,0,2023-02-22T18:07:09Z,0.28647598624199333,0,0,0,0,0,F
1.16591668,0,2023-02-22T18:07:09Z,0.28647598624199333,0,0,0,0,0,F
1.35935903,0,2023-02-22T18:07:09Z,0.28647598624199333,0,0,0,0,0,F
1.58489633,0,2023-02-22T18:07:09Z,0.28647598624199333,0,0,0,0,0,F
1.84785342,0,2023-02-22T18:07:09Z,0.28647598624199333,0,0,0,0,0,F
2.15443897,0,2023-02-22T18:07:09Z,0.28647598624199333,0,0,0,0,0,F
2.51189137,0,2023-02-22T18:07:09Z,0.28647598624199333,0,0,0,0,0,F
2.92865038,0,2023-02-22T18:07:09Z,0.28647598624199333,0,0,0,0,0,F
3.41455555,0,2023-02-22T18:07:09Z,0.28647598624199333,0,0,0,0,0,F
3.98107958,0,2023-02-22T18:07:09Z,0.28647598624199333,0,0,0,0,0,F
4.64159775,0,2023-02-22T18:07:09Z,0.28647598624199333,0,0,0,0,0,F
5.41170597,0,2023-02-22T18:07:09Z,0.28647598624199333,0,0,0,0,0,F
6.30958605,0,2023-02-22T18:07:09Z,0.28647598624199333,0,0,0,0,0,F
7.35643721,0,2023-02-22T18:07:09Z,0.28647598624199333,0,0,0,0,0,F
8.57697582,0,2023-02-22T18:07:09Z,0.28647598624199333,0,0,0,0,0,F
10.00002003,0,2023-02-22T18:07:09Z,0.28647598624199333,0,0,0,0,0,F
11.65916729,0,2023-02-22T18:07:09Z,0.28647598624199333,0,0,0,0,0,F
13.59359074,0,2023-02-22T18:07:09Z,0.28647598624199333,0,0,0,0,0,F
15.84896278,0,2023-02-22T18:07:09Z,0.28647598624199333,0,0,0,0,0,F
18.47853470,0,2023-02-22T18:07:09Z,0.28647598624199333,0,0,0,0,0,F
21.54438972,0,2023-02-22T18:07:09Z,0.28647598624199333,0,0,0,0,0,F
25.11891365,0,2023-02-22T18:07:09Z,0.28647598624199333,0,0,0,0,0,F
29.28650284,0,2023-02-22T18:07:09Z,0.28647598624199333,0,0,0,0,0,F
34.14555740,0,2023-02-22T18:07:09Z,0.28647598624199333,0,0,0,0,0,F
39.81079483,0,2023-02-22T18:07:09Z,0.28647598624199333,0,0,0,0,0,F
46.41598129,0,2023-02-22T18:07:09Z,0.28647598624199333,0,0,0,0,0,F
54.11705780,0,2023-02-22T18:07:09Z,0.28647598624199333,0,0,0,0,0,F
63.09585953,0,2023-02-22T18:07:09Z,0.28647598624199333,0,0,0,0,0,F
73.56436920,0,2023-02-22T18:07:09Z,0.28647598624199333,0,0,0,0,0,F
85.76976013,0,2023-02-22T18:07:09Z,0.28647598624199333,0,0,0,0,0,F
100.00019836,0,2023-02-22T18:07:09Z,0.28647598624199333,0,0,0,0,0,F
116.59166718,0,2023-02-22T18:07:09Z,0.28647598624199333,0,0,0,0,0,F
135.93591309,0,2023-02-22T18:07:09Z,0.28647598624199333,0,0,0,0,0,F
158.48962402,0,2023-02-22T18:07:09Z,0.28647598624199333,0,0,0,0,0,F
184.78533936,0,2023-02-22T18:07:09Z,0.28647598624199333,0,0,0,0,0,F
215.44389343,0,2023-02-22T18:07:09Z,0.28647598624199333,0,0,0,0,0,F
251.18913269,0,2023-02-22T18:07:09Z,0.28647598624199333,0,0,0,0,0,F
292.86502075,0,2023-02-22T18:07:09Z,0.28647598624199333,0,0,0,0,0,F
341.45556641,0,2023-02-22T18:07:09Z,0.28647598624199333,0,0,0,0,0,F
398.10794067,0,2023-02-22T18:07:09Z,0.28647598624199333,0,0,0,0,0,F
464.15979004,0,2023-02-22T18:07:09Z,0.28647598624199333,0,0,0,0,0,F
541.17059326,0,2023-02-22T18:07:09Z,0.28647598624199333,0,0,0,0,0,F
630.95855713,0,2023-02-22T18:07:09Z,0.28647598624199333,0,0,0,0,0,F
735.64367676,0,2023-02-22T18:07:09Z,0.28647598624199333,0,0,0,0,0,F
857.69757080,0,2023-02-22T18:07:09Z,0.28647598624199333,0,0,0,0,0,F
1000.00195313,0,2023-02-22T18:07:09Z,0.28647598624199333,0,0,0,0,0,F
0.10000020,0,2023-02-22T18:07:10Z,0.22573836386844273,0,0,0,0,0,F
0.11659167,0,2023-02-22T18:07:10Z,0.22573836386844273,0,0,0,0,0,F
0.13593590,0,2023-02-22T18:07:10Z,0.22573836386844273,0,0,0,0,0,F
0.15848963,0,2023-02-22T18:07:10Z,0.22573836386844273,0,0,0,0,0,F
0.18478534,0,2023-02-22T18:07:10Z,0.22573836386844273,0,0,0,0,0,F
0.21544389,0,2023-02-22T18:07:10Z,0.22573836386844273,0,0,0,0,0,F
0.25118914,0,2023-02-22T18:07:10Z,0.22573836386844273,0,0,0,0,0,F
0.29286504,0,2023-02-22T18:07:10Z,0.22573836386844273,0,0,0,0,0,F
0.34145555,0,2023-02-22T18:07:10Z,0.22573836386844273,0,0,0,0,0,F
0.39810795,0,2023-02-22T18:07:10Z,0.22573836386844273,0,0,0,0,0,F
0.46415979,0,2023-02-22T18:07:10Z,0.22573836386844273,0,0,0,0,0,F
0.54117060,0,2023-02-22T18:07:10Z,0.22573836386844273,0,0,0,0,0,F
0.63095856,0,2023-02-22T18:07:10Z,0.22573836386844273,0,0,0,0,0,F
0.73564368,0,2023-02-22T18:07:10Z,0.22573836386844273,0,0,0,0,0,F
0.85769761,0,2023-02-22T18:07:10Z,0.22573836386844273,0,0,0,0,0,F
1.00000191,0,2023-02-22T18:07:10Z,0.22573836386844273,0,0,0,0,0,F
1.16591668,0,2023-02-22T18:07:10Z,0.22573836386844273,0,0,0,0,0,F
1.35935903,0,2023-02-22T18:07:10Z,0.22573836386844273,0,0,0,0,0,F
1.58489633,0,2023-02-22T18:07:10Z,0.22573836386844273,0,0,0,0,0,F
1.84785342,0,2023-02-22T18:07:10Z,0.22573836386844273,0,0,0,0,0,F
2.15443897,0,2023-02-22T18:07:10Z,0.22573836386844273,0,0,0,0,0,F
2.51189137,0,2023-02-22T18:07:10Z,0.22573836386844273,0,0,0,0,0,F
2.92865038,0,2023-02-22T18:07:10Z,0.22573836386844273,0,0,0,0,0,F
3.41455555,0,2023-02-22T18:07:10Z,0.22573836386844273,0,0,0,0,0,F
3.98107958,0,2023-02-22T18:07:10Z,0.22573836386844273,0,0,0,0,0,F
4.64159775,0,2023-02-22T18:07:10Z,0.22573836386844273,0,0,0,0,0,F
5.41170597,0,2023-02-22T18:07:10Z,0.22573836386844273,0,0,0,0,0,F
6.30958605,0,2023-02-22T18:07:10Z,0.22573836386844273,0,0,0,0,0,F
7.35643721,0,2023-02-22T18:07:10Z,0.22573836386844273,0,0,0,0,0,F
8.57697582,0,2023-02-22T18:07:10Z,0.22573836386844273,0,0,0,0,0,F
10.00002003,0,2023-02-22T18:07:10Z,0.22573836386844273,0,0,0,0,0,F
11.65916729,0,2023-02-22T18:07:10Z,0.22573836386844273,0,0,0,0,0,F
13.59359074,0,2023-02-22T18:07:10Z,0.22573836386844273,0,0,0,0,0,F
15.84896278,0,2023-02-22T18:07:10Z,0.22573836386844273,0,0,0,0,0,F
18.47853470,0,2023-02-22T18:07:10Z,0.22573836386844273,0,0,0,0,0,F
21.54438972,0,2023-02-22T18:07:10Z,0.22573836386844273,0,0,0,0,0,F
25.11891365,0,2023-02-22T18:07:10Z,0.22573836386844273,0,0,0,0,0,F
29.28650284,0,2023-02-22T18:07:10Z,0.22573836386844273,0,0,0,0,0,F
34.14555740,0,2023-02-22T18:07:10Z,0.22573836386844273,0,0,0,0,0,F
39.81079483,0,2023-02-22T18:07:10Z,0.22573836386844273,0,0,0,0,0,F
46.41598129,0,2023-02-22T18:07:10Z,0.22573836386844273,0,0,0,0,0,F
54.11705780,0,2023-02-22T18:07:10Z,0.22573836386844273,0,0,0,0,0,F
63.09585953,0,2023-02-22T18:07:10Z,0.22573836386844273,0,0,0,0,0,F
73.56436920,0,2023-02-22T18:07:10Z,0.22573836386844273,0,0,0,0,0,F
85.76976013,0,2023-02-22T18:07:10Z,0.22573836386844273,0,0,0,0,0,F
100.00019836,0,2023-02-22T18:07:10Z,0.22573836386844273,0,0,0,0,0,F
116.59166718,0,2023-02-22T18:07:10Z,0.22573836386844273,0,0,0,0,0,F
135.93591309,0,2023-02-22T18:07:10Z,0.22573836386844273,0,0,0,0,0,F
158.48962402,0,2023-02-22T18:07:10Z,0.22573836386844273,0,0,0,0,0,F
184.78533936,0,2023-02-22T18:07:10Z,0.22573836386844273,0,0,0,0,0,F
215.44389343,0,2023-02-22T18:07:10Z,0.22573836386844273,0,0,0,0,0,F
251.18913269,0,2023-02-22T18:07:10Z,0.22573836386844273,0,0,0,0,0,F
292.86502075,0,2023-02-22T18:07:10Z,0.22573836386844273,0,0,0,0,0,F
341.45556641,0,2023-02-22T18:07:10Z,0.22573836386844273,0,0,0,0,0,F
398.10794067,0,2023-02-22T18:07:10Z,0.22573836386844273,0,0,0,0,0,F
464.15979004,0,2023-02-22T18:07:10Z,0.22573836386844273,0,0,0,0,0,F
541.17059326,0,2023-02-22T18:07:10Z,0.22573836386844273,0,0,0,0,0,F
630.95855713,0,2023-02-22T18:07:10Z,0.22573836386844273,0,0,0,0,0,F
735.64367676,0,2023-02-22T18:07:10Z,0.22573836386844273,0,0,0,0,0,F
857.69757080,0,2023-02-22T18:07:10Z,0.22573836386844273,0,0,0,0,0,F
1000.00195313,0,2023-02-22T18:07:10Z,0.22573836386844273,0,0,0,0,0,F
0.10000020,0,2023-02-22T18:07:11Z,0.2723399237506704,0,0,0,0,0,F
0.11659167,0,2023-02-22T18:07:11Z,0.2723399237506704,0,0,0,0,0,F
0.13593590,0,2023-02-22T18:07:11Z,0.2723399237506704,0,0,0,0,0,F
0.15848963,0,2023-02-22T18:07:11Z,0.2723399237506704,0,0,0,0,0,F
0.18478534,0,2023-02-22T18:07:11Z,0.2723399237506704,0,0,0,0,0,F
0.21544389,0,2023-02-22T18:07:11Z,0.2723399237506704,0,0,0,0,0,F
0.25118914,0,2023-02-22T18:07:11Z,0.2723399237506704,0,0,0,0,0,F
0.29286504,0,2023-02-22T18:07:11Z,0.2723399237506704,0,0,0,0,0,F
0.34145555,0,2023-02-22T18:07:11Z,0.2723399237506704,0,0,0,0,0,F
0.39810795,0,2023-02-22T18:07:11Z,0.2723399237506704,0,0,0,0,0,F
0.46415979,0,2023-02-22T18:07:11Z,0.2723399237506704,0,0,0,0,0,F
0.54117060,0,2023-02-22T18:07:11Z,0.2723399237506704,0,0,0,0,0,F
0.63095856,0,2023-02-22T18:07:11Z,0.2723399237506704,0,0,0,0,0,F
0.73564368,0,2023-02-22T18:07:11Z,0.2723399237506704,0,0,0,0,0,F
0.85769761,0,2023-02-22T18:07:11Z,0.2723399237506704,0,0,0,0,0,F
1.00000191,0,2023-02-22T18:07:11Z,0.2723399237506704,0,0,0,0,0,F
1.16591668,0,2023-02-22T18:07:11Z,0.2723399237506704,0,0,0,0,0,F
1.35935903,0,2023-02-22T18:07:11Z,0.2723399237506704,0,0,0,0,0,F
1.58489633,0,2023-02-22T18:07:11Z,0.2723399237506704,0,0,0,0,0,F
1.84785342,0,2023-02-22T18:07:11Z,0.2723399237506704,0,0,0,0,0,F
2.15443897,0,2023-02-22T18:07:11Z,0.2723399237506704,0,0,0,0,0,F
2.51189137,0,2023-02-22T18:07:11Z,0.2723399237506704,0,0,0,0,0,F
2.92865038,0,2023-02-22T18:07:11Z,0.2723399237506704,0,0,0,0,0,F
3.41455555,0,2023-02-22T18:07:11Z,0.2723399237506704,0,0,0,0,0,F
3.98107958,0,2023-02-22T18:07:11Z,0.2723399237506704,0,0,0,0,0,F
4.64159775,0,2023-02-22T18:07:11Z,0.2723399237506704,0,0,0,0,0,F
5.41170597,0,2023-02-22T18:07:11Z,0.2723399237506704,0,0,0,0,0,F
6.30958605,0,2023-02-22T18:07:11Z,0.2723399237506704,0,0,0,0,0,F
7.35643721,0,2023-02-22T18:07:11Z,0.2723399237506704,0,0,0,0,0,F
8.57697582,0,2023-02-22T18:07:11Z,0.2723399237506704,0,0,0,0,0,F
10.00002003,0,2023-02-22T18:07:11Z,0.2723399237506704,0,0,0,0,0,F
11.65916729,0,2023-02-22T18:07:11Z,0.2723399237506704,0,0,0,0,0,F
13.59359074,0,2023-02-22T18:07:11Z,0.2723399237506704,0,0,0,0,0,F
15.84896278,0,2023-02-22T18:07:11Z,0.2723399237506704,0,0,0,0,0,F
18.47853470,0,2023-02-22T18:07:11Z,0.2723399237506704,0,0,0,0,0,F
21.54438972,0,2023-02-22T18:07:11Z,0.2723399237506704,0,0,0,0,0,F
25.11891365,0,2023-02-22T18:07:11Z,0.2723399237506704,0,0,0,0,0,F
29.28650284,0,2023-02-22T18:07:11Z,0.2723399237506704,0,0,0,0,0,F
34.14555740,0,2023-02-22T18:07:11Z,0.2723399237506704,0,0,0,0,0,F
39.81079483,0,2023-02-22T18:07:11Z,0.2723399237506704,0,0,0,0,0,F
46.41598129,0,2023-02-22T18:07:11Z,0.2723399237506704,0,0,0,0,0,F
54.11705780,0,2023-02-22T18:07:11Z,0.2723399237506704,0,0,0,0,0,F
63.09585953,0,2023-02-22T18:07:11Z,0.2723399237506704,0,0,0,0,0,F
73.56436920,0,2023-02-22T18:07:11Z,0.2723399237506704,0,0,0,0,0,F
85.76976013,0,2023-02-22T18:07:11Z,0.2723399237506704,0,0,0,0,0,F
100.00019836,0,2023-02-22T18:07:11Z,0.2723399237506704,0,0,0,0,0,F
116.59166718,0,2023-02-22T18:07:11Z,0.2723399237506704,0,0,0,0,0,F
135.93591309,0,2023-02-22T18:07:11Z,0.2723399237506704,0,0,0,0,0,F
158.48962402,0,2023-02-22T18:07:11Z,0.2723399237506704,0,0,0,0,0,F
184.78533936,0,2023-02-22T18:07:11Z,0.2723399237506704,0,0,0,0,0,F
215.44389343,0,2023-02-22T18:07:11Z,0.2723399237506704,0,0,0,0,0,F
251.18913269,0,2023-02-22T18:07:11Z,0.2723399237506704,0,0,0,0,0,F
292.86502075,0,2023-02-22T18:07:11Z,0.2723399237506704,0,0,0,0,0,F
341.45556641,0,2023-02-22T18:07:11Z,0.2723399237506704,0,0,0,0,0,F
398.10794067,0,2023-02-22T18:07:11Z,0.2723399237506704,0,0,0,0,0,F
464.15979004,0,2023-02-22T18:07:11Z,0.2723399237506704,0,0,0,0,0,F
541.17059326,0,2023-02-22T18:07:11Z,0.2723399237506704,0,0,0,0,0,F
630.95855713,0,2023-02-22T18:07:11Z,0.2723399237506704,0,0,0,0,0,F
735.64367676,0,2023-02-22T18:07:11Z,0.2723399237506704,0,0,0,0,0,F
857.69757080,0,2023-02-22T18:07:11Z,0.2723399237506704,0,0,0,0,0,F
1000.00195313,0,2023-02-22T18:07:11Z,0.2723399237506704,0,0,0,0,0,F
0.10000020,0,2023-02-22T18:07:12Z,0.17639920913166393,0,0,0,0,0,F
0.11659167,0,2023-02-22T18:07:12Z,0.17639920913166393,0,0,0,0,0,F
0.13593590,0,2023-02-22T18:07:12Z,0.17639920913166393,0,0,0,0,0,F
0.15848963,0,2023-02-22T18:07:12Z,0.17639920913166393,0,0,0,0,0,F
0.18478534,0,2023-02-22T18:07:12Z,0.17639920913166393,0,0,0,0,0,F
0.21544389,0,2023-02-22T18:07:12Z,0.17639920913166393,0,0,0,0,0,F
0.25118914,0,2023-02-22T18:07:12Z,0.17639920913166393,0,0,0,0,0,F
0.29286504,0,2023-02-22T18:07:12Z,0.17639920913166393,0,0,0,0,0,F
0.34145555,0,2023-02-22T18:07:12Z,0.17639920913166393,0,0,0,0,0,F
0.39810795,0,2023-02-22T18:07:12Z,0.17639920913166393,0,0,0,0,0,F
0.46415979,0,2023-02-22T18:07:12Z,0.17639920913166393,0,0,0,0,0,F
0.54117060,0,2023-02-22T18:07:12Z,0.17639920913166393,0,0,0,0,0,F
0.63095856,0,2023-02-22T18:07:12Z,0.17639920913166393,0,0,0,0,0,F
0.73564368,0,2023-02-22T18:07:12Z,0.17639920913166393,0,0,0,0,0,F
0.85769761,0,2023-02-22T18:07:12Z,0.17639920913166393,0,0,0,0,0,F
1.00000191,0,2023-02-22T18:07:12Z,0.17639920913166393,0,0,0,0,0,F
1.16591668,0,2023-02-22T18:07:12Z,0.17639920913166393,0,0,0,0,0,F
1.35935903,0,2023-02-22T18:07:12Z,0.17639920913166393,0,0,0,0,0,F
1.58489633,0,2023-02-22T18:07:12Z,0.17639920913166393,0,0,0,0,0,F
1.84785342,0,2023-02-22T18:07:12Z,0.17639920913166393,0,0,0,0,0,F
2.15443897,0,2023-02-22T18:07:12Z,0.17639920913166393,0,0,0,0,0,F
2.51189137,0,2023-02-22T18:07:12Z,0.17639920913166393,0,0,0,0,0,F
2.92865038,0,2023-02-22T18:07:12Z,0.17639920913166393,0,0,0,0,0,F
3.41455555,0,2023-02-22T18:07:12Z,0.17639920913166393,0,0,0,0,0,F
3.98107958,0,2023-02-22T18:07:12Z,0.17639920913166393,0,0,0,0,0,F
4.64159775,0,2023-02-22T18:07:12Z,0.17639920913166393,0,0,0,0,0,F
5.41170597,0,2023-02-22T18:07:12Z,0.17639920913166393,0,0,0,0,0,F
6.30958605,0,2023-02-22T18:07:12Z,0.17639920913166393,0,0,0,0,0,F
7.35643721,0,2023-02-22T18:07:12Z,0.17639920913166393,0,0,0,0,0,F
8.57697582,0,2023-02-22T18:07:12Z,0.17639920913166393,0,0,0,0,0,F
10.00002003,0,2023-02-22T18:07:12Z,0.17639920913166393,0,0,0,0,0,F
11.65916729,0,2023-02-22T18:07:12Z,0.17639920913166393,0,0,0,0,0,F
13.59359074,0,2023-02-22T18:07:12Z,0.17639920913166393,0,0,0,0,0,F
15.84896278,0,2023-02-22T18:07:12Z,0.17639920913166393,0,0,0,0,0,F
18.47853470,0,2023-02-22T18:07:12Z,0.17639920913166393,0,0,0,0,0,F
21.54438972,0,2023-02-22T18:07:12Z,0.17639920913166393,0,0,0,0,0,F
25.11891365,0,2023-02-22T18:07:12Z,0.17639920913166393,0,0,0,0,0,F
29.28650284,0,2023-02-22T18:07:12Z,0.17639920913166393,0,0,0,0,0,F
34.14555740,0,2023-02-22T18:07:12Z,0.17639920913166393,0,0,0,0,0,F
39.81079483,0,2023-02-22T18:07:12Z,0.17639920913166393,0,0,0,0,0,F
46.41598129,0,2023-02-22T18:07:12Z,0.17639920913166393,0,0,0,0,0,F
54.11705780,0,2023-02-22T18:07:12Z,0.17639920913166393,0,0,0,0,0,F
63.09585953,0,2023-02-22T18:07:12Z,0.17639920913166393,0,0,0,0,0,F
73.56436920,0,2023-02-22T18:07:12Z,0.17639920913166393,0,0,0,0,0,F
85.76976013,0,2023-02-22T18:07:12Z,0.17639920913166393,0,0,0,0,0,F
100.00019836,0,2023-02-22T18:07:12Z,0.17639920913166393,0,0,0,0,0,F
116.59166718,0,2023-02-22T18:07:12Z,0.17639920913166393,0,0,0,0,0,F
135.93591309,0,2023-02-22T18:07:12Z,0.17639920913166393,0,0,0,0,0,F
158.48962402,0,2023-02-22T18:07:12Z,0.17639920913166393,0,0,0,0,0,F
184.78533936,0,2023-02-22T18:07:12Z,0.17639920913166393,0,0,0,0,0,F
215.44389343,0,2023-02-22T18:07:12Z,0.17639920913166393,0,0,0,0,0,F
251.18913269,0,2023-02-22T18:07:12Z,0.17639920913166393,0,0,0,0,0,F
292.86502075,0,2023-02-22T18:07:12Z,0.17639920913166393,0,0,0,0,0,F
341.45556641,0,2023-02-22T18:07:12Z,0.17639920913166393,0,0,0,0,0,F
398.10794067,0,2023-02-22T18:07:12Z,0.17639920913166393,0,0,0,0,0,F
464.15979004,0,2023-02-22T18:07:12Z,0.17639920913166393,0,0,0,0,0,F
541.17059326,0,2023-02-22T18:07:12Z,0.17639920913166393,0,0,0,0,0,F
630.95855713,0,2023-02-22T18:07:12Z,0.17639920913166393,0,0,0,0,0,F
735.64367676,0,2023-02-22T18:07:12Z,0.17639920913166393,0,0,0,0,0,F
857.69757080,0,2023-02-22T18:07:12Z,0.17639920913166393,0,0,0,0,0,F
1000.00195313,0,2023-02-22T18:07:12Z,0.17639920913166393,0,0,0,0,0,F
0.10000020,0,2023-02-22T18:07:13Z,0.3713724882237667,0,0,0,0,0,F
0.11659167,0,2023-02-22T18:07:13Z,0.3713724882237667,0,0,0,0,0,F
0.13593590,0,2023-02-22T18:07:13Z,0.3713724882237667,0,0,0,0,0,F
0.15848963,0,2023-02-22T18:07:13Z,0.3713724882237667,0,0,0,0,0,F
0.18478534,0,2023-02-22T18:07:13Z,0.3713724882237667,0,0,0,0,0,F
0.21544389,0,2023-02-22T18:07:13Z,0.3713724882237667,0,0,0,0,0,F
0.25118914,0,2023-02-22T18:07:13Z,0.3713724882237667,0,0,0,0,0,F
0.29286504,0,2023-02-22T18:07:13Z,0.3713724882237667,0,0,0,0,0,F
0.34145555,0,2023-02-22T18:07:13Z,0.3713724882237667,0,0,0,0,0,F
0.39810795,0,2023-02-22T18:07:13Z,0.3713724882237667,0,0,0,0,0,F
0.46415979,0,2023-02-22T18:07:13Z,0.3713724882237667,0,0,0,0,0,F
0.54117060,0,2023-02-22T18:07:13Z,0.3713724882237667,0,0,0,0,0,F
0.63095856,0,2023-02-22T18:07:13Z,0.3713724882237667,0,0,0,0,0,F
0.73564368,0,2023-02-22T18:07:13Z,0.3713724882237667,0,0,0,0,0,F
0.85769761,0,2023-02-22T18:07:13Z,0.3713724882237667,0,0,0,0,0,F
1.00000191,0,2023-02-22T18:07:13Z,0.3713724882237667,0,0,0,0,0,F
1.16591668,0,2023-02-22T18:07:13Z,0.3713724882237667,0,0,0,0,0,F
1.35935903,0,2023-02-22T18:07:13Z,0.3713724882237667,0,0,0,0,0,F
1.58489633,0,2023-02-22T18:07:13Z,0.3713724882237667,0,0,0,0,0,F
1.84785342,0,2023-02-22T18:07:13Z,0.3713724882237667,0,0,0,0,0,F
2.15443897,0,2023-02-22T18:07:13Z,0.3713724882237667,0,0,0,0,0,F
2.51189137,0,2023-02-22T18:07:13Z,0.3713724882237667,0,0,0,0,0,F
2.92865038,0,2023-02-22T18:07:13Z,0.3713724882237667,0,0,0,0,0,F
3.41455555,0,2023-02-22T18:07:13Z,0.3713724882237667,0,0,0,0,0,F
3.98107958,0,2023-02-22T18:07:13Z,0.3713724882237667,0,0,0,0,0,F
4.64159775,0,2023-02-22T18:07:13Z,0.3713724882237667,0,0,0,0,0,F
5.41170597,0,2023-02-22T18:07:13Z,0.3713724882237667,0,0,0,0,0,F
6.30958605,0,2023-02-22T18:07:13Z,0.3713724882237667,0,0,0,0,0,F
7.35643721,0,2023-02-22T18:07:13Z,0.3713724882237667,0,0,0,0,0,F
8.57697582,0,2023-02-22T18:07:13Z,0.3713724882237667,0,0,0,0,0,F
10.00002003,0,2023-02-22T18:07:13Z,0.3713724882237667,0,0,0,0,0,F
11.65916729,0,2023-02-22T18:07:13Z,0.3713724882237667,0,0,0,0,0,F
13.59359074,0,2023-02-22T18:07:13Z,0.3713724882237667,0,0,0,0,0,F
15.84896278,0,2023-02-22T18:07:13Z,0.3713724882237667,0,0,0,0,0,F
18.47853470,0,2023-02-22T18:07:13Z,0.3713724882237667,0,0,0,0,0,F
21.54438972,0,2023-02-22T18:07:13Z,0.3713724882237667,0,0,0,0,0,F
25.11891365,0,2023-02-22T18:07:13Z,0.3713724882237667,0,0,0,0,0,F
29.28650284,0,2023-02-22T18:07:13Z,0.3713724882237667,0,0,0,0,0,F
34.14555740,0,2023-02-22T18:07:13Z,0.3713724882237667,0,0,0,0,0,F
39.81079483,0,2023-02-22T18:07:13Z,0.3713724882237667,0,0,0,0,0,F
46.41598129,0,2023-02-22T18:07:13Z,0.3713724882237667,0,0,0,0,0,F
54.11705780,0,2023-02-22T18:07:13Z,0.3713724882237667,0,0,0,0,0,F
63.09585953,0,2023-02-22T18:07:13Z,0.3713724882237667,0,0,0,0,0,F
73.56436920,0,2023-02-22T18:07:13Z,0.3713724882237667,0,0,0,0,0,F
85.76976013,0,2023-02-22T18:07:13Z,0.3713724882237667,0,0,0,0,0,F
100.00019836,0,2023-02-22T18:07:13Z,0.3713724882237667,0,0,0,0,0,F
116.59166718,0,2023-02-22T18:07:13Z,0.3713724882237667,0,0,0,0,0,F
135.93591309,0,2023-02-22T18:07:13Z,0.3713724882237667,0,0,0,0,0,F
158.48962402,0,2023-02-22T18:07:13Z,0.3713724882237667,0,0,0,0,0,F
184.78533936,0,2023-02-22T18:07:13Z,0.3713724882237667,0,0,0,0,0,F
215.44389343,0,2023-02-22T18:07:13Z,0.3713724882237667,0,0,0,0,0,F
251.18913269,0,2023-02-22T18:07:13Z,0.3713724882237667,0,0,0,0,0,F
292.86502075,0,2023-02-22T18:07:13Z,0.3713724882237667,0,0,0,0,0,F
341.45556641,0,2023-02-22T18:07:13Z,0.3713724882237667,0,0,0,0,0,F
398.10794067,0,2023-02-22T18:07:13Z,0.3713724882237667,0,0,0,0,0,F
464.15979004,0,2023-02-22T18:07:13Z,0.3713724882237667,0,0,0,0,0,F
541.17059326,0,2023-02-22T18:07:13Z,0.3713724882237667,0,0,0,0,0,F
630.95855713,0,2023-02-22T18:07:13Z,0.3713724882237667,0,0,0,0,0,F
735.64367676,0,2023-02-22T18:07:13Z,0.3713724882237667,0,0,0,0,0,F
857.69757080,0,2023-02-22T18:07:13Z,0.3713724882237667,0,0,0,0,0,F
1000.00195313,0,2023-02-22T18:07:13Z,0.3713724882237667,0,0,0,0,0,F
0.10000020,0,2023-02-22T18:07:14Z,1.5643674665029723,0,0,0,0,0,F
0.11659167,0,2023-02-22T18:07:14Z,1.5643674665029723,0,0,0,0,0,F
0.13593590,0,2023-02-22T18:07:14Z,1.5643674665029723,0,0,0,0,0,F
0.15848963,0,2023-02-22T18:07:14Z,1.5643674665029723,0,0,0,0,0,F
0.18478534,0,2023-02-22T18:07:14Z,1.5643674665029723,0,0,0,0,0,F
0.21544389,0,2023-02-22T18:07:14Z,1.5643674665029723,0,0,0,0,0,F
0.25118914,0,2023-02-22T18:07:14Z,1.5643674665029723,0,0,0,0,0,F
0.29286504,0,2023-02-22T18:07:14Z,1.5643674665029723,0,0,0,0,0,F
0.34145555,0,2023-02-22T18:07:14Z,1.5643674665029723,0,0,0,0,0,F
0.39810795,0,2023-02-22T18:07:14Z,1.5643674665029723,0,0,0,0,0,F
0.46415979,0,2023-02-22T18:07:14Z,1.5643674665029723,0,0,0,0,0,F
0.54117060,0,2023-02-22T18:07:14Z,1.5643674665029723,0,0,0,0,0,F
0.63095856,0,2023-02-22T18:07:14Z,1.5643674665029723,0,0,0,0,0,F
0.73564368,0,2023-02-22T18:07:14Z,1.5643674665029723,0,0,0,0,0,F
0.85769761,0,2023-02-22T18:07:14Z,1.5643674665029723,0,0,0,0,0,F
1.00000191,0,2023-02-22T18:07:14Z,1.5643674665029723,0,0,0,0,0,F
1.16591668,0,2023-02-22T18:07:14Z,1.5643674665029723,0,0,0,0,0,F
1.35935903,0,2023-02-22T18:07:14Z,1.5643674665029723,0,0,0,0,0,F
1.58489633,0,2023-02-22T18:07:14Z,1.5643674665029723,0,0,0,0,0,F
1.84785342,0,2023-02-22T18:07:14Z,1.5643674665029723,0,0,0,0,0,F
2.15443897,0,2023-02-22T18:07:14Z,1.5643674665029723,0,0,0,0,0,F
2.51189137,0,2023-02-22T18:07:14Z,1.5643674665029723,0,0,0,0,0,F
2.92865038,0,2023-02-22T18:07:14Z,1.5643674665029723,0,0,0,0,0,F
3.41455555,0,2023-02-22T18:07:14Z,1.5643674665029723,0,0,0,0,0,F
3.98107958,0,2023-02-22T18:07:14Z,1.5643674665029723,0,0,0,0,0,F
4.64159775,0,2023-02-22T18:07:14Z,1.5643674665029723,0,0,0,0,0,F
5.41170597,0,2023-02-22T18:07:14Z,1.5643674665029723,0,0,0,0,0,F
6.30958605,0,2023-02-22T18:07:14Z,1.5643674665029723,0,0,0,0,0,F
7.35643721,0,2023-02-22T18:07:14Z,1.5643674665029723,0,0,0,0,0,F
8.57697582,0,2023-02-22T18:07:14Z,1.5643674665029723,0,0,0,0,0,F
10.00002003,0,2023-02-22T18:07:14Z,1.5643674665029723,0,0,0,0,0,F
11.65916729,0,2023-02-22T18:07:14Z,1.5643674665029723,0,0,0,0,0,F
13.59359074,0,2023-02-22T18:07:14Z,1.5643674665029723,0,0,0,0,0,F
15.84896278,0,2023-02-22T18:07:14Z,1.5643674665029723,0,0,0,0,0,F
18.47853470,0,2023-02-22T18:07:14Z,1.5643674665029723,0,0,0,0,0,F
21.54438972,0,2023-02-22T18:07:14Z,1.5643674665029723,0,0,0,0,0,F
25.11891365,0,2023-02-22T18:07:14Z,1.5643674665029723,0,0,0,0,0,F
29.28650284,0,2023-02-22T18:07:14Z,1.5643674665029723,0,0,0,0,0,F
34.14555740,0,2023-02-22T18:07:14Z,1.5643674665029723,0,0,0,0,0,F
39.81079483,0,2023-02-22T18:07:14Z,1.5643674665029723,0,0,0,0,0,F
46.41598129,0,2023-02-22T18:07:14Z,1.5643674665029723,0,0,0,0,0,F
54.11705780,0,2023-02-22T18:07:14Z,1.5643674665029723,0,0,0,0,0,F
63.09585953,0,2023-02-22T18:07:14Z,1.5643674665029723,0,0,0,0,0,F
73.56436920,0,2023-02-22T18:07:14Z,1.5643674665029723,0,0,0,0,0,F
85.76976013,0,2023-02-22T18:07:14Z,1.5643674665029723,0,0,0,0,0,F
100.00019836,0,2023-02-22T18:07:14Z,1.5643674665029723,0,0,0,0,0,F
116.59166718,0,2023-02-22T18:07:14Z,1.5643674665029723,0,0,0,0,0,F
135.93591309,0,2023-02-22T18:07:14Z,1.5643674665029723,0,0,0,0,0,F
158.48962402,0,2023-02-22T18:07:14Z,1.5643674665029723,0,0,0,0,0,F
184.78533936,0,2023-02-22T18:07:14Z,1.5643674665029723,0,0,0,0,0,F
215.44389343,0,2023-02-22T18:07:14Z,1.5643674665029723,0,0,0,0,0,F
251.18913269,0,2023-02-22T18:07:14Z,1.5643674665029723,0,0,0,0,0,F
292.86502075,0,2023-02-22T18:07:14Z,1.5643674665029723,0,0,0,0,0,F
341.45556641,0,2023-02-22T18:07:14Z,1.5643674665029723,0,0,0,0,0,F
398.10794067,0,2023-02-22T18:07:14Z,1.5643674665029723,0,0,0,0,0,F
464.15979004,0,2023-02-22T18:07:14Z,1.5643674665029723,0,0,0,0,0,F
541.17059326,0,2023-02-22T18:07:14Z,1.5643674665029723,0,0,0,0,0,F
630.95855713,0,2023-02-22T18:07:14Z,1.5643674665029723,0,0,0,0,0,F
735.64367676,0,2023-02-22T18:07:14Z,1.5643674665029723,0,0,0,0,0,F
857.69757080,0,2023-02-22T18:07:14Z,1.5643674665029723,0,0,0,0,0,F
1000.00195313,0,2023-02-22T18:07:14Z,1.5643674665029723,0,0,0,0,0,F
0.10000020,0,2023-02-22T18:07:15Z,2.72322028870015,0,0,0,0,0,F
0.11659167,0,2023-02-22T18:07:15Z,2.72322028870015,0,0,0,0,0,F
0.13593590,0,2023-02-22T18:07:15Z,2.72322028870015,0,0,0,0,0,F
0.15848963,0,2023-02-22T18:07:15Z,2.72322028870015,0,0,0,0,0,F
0.18478534,0,2023-02-22T18:07:15Z,2.72322028870015,0,0,0,0,0,F
0.21544389,0,2023-02-22T18:07:15Z,2.72322028870015,0,0,0,0,0,F
0.25118914,0,2023-02-22T18:07:15Z,2.72322028870015,0,0,0,0,0,F
0.29286504,0,2023-02-22T18:07:15Z,2.72322028870015,0,0,0,0,0,F
0.34145555,0,2023-02-22T18:07:15Z,2.72322028870015,0,0,0,0,0,F
0.39810795,0,2023-02-22T18:07:15Z,2.72322028870015,0,0,0,0,0,F
0.46415979,0,2023-02-22T18:07:15Z,2.72322028870015,0,0,0,0,0,F
0.54117060,0,2023-02-22T18:07:15Z,2.72322028870015,0,0,0,0,0,F
0.63095856,0,2023-02-22T18:07:15Z,2.72322028870015,0,0,0,0,0,F
0.73564368,0,2023-02-22T18:07:15Z,2.72322028870015,0,0,0,0,0,F
0.85769761,0,2023-02-22T18:07:15Z,2.72322028870015,0,0,0,0,0,F
1.00000191,0,2023-02-22T18:07:15Z,2.72322028870015,0,0,0,0,0,F
1.16591668,0,2023-02-22T18:07:15Z,2.72322028870015,0,0,0,0,0,F
1.35935903,0,2023-02-22T18:07:15Z,2.72322028870015,0,0,0,0,0,F
1.58489633,0,2023-02-22T18:07:15Z,2.72322028870015,0,0,0,0,0,F
1.84785342,0,2023-02-22T18:07:15Z,2.72322028870015,0,0,0,0,0,F
2.15443897,0,2023-02-22T18:07:15Z,2.72322028870015,0,0,0,0,0,F
2.51189137,0,2023-02-22T18:07:15Z,2.72322028870015,0,0,0,0,0,F
2.92865038,0,2023-02-22T18:07:15Z,2.72322028870015,0,0,0,0,0,F
3.41455555,0,2023-02-22T18:07:15Z,2.72322028870015,0,0,0,0,0,F
3.98107958,0,2023-02-22T18:07:15Z,2.72322028870015,0,0,0,0,0,F
4.64159775,0,2023-02-22T18:07:15Z,2.72322028870015,0,0,0,0,0,F
5.41170597,0,2023-02-22T18:07:15Z,2.72322028870015,0,0,0,0,0,F
6.30958605,0,2023-02-22T18:07:15Z,2.72322028870015,0,0,0,0,0,F
7.35643721,0,2023-02-22T18:07:15Z,2.72322028870015,0,0,0,0,0,F
8.57697582,0,2023-02-22T18:07:15Z,2.72322028870015,0,0,0,0,0,F
10.00002003,0,2023-02-22T18:07:15Z,2.72322028870015,0,0,0,0,0,F
11.65916729,0,2023-02-22T18:07:15Z,2.72322028870015,0,0,0,0,0,F
13.59359074,0,2023-02-22T18:07:15Z,2.72322028870015,0,0,0,0,0,F
15.84896278,0,2023-02-22T18:07:15Z,2.72322028870015,0,0,0,0,0,F
18.47853470,0,2023-02-22T18:07:15Z,2.72322028870015,0,0,0,0,0,F
21.54438972,0,2023-02-22T18:07:15Z,2.72322028870015,0,0,0,0,0,F
25.11891365,0,2023-02-22T18:07:15Z,2.72322028870015,0,0,0,0,0,F
29.28650284,0,2023-02-22T18:07:15Z,2.72322028870015,0,0,0,0,0,F
34.14555740,0,2023-02-22T18:07:15Z,2.72322028870015,0,0,0,0,0,F
39.81079483,0,2023-02-22T18:07:15Z,2.72322028870015,0,0,0,0,0,F
46.41598129,0,2023-02-22T18:07:15Z,2.72322028870015,0,0,0,0,0,F
54.11705780,0,2023-02-22T18:07:15Z,2.72322028870015,0,0,0,0,0,F
63.09585953,0,2023-02-22T18:07:15Z,2.72322028870015,0,0,0,0,0,F
73.56436920,0,2023-02-22T18:07:15Z,2.72322028870015,0,0,0,0,0,F
85.76976013,0,2023-02-22T18:07:15Z,2.72322028870015,0,0,0,0,0,F
100.00019836,0,2023-02-22T18:07:15Z,2.72322028870015,0,0,0,0,0,F
116.59166718,0,2023-02-22T18:07:15Z,2.72322028870015,0,0,0,0,0,F
135.93591309,0,2023-02-22T18:07:15Z,2.72322028870015,0,0,0,0,0,F
158.48962402,0,2023-02-22T18:07:15Z,2.72322028870015,0,0,0,0,0,F
184.78533936,0,2023-02-22T18:07:15Z,2.72322028870015,0,0,0,0,0,F
215.44389343,0,2023-02-22T18:07:15Z,2.72322028870015,0,0,0,0,0,F
251.18913269,0,2023-02-22T18:07:15Z,2.72322028870015,0,0,0,0,0,F
292.86502075,0,2023-02-22T18:07:15Z,2.72322028870015,0,0,0,0,0,F
341.45556641,0,2023-02-22T18:07:15Z,2.72322028870015,0,0,0,0,0,F
398.10794067,0,2023-02-22T18:07:15Z,2.72322028870015,0,0,0,0,0,F
464.15979004,0,2023-02-22T18:07:15Z,2.72322028870015,0,0,0,0,0,F
541.17059326,0,2023-02-22T18:07:15Z,2.72322028870015,0,0,0,0,0,F
630.95855713,0,2023-02-22T18:07:15Z,2.72322028870015,0,0,0,0,0,F
735.64367676,0,2023-02-22T18:07:15Z,2.72322028870015,0,0,0,0,0,F
857.69757080,0,2023-02-22T18:07:15Z,2.72322028870015,0,0,0,0,0,F
1000.00195313,0,2023-02-22T18:07:15Z,2.72322028870015,0,0,0,0,0,F
0.10000020,0,2023-02-22T18:07:16Z,1.3705149860019168,0,0,0,0,0,F
0.11659167,0,2023-02-22T18:07:16Z,1.3705149860019168,0,0,0,0,0,F
0.13593590,0,2023-02-22T18:07:16Z,1.3705149860019168,0,0,0,0,0,F
0.15848963,0,2023-02-22T18:07:16Z,1.3705149860019168,0,0,0,0,0,F
0.18478534,0,2023-02-22T18:07:16Z,1.3705149860019168,0,0,0,0,0,F
0.21544389,0,2023-02-22T18:07:16Z,1.3705149860019168,0,0,0,0,0,F
0.25118914,0,2023-02-22T18:07:16Z,1.3705149860019168,0,0,0,0,0,F
0.29286504,0,2023-02-22T18:07:16Z,1.3705149860019168,0,0,0,0,0,F
0.34145555,0,2023-02-22T18:07:16Z,1.3705149860019168,0,0,0,0,0,F
0.39810795,0,2023-02-22T18:07:16Z,1.3705149860019168,0,0,0,0,0,F
0.46415979,0,2023-02-22T18:07:16Z,1.3705149860019168,0,0,0,0,0,F
0.54117060,0,2023-02-22T18:07:16Z,1.3705149860019168,0,0,0,0,0,F
0.63095856,0,2023-02-22T18:07:16Z,1.3705149860019168,0,0,0,0,0,F
0.73564368,0,2023-02-22T18:07:16Z,1.3705149860019168,0,0,0,0,0,F
0.85769761,0,2023-02-22T18:07:16Z,1.3705149860019168,0,0,0,0,0,F
1.00000191,0,2023-02-22T18:07:16Z,1.3705149860019168,0,0,0,0,0,F
1.16591668,0,2023-02-22T18:07:16Z,1.3705149860019168,0,0,0,0,0,F
1.35935903,0,2023-02-22T18:07:16Z,1.3705149860019168,0,0,0,0,0,F
1.58489633,0,2023-02-22T18:07:16Z,1.3705149860019168,0,0,0,0,0,F
1.84785342,0,2023-02-22T18:07:16Z,1.3705149860019168,0,0,0,0,0,F
2.15443897,0,2023-02-22T18:07:16Z,1.3705149860019168,0,0,0,0,0,F
2.51189137,0,2023-02-22T18:07:16Z,1.3705149860019168,0,0,0,0,0,F
2.92865038,0,2023-02-22T18:07:16Z,1.3705149860019168,0,0,0,0,0,F
3.41455555,0,2023-02-22T18:07:16Z,1.3705149860019168,0,0,0,0,0,F
3.98107958,0,2023-02-22T18:07:16Z,1.3705149860019168,0,0,0,0,0,F
4.64159775,0,2023-02-22T18:07:16Z,1.3705149860019168,0,0,0,0,0,F
5.41170597,0,2023-02-22T18:07:16Z,1.3705149860019168,0,0,0,0,0,F
6.30958605,0,2023-02-22T18:07:16Z,1.3705149860019168,0,0,0,0,0,F
7.35643721,0,2023-02-22T18:07:16Z,1.3705149860019168,0,0,0,0,0,F
8.57697582,0,2023-02-22T18:07:16Z,1.3705149860019168,0,0,0,0,0,F
10.00002003,0,2023-02-22T18:07:16Z,1.3705149860019168,0,0,0,0,0,F
11.65916729,0,2023-02-22T18:07:16Z,1.3705149860019168,0,0,0,0,0,F
13.59359074,0,2023-02-22T18:07:16Z,1.3705149860019168,0,0,0,0,0,F
15.84896278,0,2023-02-22T18:07:16Z,1.3705149860019168,0,0,0,0,0,F
18.47853470,0,2023-02-22T18:07:16Z,1.3705149860019168,0,0,0,0,0,F
21.54438972,0,2023-02-22T18:07:16Z,1.3705149860019168,0,0,0,0,0,F
25.11891365,0,2023-02-22T18:07:16Z,1.3705149860019168,0,0,0,0,0,F
29.28650284,0,2023-02-22T18:07:16Z,1.3705149860019168,0,0,0,0,0,F
34.14555740,0,2023-02-22T18:07:16Z,1.3705149860019168,0,0,0,0,0,F
39.81079483,0,2023-02-22T18:07:16Z,1.3705149860019168,0,0,0,0,0,F
46.41598129,0,2023-02-22T18:07:16Z,1.3705149860019168,0,0,0,0,0,F
54.11705780,0,2023-02-22T18:07:16Z,1.3705149860019168,0,0,0,0,0,F
63.09585953,0,2023-02-22T18:07:16Z,1.3705149860019168,0,0,0,0,0,F
73.56436920,0,2023-02-22T18:07:16Z,1.3705149860019168,0,0,0,0,0,F
85.76976013,0,2023-02-22T18:07:16Z,1.3705149860019168,0,0,0,0,0,F
100.00019836,0,2023-02-22T18:07:16Z,1.3705149860019168,0,0,0,0,0,F
116.59166718,0,2023-02-22T18:07:16Z,1.3705149860019168,0,0,0,0,0,F
135.93591309,0,2023-02-22T18:07:16Z,1.3705149860019168,0,0,0,0,0,F
158.48962402,0,2023-02-22T18:07:16Z,1.3705149860019168,0,0,0,0,0,F
184.78533936,0,2023-02-22T18:07:16Z,1.3705149860019168,0,0,0,0,0,F
215.44389343,0,2023-02-22T18:07:16Z,1.3705149860019168,0,0,0,0,0,F
251.18913269,0,2023-02-22T18:07:16Z,1.3705149860019168,0,0,0,0,0,F
292.86502075,0,2023-02-22T18:07:16Z,1.3705149860019168,0,0,0,0,0,F
341.45556641,0,2023-02-22T18:07:16Z,1.3705149860019168,0,0,0,0,0,F
398.10794067,0,2023-02-22T18:07:16Z,1.3705149860019168,0,0,0,0,0,F
464.15979004,0,2023-02-22T18:07:16Z,1.3705149860019168,0,0,0,0,0,F
541.17059326,0,2023-02-22T18:07:16Z,1.3705149860019168,0,0,0,0,0,F
630.95855713,0,2023-02-22T18:07:16Z,1.3705149860019168,0,0,0,0,0,F
735.64367676,0,2023-02-22T18:07:16Z,1.3705149860019168,0,0,0,0,0,F
857.69757080,0,2023-02-22T18:07:16Z,1.3705149860019168,0,0,0,0,0,F
1000.00195313,0,2023-02-22T18:07:16Z,1.3705149860019168,0,0,0,0,0,F
0.10000020,0,2023-02-22T18:07:17Z,0.22519284015935556,0,0,0,0,0,F
0.11659167,0,2023-02-22T18:07:17Z,0.22519284015935556,0,0,0,0,0,F
0.13593590,0,2023-02-22T18:07:17Z,0.22519284015935556,0,0,0,0,0,F
0.15848963,0,2023-02-22T18:07:17Z,0.22519284015935556,0,0,0,0,0,F
0.18478534,0,2023-02-22T18:07:17Z,0.22519284015935556,0,0,0,0,0,F
0.21544389,0,2023-02-22T18:07:17Z,0.22519284015935556,0,0,0,0,0,F
0.25118914,0,2023-02-22T18:07:17Z,0.22519284015935556,0,0,0,0,0,F
0.29286504,0,2023-02-22T18:07:17Z,0.22519284015935556,0,0,0,0,0,F
0.34145555,0,2023-02-22T18:07:17Z,0.22519284015935556,0,0,0,0,0,F
0.39810795,0,2023-02-22T18:07:17Z,0.22519284015935556,0,0,0,0,0,F
0.46415979,0,2023-02-22T18:07:17Z,0.22519284015935556,0,0,0,0,0,F
0.54117060,0,2023-02-22T18:07:17Z,0.22519284015935556,0,0,0,0,0,F
0.63095856,0,2023-02-22T18:07:17Z,0.22519284015935556,0,0,0,0,0,F
0.73564368,0,2023-02-22T18:07:17Z,0.22519284015935556,0,0,0,0,0,F
0.85769761,0,2023-02-22T18:07:17Z,0.22519284015935556,0,0,0,0,0,F
1.00000191,0,2023-02-22T18:07:17Z,0.22519284015935556,0,0,0,0,0,F
1.16591668,0,2023-02-22T18:07:17Z,0.22519284015935556,0,0,0,0,0,F
1.35935903,0,2023-02-22T18:07:17Z,0.22519284015935556,0,0,0,0,0,F
1.58489633,0,2023-02-22T18:07:17Z,0.22519284015935556,0,0,0,0,0,F
1.84785342,0,2023-02-22T18:07:17Z,0.22519284015935556,0,0,0,0,0,F
2.15443897,0,2023-02-22T18:07:17Z,0.22519284015935556,0,0,0,0,0,F
2.51189137,0,2023-02-22T18:07:17Z,0.22519284015935556,0,0,0,0,0,F
2.92865038,0,2023-02-22T18:07:17Z,0.22519284015935556,0,0,0,0,0,F
3.41455555,0,2023-02-22T18:07:17Z,0.22519284015935556,0,0,0,0,0,F
3.98107958,0,2023-02-22T18:07:17Z,0.22519284015935556,0,0,0,0,0,F
4.64159775,0,2023-02-22T18:07:17Z,0.22519284015935556,0,0,0,0,0,F
5.41170597,0,2023-02-22T18:07:17Z,0.22519284015935556,0,0,0,0,0,F
6.30958605,0,2023-02-22T18:07:17Z,0.22519284015935556,0,0,0,0,0,F
7.35643721,0,2023-02-22T18:07:17Z,0.22519284015935556,0,0,0,0,0,F
8.57697582,0,2023-02-22T18:07:17Z,0.22519284015935556,0,0,0,0,0,F
10.00002003,0,2023-02-22T18:07:17Z,0.22519284015935556,0,0,0,0,0,F
11.65916729,0,2023-02-22T18:07:17Z,0.22519284015935556,0,0,0,0,0,F
13.59359074,0,2023-02-22T18:07:17Z,0.22519284015935556,0,0,0,0,0,F
15.84896278,0,2023-02-22T18:07:17Z,0.22519284015935556,0,0,0,0,0,F
18.47853470,0,2023-02-22T18:07:17Z,0.22519284015935556,0,0,0,0,0,F
21.54438972,0,2023-02-22T18:07:17Z,0.22519284015935556,0,0,0,0,0,F
25.11891365,0,2023-02-22T18:07:17Z,0.22519284015935556,0,0,0,0,0,F
29.28650284,0,2023-02-22T18:07:17Z,0.22519284015935556,0,0,0,0,0,F
34.14555740,0,2023-02-22T18:07:17Z,0.22519284015935556,0,0,0,0,0,F
39.81079483,0,2023-02-22T18:07:17Z,0.22519284015935556,0,0,0,0,0,F
46.41598129,0,2023-02-22T18:07:17Z,0.22519284015935556,0,0,0,0,0,F
54.11705780,0,2023-02-22T18:07:17Z,0.22519284015935556,0,0,0,0,0,F
63.09585953,0,2023-02-22T18:07:17Z,0.22519284015935556,0,0,0,0,0,F
73.56436920,0,2023-02-22T18:07:17Z,0.22519284015935556,0,0,0,0,0,F
85.76976013,0,2023-02-22T18:07:17Z,0.22519284015935556,0,0,0,0,0,F
100.00019836,0,2023-02-22T18:07:17Z,0.22519284015935556,0,0,0,0,0,F
116.59166718,0,2023-02-22T18:07:17Z,0.22519284015935556,0,0,0,0,0,F
135.93591309,0,2023-02-22T18:07:17Z,0.22519284015935556,0,0,0,0,0,F
158.48962402,0,2023-02-22T18:07:17Z,0.22519284015935556,0,0,0,0,0,F
184.78533936,0,2023-02-22T18:07:17Z,0.22519284015935556,0,0,0,0,0,F
215.44389343,0,2023-02-22T18:07:17Z,0.22519284015935556,0,0,0,0,0,F
251.18913269,0,2023-02-22T18:07:17Z,0.22519284015935556,0,0,0,0,0,F
292.86502075,0,2023-02-22T18:07:17Z,0.22519284015935556,0,0,0,0,0,F
341.45556641,0,2023-02-22T18:07:17Z,0.22519284015935556,0,0,0,0,0,F
398.10794067,0,2023-02-22T18:07:17Z,0.22519284015935556,0,0,0,0,0,F
464.15979004,0,2023-02-22T18:07:17Z,0.22519284015935556,0,0,0,0,0,F
541.17059326,0,2023-02-22T18:07:17Z,0.22519284015935556,0,0,0,0,0,F
630.95855713,0,2023-02-22T18:07:17Z,0.22519284015935556,0,0,0,0,0,F
735.64367676,0,2023-02-22T18:07:17Z,0.22519284015935556,0,0,0,0,0,F
857.69757080,0,2023-02-22T18:07:17Z,0.22519284015935556,0,0,0,0,0,F
1000.00195313,0,2023-02-22T18:07:17Z,0.22519284015935556,0,0,0,0,0,F
0.10000020,0,2023-02-22T18:07:18Z,0.48472824861869984,0,0,0,0,0,F
0.11659167,0,2023-02-22T18:07:18Z,0.48472824861869984,0,0,0,0,0,F
0.13593590,0,2023-02-22T18:07:18Z,0.48472824861869984,0,0,0,0,0,F
0.15848963,0,2023-02-22T18:07:18Z,0.48472824861869984,0,0,0,0,0,F
0.18478534,0,2023-02-22T18:07:18Z,0.48472824861869984,0,0,0,0,0,F
0.21544389,0,2023-02-22T18:07:18Z,0.48472824861869984,0,0,0,0,0,F
0.25118914,0,2023-02-22T18:07:18Z,0.48472824861869984,0,0,0,0,0,F
0.29286504,0,2023-02-22T18:07:18Z,0.48472824861869984,0,0,0,0,0,F
0.34145555,0,2023-02-22T18:07:18Z,0.48472824861869984,0,0,0,0,0,F
0.39810795,0,2023-02-22T18:07:18Z,0.48472824861869984,0,0,0,0,0,F
0.46415979,0,2023-02-22T18:07:18Z,0.48472824861869984,0,0,0,0,0,F
0.54117060,0,2023-02-22T18:07:18Z,0.48472824861869984,0,0,0,0,0,F
0.63095856,0,2023-02-22T18:07:18Z,0.48472824861869984,0,0,0,0,0,F
0.73564368,0,2023-02-22T18:07:18Z,0.48472824861869984,0,0,0,0,0,F
0.85769761,0,2023-02-22T18:07:18Z,0.48472824861869984,0,0,0,0,0,F
1.00000191,0,2023-02-22T18:07:18Z,0.48472824861869984,0,0,0,0,0,F
1.16591668,0,2023-02-22T18:07:18Z,0.48472824861869984,0,0,0,0,0,F
1.35935903,0,2023-02-22T18:07:18Z,0.48472824861869984,0,0,0,0,0,F
1.58489633,0,2023-02-22T18:07:18Z,0.48472824861869984,0,0,0,0,0,F
1.84785342,0,2023-02-22T18:07:18Z,0.48472824861869984,0,0,0,0,0,F
2.15443897,0,2023-02-22T18:07:18Z,0.48472824861869984,0,0,0,0,0,F
2.51189137,0,2023-02-22T18:07:18Z,0.48472824861869984,0,0,0,0,0,F
2.92865038,0,2023-02-22T18:07:18Z,0.48472824861869984,0,0,0,0,0,F
3.41455555,0,2023-02-22T18:07:18Z,0.48472824861869984,0,0,0,0,0,F
3.98107958,0,2023-02-22T18:07:18Z,0.48472824861869984,0,0,0,0,0,F
4.64159775,0,2023-02-22T18:07:18Z,0.48472824861869984,0,0,0,0,0,F
5.41170597,0,2023-02-22T18:07:18Z,0.48472824861869984,0,0,0,0,0,F
6.30958605,0,2023-02-22T18:07:18Z,0.48472824861869984,0,0,0,0,0,F
7.35643721,0,2023-02-22T18:07:18Z,0.48472824861869984,0,0,0,0,0,F
8.57697582,0,2023-02-22T18:07:18Z,0.48472824861869984,0,0,0,0,0,F
10.00002003,0,2023-02-22T18:07:18Z,0.48472824861869984,0,0,0,0,0,F
11.65916729,0,2023-02-22T18:07:18Z,0.48472824861869984,0,0,0,0,0,F
13.59359074,0,2023-02-22T18:07:18Z,0.48472824861869984,0,0,0,0,0,F
15.84896278,0,2023-02-22T18:07:18Z,0.48472824861869984,0,0,0,0,0,F
18.47853470,0,2023-02-22T18:07:18Z,0.48472824861869984,0,0,0,0,0,F
21.54438972,0,2023-02-22T18:07:18Z,0.48472824861869984,0,0,0,0,0,F
25.11891365,0,2023-02-22T18:07:18Z,0.48472824861869984,0,0,0,0,0,F
29.28650284,0,2023-02-22T18:07:18Z,0.48472824861869984,0,0,0,0,0,F
34.14555740,0,2023-02-22T18:07:18Z,0.48472824861869984,0,0,0,0,0,F
39.81079483,0,2023-02-22T18:07:18Z,0.48472824861869984,0,0,0,0,0,F
46.41598129,0,2023-02-22T18:07:18Z,0.48472824861869984,0,0,0,0,0,F
54.11705780,0,2023-02-22T18:07:18Z,0.48472824861869984,0,0,0,0,0,F
63.09585953,0,2023-02-22T18:07:18Z,0.48472824861869984,0,0,0,0,0,F
73.56436920,0,2023-02-22T18:07:18Z,0.48472824861869984,0,0,0,0,0,F
85.76976013,0,2023-02-22T18:07:18Z,0.48472824861869984,0,0,0,0,0,F
100.00019836,0,2023-02-22T18:07:18Z,0.48472824861869984,0,0,0,0,0,F
116.59166718,0,2023-02-22T18:07:18Z,0.48472824861869984,0,0,0,0,0,F
135.93591309,0,2023-02-22T18:07:18Z,0.48472824861869984,0,0,0,0,0,F
158.48962402,0,2023-02-22T18:07:18Z,0.48472824861869984,0,0,0,0,0,F
184.78533936,0,2023-02-22T18:07:18Z,0.48472824861869984,0,0,0,0,0,F
215.44389343,0,2023-02-22T18:07:18Z,0.48472824861869984,0,0,0,0,0,F
251.18913269,0,2023-02-22T18:07:18Z,0.48472824861869984,0,0,0,0,0,F
292.86502075,0,2023-02-22T18:07:18Z,0.48472824861869984,0,0,0,0,0,F
341.45556641,0,2023-02-22T18:07:18Z,0.48472824861869984,0,0,0,0,0,F
398.10794067,0,2023-02-22T18:07:18Z,0.48472824861869984,0,0,0,0,0,F
464.15979004,0,2023-02-22T18:07:18Z,0.48472824861869984,0,0,0,0,0,F
541.17059326,0,2023-02-22T18:07:18Z,0.48472824861869984,0,0,0,0,0,F
630.95855713,0,2023-02-22T18:07:18Z,0.48472824861869984,0,0,0,0,0,F
735.64367676,0,2023-02-22T18:07:18Z,0.48472824861869984,0,0,0,0,0,F
857.69757080,0,2023-02-22T18:07:18Z,0.48472824861869984,0,0,0,0,0,F
1000.00195313,0,2023-02-22T18:07:18Z,0.48472824861869984,0,0,0,0,0,F
